HEADER INFORMATION (all units in Statoil default) 
----------------------------------------------------------------
COMPANY: Statoil Norway
FIELD: SLEIPNER
WELL NAME: F-11
WELLBORE NAME: 15/9-F-11
Drilled From: Well Ref. Point
Kick Off Depth: 145.90m
Survey Name: 15/9-F-11 rev0
Survey Date: 01.07.2013
Extraction Date: 03.04.2018
----------------------------------------------------------------
Calculation Method: Minimum Curvature
Datum Name: MI(54.90m)
----------------------------------------------------------------
Surface EW: 435049.095m
Surface NS: 6478568.172m
Surface Latitude: 58° 26' 29.9566 N
Surface Longitude: 1° 53' 14.8667 E
Bottom Hole MD: 4550.76m
Bottom Hole TVD: 3394.00m
Bottom Hole EW: 436158.167m
Bottom Hole NS: 6479148.416m
----------------------------------------------------------------
Survey Program:  
H  146 - 650 15/9-F-11 REV0 : NOT_USEMWD GYRO, BAKER HUGHES(GYROTRAK)
H  650 - 1366 15/9-F-11 REV0 : MAGNETIC, IFR, MAG-CORR
H  1366 - 2572 15/9-F-11 REV0 : MAGNETIC, IFR, MAG-CORR
H  2572 - 4551 15/9-F-11 REV0 : MAGNETIC, IFR, NON-MAG
----------------------------------------------------------------
Water Depth: 91.00m
KB-WH: 145.90m
KB-MSL: 54.90m
System Datum: Mean Sea Level
----------------------------------------------------------------
Map-Zone: Zone 31N (0 E to 6 E)
North Reference: Grid
Geo Datum: European 1950 - Mean
Vertical Section Direction: 62.38deg
----------------------------------------------------------------
SURVEY LIST
MD        Inc       Azim      TVD       X-Offset (E/W)  Y-Offset (N/S)  UTM E/W         UTM N/S         DLS
m RKB     deg       deg       m RKB     m               m               m               m               deg/30m
145.90    0.00      0.00      145.90    -0.926          4.651           435049.095      6478568.172     0.00      
150.00    0.00      360.00    150.00    -0.926          4.651           435049.095      6478568.172     0.00      
180.00    0.00      360.00    180.00    -0.926          4.651           435049.095      6478568.172     0.00      
210.00    0.00      360.00    210.00    -0.926          4.651           435049.095      6478568.172     0.00      
240.00    0.00      360.00    240.00    -0.926          4.651           435049.095      6478568.172     0.00      
270.00    0.00      360.00    270.00    -0.926          4.651           435049.095      6478568.172     0.00      
300.00    0.00      360.00    300.00    -0.926          4.651           435049.095      6478568.172     0.00      
330.00    0.00      360.00    330.00    -0.926          4.651           435049.095      6478568.172     0.00      
360.00    0.00      360.00    360.00    -0.926          4.651           435049.095      6478568.172     0.00      
390.00    0.00      360.00    390.00    -0.926          4.651           435049.095      6478568.172     0.00      
420.00    0.00      360.00    420.00    -0.926          4.651           435049.095      6478568.172     0.00      
450.00    0.00      360.00    450.00    -0.926          4.651           435049.095      6478568.172     0.00      
480.00    0.00      360.00    480.00    -0.926          4.651           435049.095      6478568.172     0.00      
510.00    0.00      360.00    510.00    -0.926          4.651           435049.095      6478568.172     0.00      
540.00    0.00      360.00    540.00    -0.926          4.651           435049.095      6478568.172     0.00      
545.90    0.00      360.00    545.90    -0.926          4.651           435049.095      6478568.172     0.00      
570.00    0.80      290.00    570.00    -1.085          4.708           435048.936      6478568.230     1.00      
600.00    1.80      290.00    599.99    -1.726          4.942           435048.295      6478568.463     1.00      
630.00    2.80      290.00    629.97    -2.859          5.354           435047.163      6478568.875     1.00      
660.00    3.80      290.00    659.92    -4.484          5.945           435045.539      6478569.466     1.00      
690.00    4.80      290.00    689.83    -6.599          6.715           435043.424      6478570.236     1.00      
720.00    5.80      290.00    719.70    -9.204          7.664           435040.820      6478571.184     1.00      
745.91    6.67      290.00    745.46    -11.849         8.626           435038.176      6478572.146     1.00      
750.00    6.80      288.65    749.52    -12.301         8.785           435037.724      6478572.305     1.50      
780.00    7.84      280.18    779.28    -15.998         9.714           435034.029      6478573.234     1.50      
810.00    9.02      273.80    808.95    -20.359         10.232          435029.669      6478573.752     1.50      
840.00    10.28     268.93    838.53    -25.380         10.338          435024.649      6478573.858     1.50      
870.00    11.59     265.13    867.98    -31.060         10.032          435018.972      6478573.552     1.50      
896.74    12.80     262.40    894.12    -36.674         9.412           435013.359      6478572.932     1.50      
900.00    12.80     262.40    897.30    -37.389         9.317           435012.645      6478572.836     0.00      
930.00    12.80     262.40    926.55    -43.977         8.438           435006.059      6478571.958     0.00      
960.00    12.80     262.40    955.81    -50.565         7.559           434999.473      6478571.079     0.00      
990.00    12.80     262.40    985.06    -57.153         6.680           434992.887      6478570.200     0.00      
1020.00   12.80     262.40    1014.32   -63.741         5.801           434986.302      6478569.322     0.00      
1050.00   12.80     262.40    1043.57   -70.330         4.922           434979.716      6478568.443     0.00      
1077.10   12.80     262.40    1070.00   -76.281         4.127           434973.766      6478567.649     0.00      
1080.00   13.04     262.47    1072.82   -76.924         4.042           434973.124      6478567.564     2.50      
1110.00   15.54     263.09    1101.89   -84.269         3.115           434965.781      6478566.637     2.50      
1140.00   18.03     263.54    1130.61   -92.873         2.109           434957.181      6478565.632     2.50      
1170.00   20.53     263.89    1158.93   -102.719        1.026           434947.338      6478564.549     2.50      
1200.00   23.03     264.16    1186.78   -113.789        -0.131          434936.272      6478563.392     2.50      
1230.00   25.53     264.38    1214.13   -126.061        -1.362          434924.004      6478562.161     2.50      
1257.34   27.80     264.55    1238.56   -138.272        -2.545          434911.797      6478560.979     2.50      
1260.00   27.80     264.55    1240.91   -139.507        -2.663          434910.562      6478560.861     0.00      
1290.00   27.80     264.55    1267.45   -153.437        -3.992          434896.637      6478559.532     0.00      
1320.00   27.80     264.55    1293.99   -167.367        -5.322          434882.712      6478558.203     0.00      
1350.00   27.80     264.55    1320.52   -181.297        -6.651          434868.787      6478556.874     0.00      
1380.00   27.80     264.55    1347.06   -195.228        -7.980          434854.861      6478555.545     0.00      
1410.00   27.80     264.55    1373.60   -209.158        -9.310          434840.936      6478554.216     0.00      
1440.00   27.80     264.55    1400.13   -223.088        -10.639         434827.011      6478552.888     0.00      
1470.00   27.80     264.55    1426.67   -237.018        -11.969         434813.086      6478551.559     0.00      
1500.00   27.80     264.55    1453.21   -250.948        -13.298         434799.161      6478550.230     0.00      
1530.00   27.80     264.55    1479.74   -264.878        -14.627         434785.235      6478548.901     0.00      
1560.00   27.80     264.55    1506.28   -278.808        -15.957         434771.310      6478547.572     0.00      
1590.00   27.80     264.55    1532.81   -292.738        -17.286         434757.385      6478546.243     0.00      
1620.00   27.80     264.55    1559.35   -306.668        -18.616         434743.460      6478544.914     0.00      
1650.00   27.80     264.55    1585.89   -320.598        -19.945         434729.535      6478543.585     0.00      
1680.00   27.80     264.55    1612.42   -334.528        -21.274         434715.610      6478542.256     0.00      
1710.00   27.80     264.55    1638.96   -348.458        -22.604         434701.684      6478540.927     0.00      
1740.00   27.80     264.55    1665.50   -362.388        -23.933         434687.759      6478539.598     0.00      
1770.00   27.80     264.55    1692.03   -376.318        -25.262         434673.834      6478538.269     0.00      
1797.13   27.80     264.55    1716.03   -388.917        -26.465         434661.240      6478537.067     0.00      
1800.00   27.57     264.64    1718.57   -390.243        -26.590         434659.914      6478536.942     2.50      
1830.00   25.11     265.66    1745.46   -403.504        -27.721         434646.658      6478535.812     2.50      
1860.00   22.66     266.89    1772.89   -415.623        -28.516         434634.542      6478535.017     2.50      
1890.00   20.22     268.40    1800.81   -426.578        -28.974         434623.591      6478534.559     2.50      
1920.00   17.80     270.30    1829.17   -436.347        -29.095         434613.826      6478534.438     2.50      
1950.00   15.40     272.78    1857.92   -444.913        -28.877         434605.263      6478534.656     2.50      
1980.00   13.04     276.14    1887.00   -452.258        -28.322         434597.921      6478535.211     2.50      
2010.00   10.74     280.92    1916.35   -458.368        -27.431         434591.812      6478536.102     2.50      
2040.00   8.55      288.19    1945.93   -463.233        -26.204         434586.949      6478537.328     2.50      
2070.00   6.59      300.06    1975.67   -466.842        -24.645         434583.341      6478538.886     2.50      
2100.00   5.11      320.12    2005.51   -469.190        -22.757         434580.994      6478540.774     2.50      
2130.00   4.62      349.35    2035.41   -470.271        -20.543         434579.914      6478542.988     2.50      
2160.00   5.39      16.96     2065.30   -470.083        -18.007         434580.102      6478545.523     2.50      
2190.00   7.01      34.77     2095.12   -468.627        -15.154         434581.557      6478548.375     2.50      
2220.00   9.05      45.30     2124.83   -465.905        -11.989         434584.278      6478551.538     2.50      
2250.00   11.27     51.85     2154.36   -461.923        -8.519          434588.258      6478555.007     2.50      
2280.00   13.58     56.24     2183.65   -456.689        -4.751          434593.491      6478558.774     2.50      
2310.00   15.96     59.35     2212.66   -450.211        -0.690          434599.966      6478562.833     2.50      
2340.00   18.36     61.68     2241.33   -442.504        3.654           434607.671      6478567.175     2.50      
2370.00   20.79     63.47     2269.59   -433.580        8.274           434616.592      6478571.794     2.50      
2400.00   23.23     64.91     2297.40   -423.458        13.160          434626.711      6478576.679     2.50      
2430.00   25.68     66.09     2324.71   -412.156        18.305          434638.008      6478581.821     2.50      
2460.00   28.14     67.07     2351.46   -399.696        23.697          434650.464      6478587.211     2.50      
2490.00   30.61     67.91     2377.60   -386.102        29.326          434664.053      6478592.839     2.50      
2520.00   33.08     68.63     2403.08   -371.400        35.183          434678.751      6478598.693     2.50      
2550.00   35.55     69.26     2427.86   -355.617        41.254          434694.528      6478604.763     2.50      
2567.54   37.00     69.60     2442.00   -345.900        44.900          434704.241      6478608.407     2.50      
2577.54   37.00     69.60     2449.99   -340.259        46.998          434709.880      6478610.504     0.00      
2580.00   37.25     69.60     2451.95   -338.868        47.515          434711.271      6478611.022     3.00      
2610.00   40.25     69.60     2475.34   -321.272        54.059          434728.861      6478617.563     3.00      
2640.00   43.25     69.60     2497.72   -302.552        61.021          434747.574      6478624.523     3.00      
2670.00   46.25     69.60     2519.03   -282.760        68.382          434767.360      6478631.881     3.00      
2700.00   49.25     69.60     2539.20   -261.950        76.121          434788.163      6478639.617     3.00      
2730.00   52.25     69.60     2558.18   -240.179        84.217          434809.926      6478647.711     3.00      
2760.00   55.25     69.60     2575.92   -217.506        92.649          434832.590      6478656.140     3.00      
2790.00   58.25     69.60     2592.37   -193.995        101.393         434856.093      6478664.881     3.00      
2820.00   61.25     69.60     2607.48   -169.709        110.425         434880.371      6478673.909     3.00      
2850.00   64.25     69.60     2621.22   -144.715        119.720         434905.356      6478683.201     3.00      
2880.00   67.25     69.60     2633.54   -119.082        129.253         434930.981      6478692.731     3.00      
2910.00   70.25     69.60     2644.41   -92.879         138.998         434957.175      6478702.472     3.00      
2940.00   73.25     69.60     2653.81   -66.178         148.928         434983.866      6478712.399     3.00      
2970.00   76.25     69.60     2661.70   -39.054         159.015         435010.981      6478722.483     3.00      
3000.00   79.25     69.60     2668.07   -11.579         169.233         435038.446      6478732.697     3.00      
3009.41   80.19     69.60     2669.75   -2.900          172.461         435047.122      6478735.923     3.00      
3030.00   80.19     69.60     2673.26   16.115          179.532         435066.131      6478742.993     0.00      
3060.00   80.19     69.60     2678.37   43.823          189.837         435093.828      6478753.293     0.00      
3090.00   80.19     69.60     2683.48   71.530          200.141         435121.526      6478763.594     0.00      
3120.00   80.19     69.60     2688.59   99.237          210.445         435149.223      6478773.895     0.00      
3150.00   80.19     69.60     2693.71   126.944         220.749         435176.920      6478784.195     0.00      
3180.00   80.19     69.60     2698.82   154.651         231.053         435204.618      6478794.496     0.00      
3210.00   80.19     69.60     2703.93   182.358         241.357         435232.315      6478804.796     0.00      
3240.00   80.19     69.60     2709.05   210.065         251.661         435260.013      6478815.097     0.00      
3270.00   80.19     69.60     2714.16   237.772         261.966         435287.710      6478825.397     0.00      
3300.00   80.19     69.60     2719.27   265.479         272.270         435315.407      6478835.698     0.00      
3330.00   80.19     69.60     2724.39   293.186         282.574         435343.105      6478845.999     0.00      
3360.00   80.19     69.60     2729.50   320.893         292.878         435370.802      6478856.299     0.00      
3390.00   80.19     69.60     2734.61   348.600         303.182         435398.500      6478866.600     0.00      
3420.00   80.19     69.60     2739.72   376.307         313.486         435426.197      6478876.900     0.00      
3450.00   80.19     69.60     2744.84   404.014         323.791         435453.895      6478887.201     0.00      
3480.00   80.19     69.60     2749.95   431.721         334.095         435481.592      6478897.501     0.00      
3510.00   80.19     69.60     2755.06   459.428         344.399         435509.289      6478907.802     0.00      
3540.00   80.19     69.60     2760.18   487.136         354.703         435536.987      6478918.103     0.00      
3570.00   80.19     69.60     2765.29   514.843         365.007         435564.684      6478928.403     0.00      
3600.00   80.19     69.60     2770.40   542.550         375.311         435592.382      6478938.704     0.00      
3630.00   80.19     69.60     2775.52   570.257         385.616         435620.079      6478949.004     0.00      
3660.00   80.19     69.60     2780.63   597.964         395.920         435647.776      6478959.305     0.00      
3690.00   80.19     69.60     2785.74   625.671         406.224         435675.474      6478969.605     0.00      
3708.56   80.19     69.60     2788.91   642.813         412.599         435692.610      6478975.978     0.00      
3720.00   79.02     69.60     2790.97   653.359         416.521         435703.152      6478979.899     3.06      
3750.00   75.96     69.61     2797.47   680.807         426.725         435730.591      6478990.100     3.06      
3780.00   72.90     69.62     2805.52   707.893         436.791         435757.667      6479000.161     3.06      
3810.00   69.84     69.63     2815.10   734.538         446.688         435784.303      6479010.056     3.06      
3840.00   66.77     69.63     2826.19   760.667         456.390         435810.423      6479019.754     3.06      
3870.00   63.71     69.64     2838.75   786.204         465.869         435835.951      6479029.229     3.06      
3900.00   60.65     69.65     2852.75   811.077         475.097         435860.815      6479038.455     3.06      
3930.00   57.59     69.66     2868.15   835.215         484.049         435884.945      6479047.403     3.06      
3960.00   54.53     69.66     2884.90   858.549         492.699         435908.271      6479056.050     3.06      
3990.00   51.47     69.67     2902.95   881.012         501.023         435930.726      6479064.372     3.06      
4020.00   48.41     69.68     2922.26   902.539         508.997         435952.246      6479072.343     3.06      
4050.00   45.34     69.69     2942.76   923.071         516.599         435972.770      6479079.942     3.06      
4080.00   42.28     69.69     2964.41   942.546         523.808         435992.239      6479087.148     3.06      
4110.00   39.22     69.70     2987.13   960.911         530.602         436010.598      6479093.940     3.06      
4140.00   36.16     69.71     3010.87   978.113         536.963         436027.793      6479100.299     3.06      
4170.00   33.10     69.72     3035.55   994.101         542.874         436043.776      6479106.208     3.06      
4200.00   30.04     69.72     3061.11   1008.831        548.317         436058.501      6479111.649     3.06      
4230.00   26.98     69.73     3087.47   1022.261        553.277         436071.926      6479116.607     3.06      
4260.00   23.91     69.74     3114.55   1034.351        557.741         436084.012      6479121.070     3.06      
4290.00   20.85     69.75     3142.29   1045.068        561.696         436094.725      6479125.024     3.06      
4320.00   17.79     69.75     3170.60   1054.380        565.132         436104.033      6479128.458     3.06      
4350.00   14.73     69.76     3199.39   1062.261        568.038         436111.911      6479131.363     3.06      
4355.07   14.21     69.76     3204.30   1063.449        568.476         436113.100      6479131.801     3.06      
4380.00   14.21     69.76     3228.47   1069.193        570.594         436118.841      6479133.918     0.00      
4410.00   14.21     69.76     3257.55   1076.104        573.141         436125.750      6479136.465     0.00      
4440.00   14.21     69.76     3286.63   1083.015        575.689         436132.659      6479139.012     0.00      
4470.00   14.21     69.76     3315.71   1089.927        578.237         436139.568      6479141.559     0.00      
4500.00   14.21     69.76     3344.79   1096.838        580.785         436146.477      6479144.106     0.00      
4530.00   14.21     69.76     3373.88   1103.749        583.333         436153.386      6479146.653     0.00      
4550.76   14.21     69.76     3394.00   1108.532        585.097         436158.167      6479148.416     0.00      
