HEADER INFORMATION (all units in Statoil default) 
----------------------------------------------------------------
COMPANY: Statoil Norway
FIELD: SLEIPNER
WELL NAME: F-1
WELLBORE NAME: F-1
Drilled From: Well Ref. Point
Kick Off Depth: 210.70m
Survey Name: 15/9-F-1 North Upside Pilot DG2 revp1
Survey Date: 12.06.2013
Extraction Date: 03.04.2018
----------------------------------------------------------------
Calculation Method: Minimum Curvature
Datum Name: Rotary Table(54.90m)
----------------------------------------------------------------
Surface EW: 435046.488m
Surface NS: 6478566.687m
Surface Latitude: 58° 26' 29.9072 N
Surface Longitude: 1° 53' 14.7075 E
Bottom Hole MD: 3684.37m
Bottom Hole TVD: 3373.00m
Bottom Hole EW: 434913.846m
Bottom Hole NS: 6479477.633m
----------------------------------------------------------------
Survey Program:  
H  150 - 211 15/9 F1 36" MWD : MAGNETIC, OLD
H  238 - 359 15/9 F1 26" GYRO SCIENTIFIC MODULAR : NOT_USEMWD GYRO, BAKER HUGHES(GYROTRAK)
H  378 - 737 15/9 F-1 26" SDI KEEPER GYRO SINGLE SHOT : GYRO, OLD
H  757 - 1336 15/9 F-1 26" ONTRAK : MAGNETIC, IFR, MAG-CORR
H  1387 - 2587 15/9 F-1 17 1/2" AUTOTRAK G3 : MAGN, IFR, MAG-CORR, DUAL INCL
H  2653 - 211 15/9 F-1 8 1/2" AUTOTRAK G3 : MAGN, IFR, MAG-CORR, DUAL INCL
H  211 - 450 15/9-F-1 NORTH UPSIDE PILOT DG2 REVP1 : GYRO, OLD
H  450 - 650 15/9-F-1 NORTH UPSIDE PILOT DG2 REVP1 : NOT_USEMWD GYRO, BAKER HUGHES(GYROTRAK)
H  650 - 1355 15/9-F-1 NORTH UPSIDE PILOT DG2 REVP1 : MAGNETIC, IFR, MAG-CORR
H  1355 - 2585 15/9-F-1 NORTH UPSIDE PILOT DG2 REVP1 : MAGN, IFR, MAG-CORR, DUAL INCL
H  2585 - 3684 15/9-F-1 NORTH UPSIDE PILOT DG2 REVP1 : MAGN, IFR, MAG-CORR, DUAL INCL
----------------------------------------------------------------
Water Depth: 91.00m
KB-WH: 145.90m
KB-MSL: 54.90m
System Datum: Mean Sea Level
----------------------------------------------------------------
Map-Zone: Zone 31N (0 E to 6 E)
North Reference: Grid
Geo Datum: European 1950 - Mean
Vertical Section Direction: 351.72deg
----------------------------------------------------------------
SURVEY LIST
MD        Inc       Azim      TVD       X-Offset (E/W)  Y-Offset (N/S)  UTM E/W         UTM N/S         DLS
m RKB     deg       deg       m RKB     m               m               m               m               deg/30m
145.90    0.00      0.00      145.90    -3.534          3.165           435046.488      6478566.687     0.00      
150.15    0.00      0.00      150.15    -3.534          3.165           435046.488      6478566.687     0.00      
160.45    0.00      0.00      160.45    -3.534          3.165           435046.488      6478566.687     0.00      
170.04    0.00      0.00      170.04    -3.534          3.165           435046.488      6478566.687     0.00      
179.79    0.00      0.00      179.79    -3.534          3.165           435046.488      6478566.687     0.00      
189.74    0.00      0.00      189.74    -3.534          3.165           435046.488      6478566.687     0.00      
198.50    0.00      0.00      198.50    -3.534          3.165           435046.488      6478566.687     0.00      
210.70    0.00      360.00    210.70    -3.534          3.165           435046.488      6478566.687     0.00      
240.00    0.00      360.00    240.00    -3.534          3.165           435046.488      6478566.687     0.00      
250.00    0.00      360.00    250.00    -3.534          3.165           435046.488      6478566.687     0.00      
270.00    0.67      260.00    270.00    -3.649          3.145           435046.373      6478566.667     1.00      
283.00    1.10      260.00    283.00    -3.846          3.110           435046.176      6478566.632     1.00      
300.00    1.10      260.00    299.99    -4.167          3.053           435045.855      6478566.575     0.00      
330.00    1.10      260.00    329.99    -4.735          2.953           435045.288      6478566.475     0.00      
360.00    1.10      260.00    359.98    -5.302          2.853           435044.721      6478566.375     0.00      
390.00    1.10      260.00    389.98    -5.869          2.753           435044.154      6478566.275     0.00      
420.00    1.10      260.00    419.97    -6.436          2.653           435043.587      6478566.175     0.00      
450.00    1.10      260.00    449.97    -7.003          2.553           435043.020      6478566.075     0.00      
463.00    1.10      260.00    462.96    -7.249          2.510           435042.774      6478566.032     0.00      
480.00    1.73      283.74    479.96    -7.659          2.543           435042.364      6478566.065     1.50      
510.00    3.11      298.29    509.93    -8.817          3.036           435041.207      6478566.558     1.50      
540.00    4.57      303.76    539.86    -10.528         4.086           435039.497      6478567.608     1.50      
570.00    6.05      306.57    569.73    -12.790         5.692           435037.235      6478569.213     1.50      
600.00    7.53      308.28    599.52    -15.603         7.852           435034.423      6478571.372     1.50      
630.00    9.02      309.43    629.21    -18.964         10.565          435031.064      6478574.084     1.50      
649.61    10.00     310.00    648.55    -21.456         12.636          435028.572      6478576.155     1.50      
660.00    10.00     310.00    658.78    -22.838         13.796          435027.191      6478577.314     0.00      
690.00    10.00     310.00    688.33    -26.829         17.144          435023.201      6478580.661     0.00      
720.00    10.00     310.00    717.87    -30.819         20.493          435019.212      6478584.009     0.00      
750.00    10.00     310.00    747.42    -34.810         23.841          435015.223      6478587.356     0.00      
780.00    10.00     310.00    776.96    -38.801         27.190          435011.234      6478590.703     0.00      
810.00    10.00     310.00    806.50    -42.791         30.538          435007.244      6478594.051     0.00      
840.00    10.00     310.00    836.05    -46.782         33.887          435003.255      6478597.398     0.00      
870.00    10.00     310.00    865.59    -50.773         37.235          434999.266      6478600.746     0.00      
900.00    10.00     310.00    895.14    -54.763         40.584          434995.277      6478604.093     0.00      
930.00    10.00     310.00    924.68    -58.754         43.933          434991.287      6478607.440     0.00      
960.00    10.00     310.00    954.22    -62.745         47.281          434987.298      6478610.788     0.00      
990.00    10.00     310.00    983.77    -66.735         50.630          434983.309      6478614.135     0.00      
1020.00   10.00     310.00    1013.31   -70.726         53.978          434979.319      6478617.483     0.00      
1050.00   10.00     310.00    1042.86   -74.717         57.327          434975.330      6478620.830     0.00      
1080.00   10.00     310.00    1072.40   -78.707         60.675          434971.341      6478624.177     0.00      
1110.00   10.00     310.00    1101.95   -82.698         64.024          434967.352      6478627.525     0.00      
1140.00   10.00     310.00    1131.49   -86.689         67.373          434963.362      6478630.872     0.00      
1170.00   10.00     310.00    1161.03   -90.679         70.721          434959.373      6478634.220     0.00      
1200.00   10.00     310.00    1190.58   -94.670         74.070          434955.384      6478637.567     0.00      
1230.00   10.00     310.00    1220.12   -98.661         77.418          434951.395      6478640.914     0.00      
1260.00   10.00     310.00    1249.67   -102.651        80.767          434947.405      6478644.262     0.00      
1290.00   10.00     310.00    1279.21   -106.642        84.115          434943.416      6478647.609     0.00      
1320.00   10.00     310.00    1308.76   -110.633        87.464          434939.427      6478650.957     0.00      
1350.00   10.00     310.00    1338.30   -114.623        90.813          434935.437      6478654.304     0.00      
1358.04   10.00     310.00    1346.22   -115.693        91.710          434934.369      6478655.201     0.00      
1380.00   9.73      320.58    1367.85   -118.332        94.369          434931.730      6478657.859     2.50      
1410.00   9.90      335.25    1397.42   -121.021        98.670          434929.042      6478662.158     2.50      
1440.00   10.67     348.62    1426.94   -122.649        103.735         434927.415      6478667.221     2.50      
1470.00   11.91     359.72    1456.37   -123.212        109.554         434926.852      6478673.039     2.50      
1500.00   13.51     8.50      1485.63   -122.709        116.116         434927.355      6478679.599     2.50      
1530.00   15.34     15.34     1514.69   -121.141        123.410         434928.922      6478686.890     2.50      
1560.00   17.34     20.69     1543.48   -118.511        131.420         434931.551      6478694.897     2.50      
1590.00   19.45     24.95     1571.94   -114.824        140.132         434935.237      6478703.606     2.50      
1620.00   21.64     28.38     1600.03   -110.087        149.529         434939.972      6478713.000     2.50      
1650.00   23.89     31.21     1627.70   -104.309        159.593         434945.748      6478723.061     2.50      
1680.00   26.18     33.57     1654.88   -97.502         170.306         434952.553      6478733.769     2.50      
1710.00   28.51     35.57     1681.52   -89.677         181.646         434960.375      6478745.105     2.50      
1731.83   30.21     36.84     1700.54   -83.354         190.278         434966.696      6478753.735     2.50      
1740.00   30.21     36.84     1707.61   -80.887         193.570         434969.162      6478757.025     0.00      
1770.00   30.21     36.84     1733.53   -71.834         205.652         434978.212      6478769.103     0.00      
1800.00   30.21     36.84     1759.46   -62.781         217.734         434987.262      6478781.181     0.00      
1830.00   30.21     36.84     1785.38   -53.727         229.815         434996.312      6478793.258     0.00      
1860.00   30.21     36.84     1811.30   -44.674         241.897         435005.362      6478805.336     0.00      
1890.00   30.21     36.84     1837.23   -35.621         253.979         435014.412      6478817.414     0.00      
1920.00   30.21     36.84     1863.15   -26.568         266.061         435023.462      6478829.491     0.00      
1950.00   30.21     36.84     1889.08   -17.515         278.143         435032.512      6478841.569     0.00      
1980.00   30.21     36.84     1915.00   -8.462          290.225         435041.562      6478853.647     0.00      
2010.00   30.21     36.84     1940.93   0.592           302.306         435050.612      6478865.724     0.00      
2040.00   30.21     36.84     1966.85   9.645           314.388         435059.662      6478877.802     0.00      
2070.00   30.21     36.84     1992.77   18.698          326.470         435068.712      6478889.879     0.00      
2100.00   30.21     36.84     2018.70   27.751          338.552         435077.762      6478901.957     0.00      
2130.00   30.21     36.84     2044.62   36.804          350.634         435086.812      6478914.035     0.00      
2160.00   30.21     36.84     2070.55   45.858          362.716         435095.862      6478926.112     0.00      
2190.00   30.21     36.84     2096.47   54.911          374.797         435104.913      6478938.190     0.00      
2220.00   30.21     36.84     2122.40   63.964          386.879         435113.963      6478950.268     0.00      
2250.00   30.21     36.84     2148.32   73.017          398.961         435123.013      6478962.345     0.00      
2280.00   30.21     36.84     2174.24   82.070          411.043         435132.063      6478974.423     0.00      
2310.00   30.21     36.84     2200.17   91.123          423.125         435141.113      6478986.501     0.00      
2340.00   30.21     36.84     2226.09   100.177         435.207         435150.163      6478998.578     0.00      
2370.00   30.21     36.84     2252.02   109.230         447.289         435159.213      6479010.656     0.00      
2400.00   30.21     36.84     2277.94   118.283         459.370         435168.263      6479022.733     0.00      
2430.00   30.21     36.84     2303.87   127.336         471.452         435177.313      6479034.811     0.00      
2460.00   30.21     36.84     2329.79   136.389         483.534         435186.363      6479046.889     0.00      
2490.00   30.21     36.84     2355.71   145.443         495.616         435195.413      6479058.966     0.00      
2520.00   30.21     36.84     2381.64   154.496         507.698         435204.463      6479071.044     0.00      
2550.00   30.21     36.84     2407.56   163.549         519.780         435213.513      6479083.122     0.00      
2580.00   30.21     36.84     2433.49   172.602         531.861         435222.563      6479095.199     0.00      
2583.67   30.21     36.84     2436.66   173.709         533.339         435223.670      6479096.676     0.00      
2593.67   30.21     36.84     2445.30   176.727         537.366         435226.686      6479100.702     0.00      
2610.00   29.47     33.91     2459.47   181.433         543.990         435231.390      6479107.323     3.01      
2640.00   28.29     28.17     2485.74   188.909         556.386         435238.864      6479119.715     3.01      
2670.00   27.37     22.03     2512.27   194.854         569.050         435244.807      6479132.374     3.01      
2700.00   26.73     15.56     2539.00   199.252         581.946         435249.204      6479145.266     3.01      
2730.00   26.40     8.87      2565.83   202.091         595.038         435252.042      6479158.354     3.01      
2760.00   26.38     2.09      2592.71   203.364         608.292         435253.314      6479171.603     3.01      
2790.00   26.68     355.39    2619.56   203.065         621.670         435253.016      6479184.976     3.01      
2820.00   27.29     348.89    2646.30   201.198         635.135         435251.149      6479198.436     3.01      
2850.00   28.18     342.71    2672.86   197.766         648.650         435247.718      6479211.947     3.01      
2880.00   29.34     336.93    2699.16   192.778         662.177         435242.732      6479225.470     3.01      
2910.00   30.72     331.58    2725.14   186.250         675.681         435236.206      6479238.968     3.01      
2940.00   32.31     326.68    2750.72   178.198         689.122         435228.157      6479252.405     3.01      
2970.00   34.06     322.22    2775.83   168.646         702.465         435218.608      6479265.743     3.01      
3000.00   35.97     318.16    2800.40   157.619         715.672         435207.585      6479278.946     3.01      
3030.00   38.00     314.46    2824.37   145.147         728.707         435195.118      6479291.976     3.01      
3060.00   40.14     311.09    2847.66   131.266         741.533         435181.241      6479304.798     3.01      
3090.00   42.36     308.02    2870.22   116.013         754.116         435165.994      6479317.377     3.01      
3120.00   44.66     305.20    2891.98   99.431          766.421         435149.418      6479329.678     3.01      
3150.00   47.02     302.60    2912.87   81.566          778.414         435131.558      6479341.666     3.01      
3154.29   47.37     302.24    2915.79   78.908          780.102         435128.901      6479343.354     3.01      
3180.00   47.37     302.24    2933.20   62.911          790.194         435112.910      6479353.442     0.00      
3184.73   47.37     302.24    2936.40   59.970          792.049         435109.970      6479355.296     0.00      
3210.00   44.83     302.22    2953.93   44.567          801.761         435094.572      6479365.005     3.01      
3240.00   41.82     302.19    2975.75   27.150          812.730         435077.162      6479375.970     3.01      
3270.00   38.81     302.15    2998.62   10.721          823.063         435060.739      6479386.299     3.01      
3300.00   35.80     302.11    3022.48   -4.675          832.731         435045.347      6479395.964     3.01      
3330.00   32.79     302.06    3047.26   -18.997         841.708         435031.031      6479404.938     3.01      
3360.00   29.78     302.00    3072.89   -32.204         849.970         435017.829      6479413.197     3.01      
3390.00   26.77     301.93    3099.31   -44.260         857.493         435005.777      6479420.717     3.01      
3420.00   23.76     301.84    3126.44   -55.132         864.256         434994.909      6479427.478     3.01      
3447.54   21.00     301.74    3151.90   -64.043         869.780         434986.000      6479433.000     3.01      
3450.00   21.00     301.74    3154.20   -64.793         870.244         434985.250      6479433.464     0.00      
3480.00   21.00     301.74    3182.21   -73.937         875.900         434976.110      6479439.118     0.00      
3510.00   21.00     301.74    3210.21   -83.080         881.556         434966.970      6479444.771     0.00      
3540.00   21.00     301.74    3238.22   -92.223         887.211         434957.830      6479450.425     0.00      
3570.00   21.00     301.74    3266.23   -101.366        892.867         434948.690      6479456.079     0.00      
3597.54   21.00     301.74    3291.94   -109.759        898.059         434940.300      6479461.269     0.00      
3600.00   21.00     301.74    3294.24   -110.509        898.523         434939.550      6479461.733     0.00      
3630.00   21.00     301.74    3322.24   -119.652        904.179         434930.410      6479467.387     0.00      
3660.00   21.00     301.74    3350.25   -128.795        909.834         434921.270      6479473.040     0.00      
3684.37   21.00     301.74    3373.00   -136.222        914.428         434913.846      6479477.633     0.00      
