HEADER INFORMATION (all units in Statoil default) 
----------------------------------------------------------------
COMPANY: Statoil Norway
FIELD: SLEIPNER
WELL NAME: Relief well location 4
WELLBORE NAME: F-1 C
Drilled From: Well Ref. Point
Kick Off Depth: 145.90m
Survey Name: F-1 C Relief Well 9 5/8" csg. shoe revp1
Survey Date: 28.11.2013
Extraction Date: 26.03.2018
----------------------------------------------------------------
Calculation Method: Minimum Curvature
Datum Name: WELL(54.90m)
----------------------------------------------------------------
Surface EW: 435030.000m
Surface NS: 6477220.000m
Surface Latitude: 58° 25' 46.3658 N
Surface Longitude: 1° 53' 15.0647 E
Bottom Hole MD: 3521.52m
Bottom Hole TVD: 2880.50m
Bottom Hole EW: 434901.300m
Bottom Hole NS: 6478814.400m
----------------------------------------------------------------
Survey Program:  
H  146 - 3522 F-1 C RELIEF WELL 9 5/8" CSG. SHOE REVP1 : 
----------------------------------------------------------------
Water Depth: 91.00m
KB-WH: 145.90m
KB-MSL: 54.90m
System Datum: Mean Sea Level
----------------------------------------------------------------
Map-Zone: Zone 31N (0 E to 6 E)
North Reference: Grid
Geo Datum: European 1950 - Mean
Vertical Section Direction: 355.39deg
----------------------------------------------------------------
SURVEY LIST
MD        Inc       Azim      TVD       X-Offset (E/W)  Y-Offset (N/S)  UTM E/W         UTM N/S         DLS
m RKB     deg       deg       m RKB     m               m               m               m               deg/30m
145.90    0.00      0.00      145.90    -20.028         -1343.991       435030.000      6477220.000     0.00      
150.00    0.00      360.00    150.00    -20.028         -1343.991       435030.000      6477220.000     0.00      
180.00    0.00      360.00    180.00    -20.028         -1343.991       435030.000      6477220.000     0.00      
210.00    0.00      360.00    210.00    -20.028         -1343.991       435030.000      6477220.000     0.00      
240.00    0.00      360.00    240.00    -20.028         -1343.991       435030.000      6477220.000     0.00      
270.00    0.00      360.00    270.00    -20.028         -1343.991       435030.000      6477220.000     0.00      
300.00    0.00      360.00    300.00    -20.028         -1343.991       435030.000      6477220.000     0.00      
330.00    0.00      360.00    330.00    -20.028         -1343.991       435030.000      6477220.000     0.00      
360.00    0.00      360.00    360.00    -20.028         -1343.991       435030.000      6477220.000     0.00      
390.00    0.00      360.00    390.00    -20.028         -1343.991       435030.000      6477220.000     0.00      
420.00    0.00      360.00    420.00    -20.028         -1343.991       435030.000      6477220.000     0.00      
450.00    0.00      360.00    450.00    -20.028         -1343.991       435030.000      6477220.000     0.00      
480.00    0.00      360.00    480.00    -20.028         -1343.991       435030.000      6477220.000     0.00      
510.00    0.00      360.00    510.00    -20.028         -1343.991       435030.000      6477220.000     0.00      
540.00    0.00      360.00    540.00    -20.028         -1343.991       435030.000      6477220.000     0.00      
570.00    0.00      360.00    570.00    -20.028         -1343.991       435030.000      6477220.000     0.00      
600.00    0.00      360.00    600.00    -20.028         -1343.991       435030.000      6477220.000     0.00      
630.00    0.00      360.00    630.00    -20.028         -1343.991       435030.000      6477220.000     0.00      
645.90    0.00      360.00    645.90    -20.028         -1343.991       435030.000      6477220.000     0.00      
660.00    0.71      345.12    660.00    -20.050         -1343.907       435029.978      6477220.084     1.50      
690.00    2.21      345.12    689.99    -20.246         -1343.171       435029.782      6477220.820     1.50      
720.00    3.71      345.12    719.95    -20.643         -1341.676       435029.385      6477222.314     1.50      
750.00    5.21      345.12    749.86    -21.241         -1339.424       435028.787      6477224.565     1.50      
780.00    6.71      345.12    779.69    -22.041         -1336.416       435027.988      6477227.572     1.50      
810.00    8.21      345.12    809.44    -23.040         -1332.655       435026.989      6477231.333     1.50      
840.00    9.71      345.12    839.07    -24.239         -1328.142       435025.790      6477235.844     1.50      
870.00    11.21     345.12    868.57    -25.637         -1322.880       435024.393      6477241.103     1.50      
900.00    12.71     345.12    897.92    -27.233         -1316.875       435022.798      6477247.107     1.50      
930.00    14.21     345.12    927.10    -29.025         -1310.128       435021.006      6477253.851     1.50      
960.00    15.71     345.12    956.08    -31.013         -1302.646       435019.018      6477261.330     1.50      
990.00    17.21     345.12    984.85    -33.196         -1294.434       435016.837      6477269.540     1.50      
1020.00   18.71     345.12    1013.39   -35.570         -1285.496       435014.463      6477278.475     1.50      
1050.00   20.21     345.12    1041.68   -38.136         -1275.839       435011.898      6477288.128     1.50      
1080.00   21.71     345.12    1069.69   -40.891         -1265.471       435009.144      6477298.493     1.50      
1110.00   23.21     345.12    1097.42   -43.834         -1254.396       435006.202      6477309.564     1.50      
1140.00   24.71     345.12    1124.83   -46.962         -1242.625       435003.076      6477321.331     1.50      
1170.00   26.21     345.12    1151.92   -50.273         -1230.163       434999.766      6477333.788     1.50      
1200.00   27.71     345.12    1178.66   -53.765         -1217.021       434996.275      6477346.926     1.50      
1230.00   29.21     345.12    1205.03   -57.435         -1203.207       434992.606      6477360.735     1.50      
1260.00   30.71     345.12    1231.03   -61.282         -1188.730       434988.761      6477375.207     1.50      
1290.00   32.21     345.12    1256.62   -65.302         -1173.600       434984.742      6477390.331     1.50      
1320.00   33.71     345.12    1281.79   -69.492         -1157.829       434980.553      6477406.098     1.50      
1350.00   35.21     345.12    1306.52   -73.851         -1141.426       434976.196      6477422.495     1.50      
1380.00   36.71     345.12    1330.81   -78.374         -1124.402       434971.674      6477439.512     1.50      
1410.00   38.21     345.12    1354.62   -83.059         -1106.770       434966.991      6477457.138     1.50      
1440.00   39.71     345.12    1377.95   -87.902         -1088.542       434962.149      6477475.360     1.50      
1470.00   41.21     345.12    1400.78   -92.901         -1069.730       434957.153      6477494.166     1.50      
1500.00   42.71     345.12    1423.09   -98.051         -1050.347       434952.004      6477513.542     1.50      
1530.00   44.21     345.12    1444.86   -103.349        -1030.406       434946.708      6477533.476     1.50      
1554.19   45.41     345.12    1462.02   -107.727        -1013.931       434942.332      6477549.945     1.50      
1560.00   45.41     345.12    1466.10   -108.790        -1009.930       434941.269      6477553.944     0.00      
1590.00   45.41     345.12    1487.16   -114.276        -989.281        434935.784      6477574.587     0.00      
1620.00   45.41     345.12    1508.22   -119.763        -968.631        434930.300      6477595.229     0.00      
1650.00   45.41     345.12    1529.28   -125.250        -947.982        434924.815      6477615.872     0.00      
1680.00   45.41     345.12    1550.34   -130.737        -927.332        434919.330      6477636.514     0.00      
1710.00   45.41     345.12    1571.40   -136.223        -906.682        434913.845      6477657.156     0.00      
1740.00   45.41     345.12    1592.46   -141.710        -886.033        434908.360      6477677.799     0.00      
1770.00   45.41     345.12    1613.52   -147.197        -865.383        434902.876      6477698.441     0.00      
1800.00   45.41     345.12    1634.58   -152.683        -844.734        434897.391      6477719.084     0.00      
1830.00   45.41     345.12    1655.64   -158.170        -824.084        434891.906      6477739.726     0.00      
1860.00   45.41     345.12    1676.70   -163.657        -803.435        434886.421      6477760.368     0.00      
1890.00   45.41     345.12    1697.76   -169.143        -782.785        434880.936      6477781.011     0.00      
1920.00   45.41     345.12    1718.81   -174.630        -762.135        434875.452      6477801.653     0.00      
1950.00   45.41     345.12    1739.87   -180.117        -741.486        434869.967      6477822.295     0.00      
1980.00   45.41     345.12    1760.93   -185.604        -720.836        434864.482      6477842.938     0.00      
2010.00   45.41     345.12    1781.99   -191.090        -700.187        434858.997      6477863.580     0.00      
2040.00   45.41     345.12    1803.05   -196.577        -679.537        434853.512      6477884.223     0.00      
2070.00   45.41     345.12    1824.11   -202.064        -658.887        434848.028      6477904.865     0.00      
2100.00   45.41     345.12    1845.17   -207.550        -638.238        434842.543      6477925.507     0.00      
2130.00   45.41     345.12    1866.23   -213.037        -617.588        434837.058      6477946.150     0.00      
2160.00   45.41     345.12    1887.29   -218.524        -596.939        434831.573      6477966.792     0.00      
2190.00   45.41     345.12    1908.35   -224.011        -576.289        434826.088      6477987.435     0.00      
2220.00   45.41     345.12    1929.41   -229.497        -555.640        434820.604      6478008.077     0.00      
2250.00   45.41     345.12    1950.47   -234.984        -534.990        434815.119      6478028.719     0.00      
2280.00   45.41     345.12    1971.53   -240.471        -514.340        434809.634      6478049.362     0.00      
2310.00   45.41     345.12    1992.58   -245.957        -493.691        434804.149      6478070.004     0.00      
2340.00   45.41     345.12    2013.64   -251.444        -473.041        434798.664      6478090.647     0.00      
2370.00   45.41     345.12    2034.70   -256.931        -452.392        434793.180      6478111.289     0.00      
2400.00   45.41     345.12    2055.76   -262.418        -431.742        434787.695      6478131.931     0.00      
2430.00   45.41     345.12    2076.82   -267.904        -411.092        434782.210      6478152.574     0.00      
2460.00   45.41     345.12    2097.88   -273.391        -390.443        434776.725      6478173.216     0.00      
2490.00   45.41     345.12    2118.94   -278.878        -369.793        434771.240      6478193.859     0.00      
2520.00   45.41     345.12    2140.00   -284.364        -349.144        434765.756      6478214.501     0.00      
2550.00   45.41     345.12    2161.06   -289.851        -328.494        434760.271      6478235.143     0.00      
2580.00   45.41     345.12    2182.12   -295.338        -307.844        434754.786      6478255.786     0.00      
2610.00   45.41     345.12    2203.18   -300.825        -287.195        434749.301      6478276.428     0.00      
2640.00   45.41     345.12    2224.24   -306.311        -266.545        434743.816      6478297.071     0.00      
2670.00   45.41     345.12    2245.29   -311.798        -245.896        434738.332      6478317.713     0.00      
2700.00   45.41     345.12    2266.35   -317.285        -225.246        434732.847      6478338.355     0.00      
2730.00   45.41     345.12    2287.41   -322.771        -204.597        434727.362      6478358.998     0.00      
2749.70   45.41     345.12    2301.24   -326.374        -191.039        434723.761      6478372.551     0.00      
2760.00   44.86     346.05    2308.51   -328.192        -183.966        434721.943      6478379.621     2.50      
2790.00   43.31     348.86    2330.06   -332.731        -163.598        434717.406      6478399.982     2.50      
2820.00   41.83     351.84    2352.15   -336.138        -143.597        434714.000      6478419.976     2.50      
2850.00   40.43     354.99    2374.75   -338.407        -124.001        434711.732      6478439.565     2.50      
2880.00   39.12     358.32    2397.81   -339.534        -104.849        434710.605      6478458.711     2.50      
2910.00   37.91     1.83      2421.29   -339.517        -86.175         434710.622      6478477.378     2.50      
2940.00   36.81     5.53      2445.14   -338.355        -68.017         434711.783      6478495.530     2.50      
2970.00   35.83     9.42      2469.31   -336.052        -50.407         434714.086      6478513.133     2.50      
3000.00   34.98     13.48     2493.77   -332.610        -33.381         434717.527      6478530.154     2.50      
3030.00   34.27     17.70     2518.46   -328.037        -16.969         434722.098      6478546.559     2.50      
3060.00   33.71     22.06     2543.34   -322.342        -1.205          434727.791      6478562.319     2.50      
3090.00   33.31     26.53     2568.36   -315.536        13.884          434734.595      6478577.402     2.50      
3120.00   33.07     31.08     2593.46   -307.630        28.267          434742.498      6478591.780     2.50      
3145.69   33.00     35.00     2615.00   -300.000        40.000          434750.125      6478603.509     2.50      
3150.00   33.00     35.00     2618.62   -298.652        41.925          434751.473      6478605.433     0.00      
3155.69   33.00     35.00     2623.39   -296.876        44.461          434753.248      6478607.969     0.00      
3180.00   33.55     38.83     2643.72   -288.865        55.120          434761.257      6478618.624     2.68      
3205.53   34.24     42.72     2664.91   -279.569        65.892          434770.550      6478629.392     2.68      
3210.00   34.24     42.72     2668.61   -277.861        67.740          434772.257      6478631.240     0.00      
3218.29   34.24     42.72     2675.46   -274.697        71.166          434775.419      6478634.664     0.00      
3240.00   36.03     41.34     2693.21   -266.334        80.448          434783.780      6478643.943     2.70      
3270.00   38.52     39.62     2717.09   -254.548        94.270          434795.562      6478657.760     2.70      
3300.00   41.03     38.07     2740.14   -242.518        109.220         434807.588      6478672.705     2.70      
3330.00   43.56     36.67     2762.33   -230.270        125.265         434819.832      6478688.745     2.70      
3360.00   46.11     35.40     2783.61   -217.831        142.370         434832.266      6478705.843     2.70      
3390.00   48.67     34.23     2803.92   -205.230        160.496         434844.862      6478723.963     2.70      
3420.00   51.24     33.16     2823.22   -192.494        179.604         434857.594      6478743.064     2.70      
3450.00   53.82     32.15     2841.47   -179.652        199.650         434870.432      6478763.104     2.70      
3480.00   56.41     31.21     2858.62   -166.731        220.591         434883.348      6478784.037     2.70      
3510.00   59.00     30.33     2874.65   -153.762        242.380         434896.313      6478805.818     2.70      
3521.52   60.00     30.00     2880.50   -148.773        250.964         434901.300      6478814.400     2.70      
