HEADER INFORMATION (all units in Statoil default) 
----------------------------------------------------------------
COMPANY: Statoil Norway
FIELD: SLEIPNER
WELL NAME: F-14
WELLBORE NAME: F-14
Drilled From: Well Ref. Point
Kick Off Depth: 2788.00m
Survey Name: F14 Rev6 from 958CP 270508 CC
Survey Date: 05.08.2008
Extraction Date: 03.04.2018
----------------------------------------------------------------
Calculation Method: Minimum Curvature
Datum Name: Inspirer Rotary Table(54.90m)
----------------------------------------------------------------
Surface EW: 435052.438m
Surface NS: 6478562.310m
Surface Latitude: 58° 26' 29.7689 N
Surface Longitude: 1° 53' 15.0788 E
Bottom Hole MD: 3779.18m
Bottom Hole TVD: 3176.31m
Bottom Hole EW: 436046.757m
Bottom Hole NS: 6478870.859m
----------------------------------------------------------------
Survey Program:  
H  155 - 2656 F-14 12 1/4" DROP GYRO : WELLBORE SURVEYOR, STAT
H  2674 - 2788 F-14 12 1/4" MWD SURVEY AFTER DROP GYRO : MAGNETIC, STD, NON-MAG
H  2788 - 3779 F14 REV6 FROM 958CP 270508 CC : MAGNETIC, STD, NON-MAG
----------------------------------------------------------------
Water Depth: 91.00m
KB-WH: 145.90m
KB-MSL: 54.90m
System Datum: Mean Sea Level
----------------------------------------------------------------
Map-Zone: Zone 31N (0 E to 6 E)
North Reference: Grid
Geo Datum: European 1950 - Mean
Vertical Section Direction: 61.23deg
----------------------------------------------------------------
SURVEY LIST
MD        Inc       Azim      TVD       X-Offset (E/W)  Y-Offset (N/S)  UTM E/W         UTM N/S         DLS
m RKB     deg       deg       m RKB     m               m               m               m               deg/30m
145.90    0.00      0.00      145.90    2.418           -1.213          435052.438      6478562.310     0.00      
155.09    0.18      5.42      155.09    2.419           -1.199          435052.439      6478562.324     0.59      
195.44    0.33      37.78     195.44    2.496           -1.044          435052.517      6478562.479     0.15      
235.80    0.61      58.22     235.80    2.750           -0.839          435052.770      6478562.684     0.24      
276.20    1.55      62.50     276.19    3.418           -0.474          435053.438      6478563.050     0.70      
316.60    1.55      67.03     316.58    4.406           -0.008          435054.425      6478563.515     0.09      
356.90    1.90      71.62     356.86    5.541           0.415           435055.560      6478563.938     0.28      
397.30    3.61      88.22     397.21    7.448           0.666           435057.467      6478564.189     1.39      
437.70    4.31      83.62     437.51    10.228          0.874           435060.246      6478564.397     0.57      
478.00    4.00      69.33     477.71    13.049          1.539           435063.065      6478565.061     0.80      
518.40    3.37      50.31     518.03    15.281          2.794           435065.296      6478566.317     1.01      
558.70    2.15      26.90     558.28    16.534          4.225           435066.549      6478567.747     1.22      
599.10    0.79      14.51     598.67    16.947          5.171           435066.962      6478568.692     1.03      
639.50    0.26      72.65     639.06    17.104          5.468           435067.119      6478568.989     0.51      
679.80    0.26      75.13     679.36    17.280          5.518           435067.295      6478569.039     0.01      
720.20    0.27      77.66     719.76    17.462          5.562           435067.476      6478569.083     0.01      
760.50    0.29      85.64     760.06    17.656          5.590           435067.671      6478569.111     0.03      
800.90    0.35      107.43    800.46    17.876          5.561           435067.890      6478569.082     0.10      
841.30    0.47      160.22    840.86    18.049          5.368           435068.064      6478568.889     0.28      
881.70    0.48      160.60    881.26    18.162          5.053           435068.176      6478568.574     0.01      
922.00    0.35      168.30    921.56    18.243          4.773           435068.257      6478568.294     0.11      
962.40    0.26      163.24    961.96    18.294          4.564           435068.309      6478568.086     0.07      
1002.80   0.22      163.51    1002.36   18.343          4.402           435068.357      6478567.924     0.03      
1043.20   0.23      170.57    1042.76   18.378          4.248           435068.392      6478567.769     0.02      
1083.50   0.26      215.79    1083.06   18.338          4.094           435068.352      6478567.615     0.14      
1123.90   0.26      211.34    1123.46   18.236          3.941           435068.251      6478567.463     0.01      
1164.20   0.20      193.67    1163.76   18.172          3.795           435068.187      6478567.316     0.07      
1204.60   0.19      177.78    1204.16   18.158          3.659           435068.173      6478567.181     0.04      
1245.00   0.19      174.09    1244.56   18.168          3.526           435068.182      6478567.048     0.01      
1285.40   0.19      173.14    1284.96   18.183          3.393           435068.197      6478566.914     0.00      
1325.80   0.19      171.51    1325.36   18.200          3.260           435068.215      6478566.782     0.00      
1366.10   0.18      125.54    1365.66   18.262          3.157           435068.276      6478566.679     0.11      
1406.50   0.18      123.89    1406.06   18.366          3.085           435068.381      6478566.607     0.00      
1446.80   0.18      125.43    1446.36   18.470          3.013           435068.485      6478566.535     0.00      
1487.20   0.18      125.43    1486.75   18.574          2.939           435068.588      6478566.461     0.00      
1527.50   0.18      127.74    1527.05   18.675          2.864           435068.690      6478566.386     0.01      
1567.90   0.18      129.47    1567.45   18.775          2.785           435068.789      6478566.307     0.00      
1608.20   0.18      129.69    1607.75   18.872          2.704           435068.886      6478566.226     0.00      
1648.60   0.19      223.96    1648.15   18.874          2.615           435068.889      6478566.137     0.20      
1689.00   0.19      223.56    1688.55   18.782          2.518           435068.796      6478566.040     0.00      
1729.30   0.19      225.71    1728.85   18.688          2.423           435068.702      6478565.945     0.01      
1769.70   0.19      224.86    1769.25   18.593          2.329           435068.607      6478565.851     0.00      
1810.00   0.19      226.63    1809.55   18.497          2.236           435068.511      6478565.758     0.00      
1850.40   0.19      227.97    1849.95   18.399          2.145           435068.413      6478565.667     0.00      
1890.80   0.19      260.83    1890.35   18.283          2.089           435068.297      6478565.612     0.08      
1931.10   0.19      261.93    1930.65   18.151          2.069           435068.165      6478565.592     0.00      
1971.50   0.19      263.57    1971.05   18.018          2.052           435068.032      6478565.575     0.00      
2011.80   0.19      258.37    2011.35   17.886          2.031           435067.900      6478565.554     0.01      
2052.50   0.19      238.20    2052.05   17.762          1.982           435067.777      6478565.505     0.05      
2092.50   0.16      275.09    2092.05   17.650          1.952           435067.665      6478565.475     0.09      
2132.90   1.74      12.52     2132.45   17.727          2.556           435067.742      6478566.078     1.31      
2173.20   3.98      16.68     2172.69   18.261          4.493           435068.276      6478568.015     1.67      
2213.60   7.98      18.75     2212.86   19.566          8.494           435069.580      6478572.014     2.97      
2253.90   8.15      20.38     2252.77   21.460          13.820          435071.473      6478577.338     0.21      
2294.30   8.34      21.84     2292.75   23.547          19.224          435073.560      6478582.741     0.21      
2334.60   10.09     24.04     2332.53   26.072          25.162          435076.084      6478588.676     1.33      
2375.00   12.41     27.18     2372.15   29.498          32.256          435079.508      6478595.768     1.78      
2415.30   14.84     28.10     2411.31   33.907          40.662          435083.916      6478604.171     1.82      
2455.80   17.20     31.13     2450.24   39.447          50.365          435089.454      6478613.870     1.85      
2496.10   19.35     41.69     2488.51   46.971          60.455          435096.975      6478623.957     2.93      
2536.50   23.77     49.56     2526.08   57.626          70.742          435107.627      6478634.240     3.92      
2576.90   28.22     56.01     2562.40   71.753          81.370          435121.749      6478644.865     3.91      
2617.30   32.30     55.37     2597.28   88.561          92.849          435138.551      6478656.340     3.04      
2655.90   35.58     54.59     2629.30   106.204         105.220         435156.188      6478668.706     2.57      
2673.90   37.39     54.82     2643.77   114.940         111.403         435164.921      6478674.887     3.03      
2706.97   39.85     55.29     2669.61   131.859         123.223         435181.834      6478686.703     2.25      
2747.16   40.19     55.74     2700.39   153.162         137.855         435203.129      6478701.330     0.33      
2788.00   40.19     55.74     2731.59   174.944         152.692         435224.904      6478716.162     0.00      
2790.00   40.19     55.74     2733.11   176.011         153.418         435225.970      6478716.888     0.00      
2798.00   40.19     55.74     2739.23   180.278         156.325         435230.236      6478719.793     0.00      
2820.00   43.12     55.74     2755.66   192.362         164.556         435242.316      6478728.021     4.00      
2850.00   47.12     55.74     2776.82   209.929         176.521         435259.877      6478739.983     4.00      
2880.00   51.12     55.74     2796.45   228.673         189.288         435278.614      6478752.746     4.00      
2910.00   55.13     55.74     2814.45   248.504         202.796         435298.438      6478766.248     4.00      
2940.00   59.13     55.74     2830.73   269.324         216.977         435319.251      6478780.424     4.00      
2965.15   62.48     55.74     2843.00   287.466         229.334         435337.387      6478792.777     4.00      
2970.00   62.76     56.33     2845.23   291.038         231.740         435340.958      6478795.183     3.68      
3000.00   64.53     59.93     2858.55   313.865         245.924         435363.777      6478809.362     3.68      
3030.00   66.39     63.42     2871.01   337.885         258.865         435387.788      6478822.298     3.68      
3060.00   68.33     66.81     2882.56   362.999         270.509         435412.893      6478833.938     3.68      
3090.00   70.33     70.11     2893.15   389.103         280.809         435438.989      6478844.234     3.68      
3120.00   72.39     73.32     2902.74   416.091         289.721         435465.966      6478853.143     3.68      
3150.00   74.51     76.47     2911.29   443.849         297.209         435493.716      6478860.629     3.68      
3180.00   76.66     79.54     2918.76   472.266         303.243         435522.122      6478866.661     3.68      
3210.00   78.85     82.57     2925.12   501.222         307.797         435551.068      6478871.213     3.68      
3240.00   81.08     85.55     2930.35   530.599         310.853         435580.435      6478874.268     3.68      
3253.70   82.10     86.89     2932.35   544.124         311.747         435593.956      6478875.161     3.68      
3270.00   82.10     86.89     2934.59   560.243         312.622         435610.069      6478876.036     0.00      
3276.28   82.10     86.89     2935.46   566.454         312.959         435616.278      6478876.373     0.00      
3300.00   79.19     86.92     2939.31   589.822         314.222         435639.638      6478877.635     3.68      
3326.01   76.00     86.95     2944.90   615.190         315.580         435664.997      6478878.993     3.68      
3330.00   75.60     86.95     2945.88   619.048         315.786         435668.853      6478879.199     3.00      
3360.00   72.60     86.96     2954.09   647.857         317.318         435697.652      6478880.731     3.00      
3384.97   70.10     86.96     2962.08   671.477         318.573         435721.264      6478881.985     3.01      
3390.00   70.10     86.96     2963.79   676.202         318.823         435725.988      6478882.235     0.00      
3420.00   70.10     86.96     2974.01   704.371         320.317         435754.146      6478883.729     0.00      
3423.12   70.10     86.96     2975.07   707.304         320.473         435757.079      6478883.884     0.00      
3450.00   67.45     87.49     2984.80   732.325         321.686         435782.091      6478885.097     3.00      
3475.06   65.00     88.00     2994.90   755.242         322.589         435805.000      6478886.000     2.99      
3480.00   64.49     88.21     2997.01   759.705         322.737         435809.462      6478886.148     3.30      
3510.00   61.41     89.55     3010.65   786.414         323.264         435836.161      6478886.674     3.30      
3540.00   58.34     90.96     3025.70   812.358         323.154         435862.095      6478886.565     3.30      
3570.00   55.29     92.47     3042.13   837.449         322.409         435887.178      6478885.820     3.30      
3600.00   52.25     94.09     3059.86   861.604         321.031         435911.325      6478884.442     3.30      
3630.09   49.23     95.86     3078.89   884.811         319.017         435934.523      6478882.429     3.30      
3660.00   49.23     95.86     3098.42   907.347         316.702         435957.052      6478880.115     0.00      
3673.86   49.23     95.86     3107.48   917.790         315.630         435967.491      6478879.043     0.00      
3674.11   49.21     95.88     3107.64   917.980         315.610         435967.681      6478879.023     3.29      
3685.71   49.22     95.88     3115.22   926.716         314.711         435976.414      6478878.124     0.02      
3690.36   49.22     95.88     3118.25   930.215         314.350         435979.912      6478877.764     0.00      
3708.18   49.18     95.90     3129.90   943.638         312.966         435993.330      6478876.380     0.07      
3720.00   49.18     95.90     3137.62   952.533         312.047         436002.222      6478875.461     0.00      
3750.00   49.18     95.90     3157.23   975.115         309.713         436024.797      6478873.128     0.00      
3779.18   49.18     95.90     3176.31   997.084         307.443         436046.757      6478870.859     0.00      
