HEADER INFORMATION (all units in Statoil default) 
----------------------------------------------------------------
COMPANY: Statoil Norway
FIELD: SLEIPNER
WELL NAME: F-10
WELLBORE NAME: F-10 A
Drilled From: NO 15/9-F-10
Kick Off Depth: 1388.90m
Survey Name: F-10 A rev#5 STGAL091115
Survey Date: 23.09.2015
Extraction Date: 11.04.2018
----------------------------------------------------------------
Calculation Method: Minimum Curvature
Datum Name: Rotary Table(54.90m)
----------------------------------------------------------------
Surface EW: 435052.248m
Surface NS: 6478559.613m
Surface Latitude: 58° 26' 29.6816 N
Surface Longitude: 1° 53' 15.0698 E
Bottom Hole MD: 3960.54m
Bottom Hole TVD: 3069.00m
Bottom Hole EW: 435473.999m
Bottom Hole NS: 6479444.000m
----------------------------------------------------------------
Survey Program:  
H  150 - 1389 8 1/2" KEEPER GYRO : KEEPER, CONT
H  1389 - 3001 F-10 A REV#5 STGAL091115 : MAGN, IFR, MAG-CORR, RED QC, MSA DUAL IN
H  3001 - 3961 F-10 A REV#5 STGAL091115 : MAGN, IFR, MAG-CORR, RED QC, MSA DUAL IN
----------------------------------------------------------------
Water Depth: 91.00m
KB-WH: 145.90m
KB-MSL: 54.90m
System Datum: Mean Sea Level
----------------------------------------------------------------
Map-Zone: Zone 31N (0 E to 6 E)
North Reference: Grid
Geo Datum: European 1950 - Mean
Vertical Section Direction: 25.50deg
----------------------------------------------------------------
SURVEY LIST
MD        Inc       Azim      TVD       X-Offset (E/W)  Y-Offset (N/S)  UTM E/W         UTM N/S         DLS
m RKB     deg       deg       m RKB     m               m               m               m               deg/30m
145.90    0.00      0.00      145.90    2.228           -3.911          435052.248      6478559.613     0.00      
150.00    0.02      28.15     150.00    2.229           -3.911          435052.249      6478559.614     0.15      
160.00    0.05      27.73     160.00    2.232           -3.905          435052.252      6478559.619     0.09      
170.00    0.04      30.13     170.00    2.235           -3.898          435052.255      6478559.626     0.03      
180.00    0.03      35.69     180.00    2.239           -3.893          435052.259      6478559.631     0.03      
190.00    0.04      31.77     190.00    2.242           -3.888          435052.262      6478559.636     0.03      
200.00    0.04      37.25     200.00    2.246           -3.882          435052.266      6478559.642     0.01      
210.00    0.06      67.69     210.00    2.253           -3.878          435052.273      6478559.647     0.10      
220.00    0.14      85.78     220.00    2.270           -3.875          435052.290      6478559.650     0.26      
230.00    0.20      111.58    230.00    2.298           -3.880          435052.318      6478559.644     0.29      
240.00    0.27      125.12    240.00    2.334           -3.900          435052.354      6478559.624     0.27      
250.00    0.28      127.84    250.00    2.372           -3.929          435052.392      6478559.596     0.05      
260.00    0.28      131.59    260.00    2.410           -3.960          435052.430      6478559.564     0.05      
270.00    0.30      129.68    270.00    2.448           -3.993          435052.468      6478559.531     0.07      
280.00    0.31      129.81    280.00    2.489           -4.027          435052.509      6478559.497     0.03      
290.00    0.34      129.07    290.00    2.533           -4.063          435052.553      6478559.461     0.09      
300.00    0.41      128.66    300.00    2.584           -4.104          435052.604      6478559.420     0.21      
310.00    0.55      123.69    310.00    2.652           -4.153          435052.672      6478559.371     0.44      
320.00    0.84      119.22    320.00    2.756           -4.215          435052.776      6478559.309     0.88      
330.00    1.20      117.73    330.00    2.913           -4.300          435052.932      6478559.225     1.08      
340.00    1.54      116.39    339.99    3.126           -4.408          435053.145      6478559.116     1.02      
350.00    2.10      114.55    349.99    3.413           -4.544          435053.432      6478558.980     1.69      
360.00    2.64      117.59    359.98    3.783           -4.727          435053.803      6478558.798     1.66      
370.00    2.89      119.53    369.97    4.207           -4.958          435054.226      6478558.567     0.80      
380.00    3.46      117.59    379.95    4.694           -5.222          435054.713      6478558.303     1.74      
390.00    4.06      115.82    389.93    5.280           -5.516          435055.299      6478558.009     1.83      
400.00    4.32      115.51    399.90    5.938           -5.832          435055.957      6478557.693     0.78      
410.00    4.53      115.75    409.87    6.634           -6.166          435056.653      6478557.359     0.63      
420.00    4.78      116.07    419.84    7.364           -6.521          435057.382      6478557.004     0.75      
430.00    4.98      115.78    429.81    8.129           -6.893          435058.147      6478556.633     0.60      
440.00    5.08      115.36    439.77    8.920           -7.271          435058.938      6478556.254     0.32      
450.00    5.39      115.50    449.73    9.744           -7.663          435059.761      6478555.863     0.93      
460.00    5.79      115.11    459.68    10.625          -8.079          435060.642      6478555.447     1.21      
470.00    6.04      114.60    469.62    11.560          -8.512          435061.577      6478555.014     0.77      
480.00    6.31      114.83    479.57    12.537          -8.962          435062.553      6478554.564     0.81      
490.00    6.62      114.05    489.50    13.562          -9.428          435063.578      6478554.099     0.97      
500.00    6.99      113.89    499.43    14.645          -9.909          435064.660      6478553.617     1.11      
510.00    7.14      114.00    509.36    15.769          -10.408         435065.784      6478553.118     0.45      
520.00    7.38      113.71    519.28    16.925          -10.919         435066.940      6478552.608     0.73      
530.00    7.79      114.26    529.19    18.130          -11.456         435068.145      6478552.071     1.25      
540.00    8.40      114.62    539.09    19.412          -12.039         435069.426      6478551.489     1.84      
550.00    8.86      114.55    548.98    20.777          -12.663         435070.791      6478550.864     1.38      
560.00    9.30      114.83    558.85    22.211          -13.322         435072.224      6478550.205     1.33      
570.00    9.71      115.07    568.71    23.708          -14.019         435073.720      6478549.509     1.24      
580.00    10.10     115.21    578.56    25.265          -14.750         435075.277      6478548.778     1.17      
590.00    10.68     115.04    588.40    26.898          -15.515         435076.909      6478548.013     1.74      
600.00    11.23     115.09    598.22    28.619          -16.320         435078.630      6478547.208     1.65      
610.00    11.89     115.65    608.01    30.430          -17.179         435080.440      6478546.350     2.01      
620.00    12.15     115.66    617.80    32.307          -18.081         435082.317      6478545.448     0.78      
630.00    12.39     115.86    627.57    34.221          -19.005         435084.230      6478544.525     0.73      
640.00    12.77     116.66    637.33    36.174          -19.968         435086.182      6478543.562     1.25      
650.00    13.11     117.53    647.07    38.168          -20.989         435088.175      6478542.542     1.18      
660.00    13.29     118.11    656.81    40.187          -22.054         435090.194      6478541.476     0.67      
670.00    13.46     118.65    666.54    42.222          -23.154         435092.228      6478540.377     0.63      
680.00    13.71     119.67    676.26    44.273          -24.298         435094.279      6478539.233     1.04      
690.00    13.91     121.43    685.97    46.329          -25.512         435096.333      6478538.020     1.40      
700.00    14.02     122.28    695.67    48.378          -26.786         435098.382      6478536.747     0.70      
710.00    14.19     123.08    705.37    50.429          -28.101         435100.433      6478535.431     0.78      
720.00    14.44     124.37    715.06    52.486          -29.474         435102.488      6478534.059     1.22      
730.00    14.75     125.72    724.74    54.548          -30.921         435104.550      6478532.612     1.38      
740.00    14.97     126.52    734.40    56.620          -32.433         435106.621      6478531.101     0.90      
750.00    15.31     127.07    744.06    58.711          -33.998         435108.712      6478529.537     1.11      
760.00    15.80     128.00    753.69    60.837          -35.632         435110.837      6478527.904     1.65      
770.00    16.34     128.60    763.30    63.009          -37.347         435113.008      6478526.189     1.69      
780.00    16.87     128.67    772.88    65.242          -39.132         435115.240      6478524.405     1.59      
790.00    17.50     128.79    782.44    67.547          -40.980         435117.544      6478522.557     1.89      
800.00    18.40     128.93    791.95    69.946          -42.914         435119.943      6478520.624     2.70      
810.00    19.13     128.69    801.42    72.453          -44.930         435122.449      6478518.609     2.20      
820.00    19.61     128.36    810.85    75.048          -46.996         435125.043      6478516.544     1.48      
830.00    20.09     128.11    820.26    77.715          -49.097         435127.709      6478514.443     1.46      
840.00    20.61     127.67    829.63    80.460          -51.233         435130.452      6478512.308     1.63      
850.00    21.04     126.88    838.98    83.289          -53.386         435133.280      6478510.156     1.54      
860.00    21.40     126.14    848.30    86.198          -55.539         435136.189      6478508.004     1.35      
870.00    21.66     125.36    857.60    89.176          -57.683         435139.166      6478505.860     1.16      
880.00    21.71     124.64    866.90    92.203          -59.802         435142.192      6478503.742     0.81      
890.00    21.70     124.31    876.19    95.252          -61.895         435145.239      6478501.649     0.37      
900.00    21.25     124.06    885.49    98.280          -63.953         435148.267      6478499.593     1.38      
910.00    20.45     123.59    894.84    101.237         -65.934         435151.222      6478497.612     2.45      
920.00    19.76     123.32    904.23    104.104         -67.829         435154.089      6478495.718     2.09      
930.00    19.35     123.24    913.65    106.903         -69.666         435156.886      6478493.882     1.23      
940.00    19.05     123.04    923.10    109.656         -71.464         435159.639      6478492.084     0.92      
950.00    18.82     122.42    932.56    112.386         -73.218         435162.368      6478490.330     0.92      
960.00    18.76     121.53    942.02    115.118         -74.924         435165.099      6478488.625     0.88      
970.00    18.76     120.39    951.49    117.876         -76.578         435167.856      6478486.971     1.10      
980.00    18.83     119.53    960.96    120.667         -78.187         435170.646      6478485.363     0.86      
990.00    18.87     118.52    970.42    123.492         -79.755         435173.470      6478483.796     0.99      
1000.00   18.94     117.69    979.88    126.350         -81.281         435176.327      6478482.270     0.83      
1010.00   18.99     117.08    989.34    129.236         -82.776         435179.212      6478480.776     0.61      
1020.00   19.11     116.31    998.79    132.152         -84.242         435182.127      6478479.310     0.84      
1030.00   19.38     115.18    1008.23   135.121         -85.673         435185.095      6478477.879     1.38      
1040.00   19.81     113.76    1017.65   138.173         -87.062         435188.146      6478476.491     1.92      
1050.00   20.19     113.30    1027.05   141.309         -88.427         435191.281      6478475.126     1.23      
1060.00   20.45     113.25    1036.43   144.499         -89.800         435194.470      6478473.755     0.78      
1070.00   20.56     113.30    1045.79   147.717         -91.184         435197.686      6478472.371     0.33      
1080.00   20.72     113.64    1055.15   150.950         -92.588         435200.918      6478470.968     0.60      
1090.00   20.96     114.82    1064.50   154.194         -94.048         435204.161      6478469.508     1.45      
1100.00   21.31     116.57    1073.83   157.443         -95.611         435207.409      6478467.945     2.16      
1110.00   21.80     119.11    1083.13   160.690         -97.327         435210.655      6478466.229     3.16      
1120.00   22.42     121.45    1092.39   163.939         -99.226         435213.903      6478464.332     3.23      
1130.00   22.93     122.76    1101.62   167.204         -101.275        435217.167      6478462.283     2.15      
1140.00   23.46     123.56    1110.81   170.501         -103.429        435220.463      6478460.130     1.85      
1150.00   24.23     123.79    1119.96   173.866         -105.671        435223.826      6478457.889     2.33      
1160.00   25.03     123.68    1129.05   177.331         -107.985        435227.290      6478455.575     2.40      
1170.00   25.65     123.27    1138.08   180.901         -110.346        435230.859      6478453.215     1.93      
1180.00   26.32     122.53    1147.07   184.580         -112.725        435234.537      6478450.837     2.23      
1190.00   26.84     121.79    1156.02   188.368         -115.107        435238.323      6478448.456     1.85      
1200.00   27.31     120.99    1164.92   192.254         -117.477        435242.208      6478446.087     1.78      
1210.00   27.87     120.37    1173.78   196.237         -119.840        435246.189      6478443.724     1.89      
1220.00   28.39     119.92    1182.60   200.314         -122.208        435250.265      6478441.358     1.68      
1230.00   29.01     119.62    1191.37   204.482         -124.592        435254.432      6478438.974     1.91      
1240.00   29.71     119.54    1200.09   208.746         -127.012        435258.695      6478436.555     2.10      
1250.00   30.28     119.50    1208.75   213.097         -129.476        435263.043      6478434.093     1.71      
1260.00   30.70     119.42    1217.37   217.514         -131.971        435267.460      6478431.598     1.27      
1270.00   30.84     119.31    1225.96   221.973         -134.480        435271.917      6478429.090     0.45      
1280.00   30.61     119.28    1234.56   226.429         -136.980        435276.371      6478426.591     0.69      
1290.00   30.14     119.39    1243.18   230.837         -139.457        435280.777      6478424.115     1.42      
1300.00   29.48     119.45    1251.86   235.167         -141.899        435285.106      6478421.674     1.98      
1310.00   29.02     119.52    1260.58   239.421         -144.304        435289.358      6478419.270     1.38      
1320.00   28.79     119.74    1269.34   243.622         -146.693        435293.558      6478416.881     0.76      
1330.00   28.51     119.93    1278.11   247.781         -149.079        435297.716      6478414.496     0.88      
1340.00   27.89     120.05    1286.93   251.874         -151.441        435301.807      6478412.135     1.87      
1350.00   27.26     120.01    1295.79   255.882         -153.757        435305.813      6478409.819     1.89      
1360.00   27.20     119.88    1304.68   259.846         -156.041        435309.777      6478407.536     0.25      
1370.00   27.23     119.87    1313.58   263.812         -158.319        435313.741      6478405.259     0.09      
1380.00   27.38     119.62    1322.46   267.795         -160.595        435317.723      6478402.984     0.57      
1388.90   27.61     119.42    1330.36   271.371         -162.620        435321.297      6478400.960     0.84      
1398.90   27.61     119.42    1339.22   275.408         -164.896        435325.333      6478398.685     0.00      
1410.00   26.96     117.97    1349.08   279.871         -167.340        435329.795      6478396.242     2.50      
1418.90   26.46     116.77    1357.03   283.423         -169.179        435333.346      6478394.403     2.50      
1440.00   25.05     116.78    1376.04   291.608         -173.309        435341.527      6478390.274     2.00      
1470.00   23.05     116.81    1403.43   302.521         -178.821        435352.436      6478384.764     2.00      
1500.00   21.05     116.84    1431.24   312.571         -183.903        435362.483      6478379.684     2.00      
1530.00   19.05     116.87    1459.42   321.747         -188.549        435371.656      6478375.040     2.00      
1560.00   17.05     116.92    1487.94   330.037         -192.754        435379.943      6478370.837     2.00      
1590.00   15.05     116.97    1516.77   337.431         -196.512        435387.334      6478367.080     2.00      
1620.00   13.05     117.04    1545.87   343.920         -199.818        435393.821      6478363.774     2.00      
1650.00   11.05     117.14    1575.20   349.496         -202.670        435399.395      6478360.924     2.00      
1680.00   9.05      117.27    1604.74   354.153         -205.063        435404.050      6478358.532     2.00      
1710.00   7.05      117.48    1634.45   357.884         -206.994        435407.780      6478356.601     2.00      
1740.00   5.05      117.86    1664.28   360.685         -208.461        435410.581      6478355.135     2.00      
1770.00   3.05      118.74    1694.20   362.553         -209.463        435412.448      6478354.133     2.00      
1800.00   1.06      122.92    1724.18   363.486         -209.997        435413.380      6478353.599     2.00      
1830.00   0.96      289.47    1754.18   363.482         -210.064        435413.376      6478353.532     2.00      
1860.00   2.95      294.25    1784.16   362.541         -209.663        435412.436      6478353.933     2.00      
1890.00   4.95      295.17    1814.09   360.665         -208.795        435410.560      6478354.801     2.00      
1920.00   6.95      295.57    1843.92   357.856         -207.461        435407.752      6478356.135     2.00      
1950.00   8.95      295.79    1873.63   354.116         -205.662        435404.014      6478357.933     2.00      
1980.00   10.95     295.92    1903.18   349.452         -203.401        435399.351      6478360.193     2.00      
2010.00   12.95     296.02    1932.53   343.868         -200.680        435393.769      6478362.913     2.00      
2040.00   14.95     296.09    1961.64   337.371         -197.503        435387.274      6478366.089     2.00      
2070.00   16.95     296.15    1990.49   329.969         -193.873        435379.875      6478369.717     2.00      
2100.00   18.95     296.19    2019.02   321.672         -189.796        435371.581      6478373.793     2.00      
2130.00   20.95     296.23    2047.22   312.489         -185.276        435362.401      6478378.312     2.00      
2143.20   21.83     296.24    2059.52   308.170         -183.147        435358.083      6478380.440     2.00      
2160.00   21.83     296.24    2075.11   302.567         -180.386        435352.482      6478383.200     0.00      
2190.00   21.83     296.24    2102.96   292.561         -175.453        435342.480      6478388.131     0.00      
2220.00   21.83     296.24    2130.81   282.554         -170.521        435332.477      6478393.061     0.00      
2250.00   21.83     296.24    2158.65   272.548         -165.589        435322.474      6478397.992     0.00      
2280.00   21.83     296.24    2186.50   262.542         -160.657        435312.471      6478402.922     0.00      
2310.00   21.83     296.24    2214.35   252.536         -155.725        435302.469      6478407.853     0.00      
2340.00   21.83     296.24    2242.20   242.529         -150.793        435292.466      6478412.783     0.00      
2370.00   21.83     296.24    2270.05   232.523         -145.860        435282.463      6478417.713     0.00      
2400.00   21.83     296.24    2297.90   222.517         -140.928        435272.460      6478422.644     0.00      
2430.00   21.83     296.24    2325.75   212.511         -135.996        435262.458      6478427.574     0.00      
2460.00   21.83     296.24    2353.60   202.505         -131.064        435252.455      6478432.505     0.00      
2490.00   21.83     296.24    2381.44   192.498         -126.132        435242.452      6478437.435     0.00      
2520.00   21.83     296.24    2409.29   182.492         -121.199        435232.449      6478442.366     0.00      
2550.00   21.83     296.24    2437.14   172.486         -116.267        435222.447      6478447.296     0.00      
2556.60   21.83     296.24    2443.27   170.285         -115.183        435220.247      6478448.380     0.00      
2580.00   21.43     301.42    2465.02   162.733         -111.030        435212.697      6478452.532     2.50      
2610.00   21.16     308.27    2492.98   153.803         -104.818        435203.770      6478458.742     2.50      
2640.00   21.17     315.19    2520.96   145.732         -97.619         435195.703      6478465.938     2.50      
2670.00   21.46     322.03    2548.91   138.537         -89.448         435188.510      6478474.106     2.50      
2700.00   22.02     328.61    2576.78   132.230         -80.319         435182.205      6478483.232     2.50      
2730.00   22.83     334.82    2604.52   126.823         -70.251         435176.800      6478493.297     2.50      
2760.00   23.86     340.57    2632.06   122.328         -59.261         435172.306      6478504.283     2.50      
2790.00   25.09     345.83    2659.37   118.752         -47.371         435168.732      6478516.168     2.50      
2820.00   26.48     350.60    2686.39   116.102         -34.605         435166.083      6478528.930     2.50      
2850.00   28.02     354.91    2713.06   114.384         -20.985         435164.365      6478542.545     2.50      
2880.00   29.68     358.78    2739.34   113.600         -6.538          435163.582      6478556.987     2.50      
2910.00   31.44     2.27      2765.17   113.753         8.708           435163.734      6478572.228     2.50      
2940.00   33.29     5.42      2790.51   114.841         24.725          435164.822      6478588.240     2.50      
2970.00   35.21     8.27      2815.31   116.863         41.482          435166.843      6478604.991     2.50      
3000.00   37.19     10.86     2839.52   119.814         58.948          435169.794      6478622.450     2.50      
3030.00   39.22     13.21     2863.09   123.690         77.088          435173.668      6478640.584     2.50      
3060.00   41.29     15.37     2885.99   128.483         95.868          435178.460      6478659.358     2.50      
3084.29   43.00     17.00     2904.00   133.030         111.520         435183.005      6478675.004     2.50      
3090.00   43.57     16.99     2908.16   134.174         115.263         435184.148      6478678.746     3.00      
3120.00   46.57     16.99     2929.34   140.379         135.573         435190.351      6478699.049     3.00      
3150.00   49.57     16.98     2949.38   146.897         156.916         435196.867      6478720.385     3.00      
3180.00   52.57     16.97     2968.23   153.709         179.235         435203.677      6478742.695     3.00      
3210.00   55.57     16.96     2985.83   160.798         202.467         435210.763      6478765.920     3.00      
3240.00   58.57     16.96     3002.14   168.143         226.549         435218.105      6478789.993     3.00      
3270.00   61.57     16.95     3017.11   175.724         251.416         435225.684      6478814.851     3.00      
3300.00   64.57     16.95     3030.69   183.521         276.998         435233.478      6478840.424     3.00      
3330.00   67.57     16.94     3042.86   191.512         303.226         435241.467      6478866.643     3.00      
3360.00   70.57     16.94     3053.57   199.676         330.027         435249.627      6478893.435     3.00      
3386.44   73.21     16.93     3061.79   206.996         354.065         435256.945      6478917.465     3.00      
3390.00   73.21     16.93     3062.82   207.989         357.326         435257.937      6478920.725     0.00      
3402.69   73.21     16.93     3066.48   211.528         368.950         435261.475      6478932.345     0.00      
3420.00   74.85     17.52     3071.24   216.457         384.844         435266.402      6478948.233     3.00      
3450.00   77.69     18.52     3078.36   225.472         412.554         435275.414      6478975.933     3.00      
3480.00   80.53     19.49     3084.03   235.065         440.405         435285.004      6479003.774     3.00      
3510.00   83.38     20.45     3088.23   245.209         468.320         435295.145      6479031.680     3.00      
3540.00   86.23     21.40     3090.94   255.878         496.223         435305.810      6479059.573     3.00      
3570.00   89.08     22.34     3092.17   267.041         524.038         435316.969      6479087.378     3.00      
3600.00   91.93     23.28     3091.91   278.669         551.688         435328.592      6479115.019     3.00      
3618.56   93.69     23.86     3091.00   286.079         568.675         435336.000      6479132.000     3.00      
3630.00   93.69     23.86     3090.26   290.698         579.119         435340.618      6479142.441     0.00      
3660.00   93.69     23.86     3088.33   302.808         606.499         435352.724      6479169.810     0.00      
3690.00   93.69     23.86     3086.40   314.918         633.878         435364.830      6479197.180     0.00      
3720.00   93.69     23.86     3084.47   327.028         661.257         435376.935      6479224.550     0.00      
3750.00   93.69     23.86     3082.55   339.138         688.636         435389.041      6479251.920     0.00      
3780.00   93.69     23.86     3080.62   351.248         716.016         435401.147      6479279.289     0.00      
3810.00   93.69     23.86     3078.69   363.358         743.395         435413.253      6479306.659     0.00      
3840.00   93.69     23.86     3076.76   375.468         770.774         435425.358      6479334.029     0.00      
3870.00   93.69     23.86     3074.83   387.578         798.154         435437.464      6479361.399     0.00      
3900.00   93.69     23.86     3072.90   399.688         825.533         435449.570      6479388.768     0.00      
3930.00   93.69     23.86     3070.97   411.798         852.912         435461.676      6479416.138     0.00      
3960.54   93.69     23.86     3069.00   424.126         880.784         435473.999      6479444.000     0.00      
