HEADER INFORMATION (all units in Statoil default) 
----------------------------------------------------------------
COMPANY: Statoil Norway
FIELD: SLEIPNER
WELL NAME: F-10
WELLBORE NAME: F-10 A
Drilled From: NO 15/9-F-10
Kick Off Depth: 1388.90m
Survey Name: F-10 A rev#4 STGAL 091115
Survey Date: 23.09.2015
Extraction Date: 11.04.2018
----------------------------------------------------------------
Calculation Method: Minimum Curvature
Datum Name: Rotary Table(54.90m)
----------------------------------------------------------------
Surface EW: 435052.248m
Surface NS: 6478559.613m
Surface Latitude: 58° 26' 29.6816 N
Surface Longitude: 1° 53' 15.0698 E
Bottom Hole MD: 3932.74m
Bottom Hole TVD: 3069.00m
Bottom Hole EW: 435473.999m
Bottom Hole NS: 6479444.000m
----------------------------------------------------------------
Survey Program:  
H  150 - 1389 8 1/2" KEEPER GYRO : KEEPER, CONT
H  1389 - 2979 F-10 A REV#4 STGAL 091115 : MAGN, IFR, MAG-CORR, RED QC, MSA DUAL IN
H  2979 - 3933 F-10 A REV#4 STGAL 091115 : MAGN, IFR, MAG-CORR, RED QC, MSA DUAL IN
----------------------------------------------------------------
Water Depth: 91.00m
KB-WH: 145.90m
KB-MSL: 54.90m
System Datum: Mean Sea Level
----------------------------------------------------------------
Map-Zone: Zone 31N (0 E to 6 E)
North Reference: Grid
Geo Datum: European 1950 - Mean
Vertical Section Direction: 25.50deg
----------------------------------------------------------------
SURVEY LIST
MD        Inc       Azim      TVD       X-Offset (E/W)  Y-Offset (N/S)  UTM E/W         UTM N/S         DLS
m RKB     deg       deg       m RKB     m               m               m               m               deg/30m
145.90    0.00      0.00      145.90    2.228           -3.911          435052.248      6478559.613     0.00      
150.00    0.02      28.15     150.00    2.229           -3.911          435052.249      6478559.614     0.15      
160.00    0.05      27.73     160.00    2.232           -3.905          435052.252      6478559.619     0.09      
170.00    0.04      30.13     170.00    2.235           -3.898          435052.255      6478559.626     0.03      
180.00    0.03      35.69     180.00    2.239           -3.893          435052.259      6478559.631     0.03      
190.00    0.04      31.77     190.00    2.242           -3.888          435052.262      6478559.636     0.03      
200.00    0.04      37.25     200.00    2.246           -3.882          435052.266      6478559.642     0.01      
210.00    0.06      67.69     210.00    2.253           -3.878          435052.273      6478559.647     0.10      
220.00    0.14      85.78     220.00    2.270           -3.875          435052.290      6478559.650     0.26      
230.00    0.20      111.58    230.00    2.298           -3.880          435052.318      6478559.644     0.29      
240.00    0.27      125.12    240.00    2.334           -3.900          435052.354      6478559.624     0.27      
250.00    0.28      127.84    250.00    2.372           -3.929          435052.392      6478559.596     0.05      
260.00    0.28      131.59    260.00    2.410           -3.960          435052.430      6478559.564     0.05      
270.00    0.30      129.68    270.00    2.448           -3.993          435052.468      6478559.531     0.07      
280.00    0.31      129.81    280.00    2.489           -4.027          435052.509      6478559.497     0.03      
290.00    0.34      129.07    290.00    2.533           -4.063          435052.553      6478559.461     0.09      
300.00    0.41      128.66    300.00    2.584           -4.104          435052.604      6478559.420     0.21      
310.00    0.55      123.69    310.00    2.652           -4.153          435052.672      6478559.371     0.44      
320.00    0.84      119.22    320.00    2.756           -4.215          435052.776      6478559.309     0.88      
330.00    1.20      117.73    330.00    2.913           -4.300          435052.932      6478559.225     1.08      
340.00    1.54      116.39    339.99    3.126           -4.408          435053.145      6478559.116     1.02      
350.00    2.10      114.55    349.99    3.413           -4.544          435053.432      6478558.980     1.69      
360.00    2.64      117.59    359.98    3.783           -4.727          435053.803      6478558.798     1.66      
370.00    2.89      119.53    369.97    4.207           -4.958          435054.226      6478558.567     0.80      
380.00    3.46      117.59    379.95    4.694           -5.222          435054.713      6478558.303     1.74      
390.00    4.06      115.82    389.93    5.280           -5.516          435055.299      6478558.009     1.83      
400.00    4.32      115.51    399.90    5.938           -5.832          435055.957      6478557.693     0.78      
410.00    4.53      115.75    409.87    6.634           -6.166          435056.653      6478557.359     0.63      
420.00    4.78      116.07    419.84    7.364           -6.521          435057.382      6478557.004     0.75      
430.00    4.98      115.78    429.81    8.129           -6.893          435058.147      6478556.633     0.60      
440.00    5.08      115.36    439.77    8.920           -7.271          435058.938      6478556.254     0.32      
450.00    5.39      115.50    449.73    9.744           -7.663          435059.761      6478555.863     0.93      
460.00    5.79      115.11    459.68    10.625          -8.079          435060.642      6478555.447     1.21      
470.00    6.04      114.60    469.62    11.560          -8.512          435061.577      6478555.014     0.77      
480.00    6.31      114.83    479.57    12.537          -8.962          435062.553      6478554.564     0.81      
490.00    6.62      114.05    489.50    13.562          -9.428          435063.578      6478554.099     0.97      
500.00    6.99      113.89    499.43    14.645          -9.909          435064.660      6478553.617     1.11      
510.00    7.14      114.00    509.36    15.769          -10.408         435065.784      6478553.118     0.45      
520.00    7.38      113.71    519.28    16.925          -10.919         435066.940      6478552.608     0.73      
530.00    7.79      114.26    529.19    18.130          -11.456         435068.145      6478552.071     1.25      
540.00    8.40      114.62    539.09    19.412          -12.039         435069.426      6478551.489     1.84      
550.00    8.86      114.55    548.98    20.777          -12.663         435070.791      6478550.864     1.38      
560.00    9.30      114.83    558.85    22.211          -13.322         435072.224      6478550.205     1.33      
570.00    9.71      115.07    568.71    23.708          -14.019         435073.720      6478549.509     1.24      
580.00    10.10     115.21    578.56    25.265          -14.750         435075.277      6478548.778     1.17      
590.00    10.68     115.04    588.40    26.898          -15.515         435076.909      6478548.013     1.74      
600.00    11.23     115.09    598.22    28.619          -16.320         435078.630      6478547.208     1.65      
610.00    11.89     115.65    608.01    30.430          -17.179         435080.440      6478546.350     2.01      
620.00    12.15     115.66    617.80    32.307          -18.081         435082.317      6478545.448     0.78      
630.00    12.39     115.86    627.57    34.221          -19.005         435084.230      6478544.525     0.73      
640.00    12.77     116.66    637.33    36.174          -19.968         435086.182      6478543.562     1.25      
650.00    13.11     117.53    647.07    38.168          -20.989         435088.175      6478542.542     1.18      
660.00    13.29     118.11    656.81    40.187          -22.054         435090.194      6478541.476     0.67      
670.00    13.46     118.65    666.54    42.222          -23.154         435092.228      6478540.377     0.63      
680.00    13.71     119.67    676.26    44.273          -24.298         435094.279      6478539.233     1.04      
690.00    13.91     121.43    685.97    46.329          -25.512         435096.333      6478538.020     1.40      
700.00    14.02     122.28    695.67    48.378          -26.786         435098.382      6478536.747     0.70      
710.00    14.19     123.08    705.37    50.429          -28.101         435100.433      6478535.431     0.78      
720.00    14.44     124.37    715.06    52.486          -29.474         435102.488      6478534.059     1.22      
730.00    14.75     125.72    724.74    54.548          -30.921         435104.550      6478532.612     1.38      
740.00    14.97     126.52    734.40    56.620          -32.433         435106.621      6478531.101     0.90      
750.00    15.31     127.07    744.06    58.711          -33.998         435108.712      6478529.537     1.11      
760.00    15.80     128.00    753.69    60.837          -35.632         435110.837      6478527.904     1.65      
770.00    16.34     128.60    763.30    63.009          -37.347         435113.008      6478526.189     1.69      
780.00    16.87     128.67    772.88    65.242          -39.132         435115.240      6478524.405     1.59      
790.00    17.50     128.79    782.44    67.547          -40.980         435117.544      6478522.557     1.89      
800.00    18.40     128.93    791.95    69.946          -42.914         435119.943      6478520.624     2.70      
810.00    19.13     128.69    801.42    72.453          -44.930         435122.449      6478518.609     2.20      
820.00    19.61     128.36    810.85    75.048          -46.996         435125.043      6478516.544     1.48      
830.00    20.09     128.11    820.26    77.715          -49.097         435127.709      6478514.443     1.46      
840.00    20.61     127.67    829.63    80.460          -51.233         435130.452      6478512.308     1.63      
850.00    21.04     126.88    838.98    83.289          -53.386         435133.280      6478510.156     1.54      
860.00    21.40     126.14    848.30    86.198          -55.539         435136.189      6478508.004     1.35      
870.00    21.66     125.36    857.60    89.176          -57.683         435139.166      6478505.860     1.16      
880.00    21.71     124.64    866.90    92.203          -59.802         435142.192      6478503.742     0.81      
890.00    21.70     124.31    876.19    95.252          -61.895         435145.239      6478501.649     0.37      
900.00    21.25     124.06    885.49    98.280          -63.953         435148.267      6478499.593     1.38      
910.00    20.45     123.59    894.84    101.237         -65.934         435151.222      6478497.612     2.45      
920.00    19.76     123.32    904.23    104.104         -67.829         435154.089      6478495.718     2.09      
930.00    19.35     123.24    913.65    106.903         -69.666         435156.886      6478493.882     1.23      
940.00    19.05     123.04    923.10    109.656         -71.464         435159.639      6478492.084     0.92      
950.00    18.82     122.42    932.56    112.386         -73.218         435162.368      6478490.330     0.92      
960.00    18.76     121.53    942.02    115.118         -74.924         435165.099      6478488.625     0.88      
970.00    18.76     120.39    951.49    117.876         -76.578         435167.856      6478486.971     1.10      
980.00    18.83     119.53    960.96    120.667         -78.187         435170.646      6478485.363     0.86      
990.00    18.87     118.52    970.42    123.492         -79.755         435173.470      6478483.796     0.99      
1000.00   18.94     117.69    979.88    126.350         -81.281         435176.327      6478482.270     0.83      
1010.00   18.99     117.08    989.34    129.236         -82.776         435179.212      6478480.776     0.61      
1020.00   19.11     116.31    998.79    132.152         -84.242         435182.127      6478479.310     0.84      
1030.00   19.38     115.18    1008.23   135.121         -85.673         435185.095      6478477.879     1.38      
1040.00   19.81     113.76    1017.65   138.173         -87.062         435188.146      6478476.491     1.92      
1050.00   20.19     113.30    1027.05   141.309         -88.427         435191.281      6478475.126     1.23      
1060.00   20.45     113.25    1036.43   144.499         -89.800         435194.470      6478473.755     0.78      
1070.00   20.56     113.30    1045.79   147.717         -91.184         435197.686      6478472.371     0.33      
1080.00   20.72     113.64    1055.15   150.950         -92.588         435200.918      6478470.968     0.60      
1090.00   20.96     114.82    1064.50   154.194         -94.048         435204.161      6478469.508     1.45      
1100.00   21.31     116.57    1073.83   157.443         -95.611         435207.409      6478467.945     2.16      
1110.00   21.80     119.11    1083.13   160.690         -97.327         435210.655      6478466.229     3.16      
1120.00   22.42     121.45    1092.39   163.939         -99.226         435213.903      6478464.332     3.23      
1130.00   22.93     122.76    1101.62   167.204         -101.275        435217.167      6478462.283     2.15      
1140.00   23.46     123.56    1110.81   170.501         -103.429        435220.463      6478460.130     1.85      
1150.00   24.23     123.79    1119.96   173.866         -105.671        435223.826      6478457.889     2.33      
1160.00   25.03     123.68    1129.05   177.331         -107.985        435227.290      6478455.575     2.40      
1170.00   25.65     123.27    1138.08   180.901         -110.346        435230.859      6478453.215     1.93      
1180.00   26.32     122.53    1147.07   184.580         -112.725        435234.537      6478450.837     2.23      
1190.00   26.84     121.79    1156.02   188.368         -115.107        435238.323      6478448.456     1.85      
1200.00   27.31     120.99    1164.92   192.254         -117.477        435242.208      6478446.087     1.78      
1210.00   27.87     120.37    1173.78   196.237         -119.840        435246.189      6478443.724     1.89      
1220.00   28.39     119.92    1182.60   200.314         -122.208        435250.265      6478441.358     1.68      
1230.00   29.01     119.62    1191.37   204.482         -124.592        435254.432      6478438.974     1.91      
1240.00   29.71     119.54    1200.09   208.746         -127.012        435258.695      6478436.555     2.10      
1250.00   30.28     119.50    1208.75   213.097         -129.476        435263.043      6478434.093     1.71      
1260.00   30.70     119.42    1217.37   217.514         -131.971        435267.460      6478431.598     1.27      
1270.00   30.84     119.31    1225.96   221.973         -134.480        435271.917      6478429.090     0.45      
1280.00   30.61     119.28    1234.56   226.429         -136.980        435276.371      6478426.591     0.69      
1290.00   30.14     119.39    1243.18   230.837         -139.457        435280.777      6478424.115     1.42      
1300.00   29.48     119.45    1251.86   235.167         -141.899        435285.106      6478421.674     1.98      
1310.00   29.02     119.52    1260.58   239.421         -144.304        435289.358      6478419.270     1.38      
1320.00   28.79     119.74    1269.34   243.622         -146.693        435293.558      6478416.881     0.76      
1330.00   28.51     119.93    1278.11   247.781         -149.079        435297.716      6478414.496     0.88      
1340.00   27.89     120.05    1286.93   251.874         -151.441        435301.807      6478412.135     1.87      
1350.00   27.26     120.01    1295.79   255.882         -153.757        435305.813      6478409.819     1.89      
1360.00   27.20     119.88    1304.68   259.846         -156.041        435309.777      6478407.536     0.25      
1370.00   27.23     119.87    1313.58   263.812         -158.319        435313.741      6478405.259     0.09      
1380.00   27.38     119.62    1322.46   267.795         -160.595        435317.723      6478402.984     0.57      
1388.90   27.61     119.42    1330.36   271.371         -162.620        435321.297      6478400.960     0.84      
1398.90   27.61     119.42    1339.22   275.408         -164.896        435325.333      6478398.685     0.00      
1410.00   26.96     117.97    1349.08   279.871         -167.340        435329.795      6478396.242     2.50      
1418.90   26.46     116.77    1357.03   283.423         -169.179        435333.346      6478394.403     2.50      
1440.00   25.06     116.46    1376.04   291.620         -173.287        435341.540      6478390.296     2.00      
1470.00   23.07     115.96    1403.43   302.593         -178.691        435352.509      6478384.895     2.00      
1500.00   21.08     115.37    1431.23   312.753         -183.575        435362.665      6478380.012     2.00      
1530.00   19.09     114.66    1459.40   322.089         -187.934        435371.997      6478375.655     2.00      
1560.00   17.11     113.79    1487.92   330.587         -191.762        435380.493      6478371.828     2.00      
1590.00   15.14     112.71    1516.73   338.240         -195.055        435388.143      6478368.536     2.00      
1620.00   13.16     111.31    1545.82   345.036         -197.809        435394.937      6478365.783     2.00      
1650.00   11.20     109.43    1575.14   350.968         -200.020        435400.866      6478363.572     2.00      
1680.00   9.26      106.77    1604.67   356.028         -201.686        435405.925      6478361.907     2.00      
1710.00   7.35      102.72    1634.35   360.211         -202.805        435410.106      6478360.789     2.00      
1740.00   5.49      95.90     1664.16   363.511         -203.375        435413.405      6478360.219     2.00      
1770.00   3.79      82.64     1694.06   365.924         -203.395        435415.817      6478360.198     2.00      
1800.00   2.57      53.30     1724.02   367.447         -202.866        435417.340      6478360.727     2.00      
1830.00   2.61      7.82      1753.99   368.079         -201.789        435417.971      6478361.805     2.00      
1860.00   3.87      339.58    1783.94   367.818         -200.164        435417.711      6478363.429     2.00      
1890.00   5.58      326.80    1813.84   366.665         -197.993        435416.559      6478365.599     2.00      
1920.00   7.44      320.18    1843.65   364.622         -195.280        435414.516      6478368.311     2.00      
1950.00   9.36      316.22    1873.32   361.691         -192.027        435411.586      6478371.563     2.00      
1980.00   11.30     313.61    1902.84   357.875         -188.238        435407.771      6478375.351     2.00      
2010.00   13.26     311.76    1932.15   353.179         -183.919        435403.077      6478379.669     2.00      
2040.00   15.23     310.37    1961.22   347.608         -179.073        435397.508      6478384.512     2.00      
2070.00   17.21     309.30    1990.03   341.171         -173.708        435391.073      6478389.875     2.00      
2077.77   17.72     309.06    1997.44   339.363         -172.235        435389.265      6478391.348     2.00      
2100.00   17.72     309.06    2018.62   334.108         -167.970        435384.013      6478395.611     0.00      
2130.00   17.72     309.06    2047.19   327.017         -162.215        435376.924      6478401.365     0.00      
2160.00   17.72     309.06    2075.77   319.926         -156.459        435369.835      6478407.118     0.00      
2190.00   17.72     309.06    2104.34   312.835         -150.704        435362.747      6478412.872     0.00      
2220.00   17.72     309.06    2132.92   305.743         -144.948        435355.658      6478418.625     0.00      
2250.00   17.72     309.06    2161.50   298.652         -139.193        435348.569      6478424.379     0.00      
2280.00   17.72     309.06    2190.07   291.561         -133.437        435341.480      6478430.132     0.00      
2310.00   17.72     309.06    2218.65   284.470         -127.682        435334.391      6478435.886     0.00      
2340.00   17.72     309.06    2247.22   277.378         -121.926        435327.303      6478441.639     0.00      
2370.00   17.72     309.06    2275.80   270.287         -116.171        435320.214      6478447.393     0.00      
2400.00   17.72     309.06    2304.38   263.196         -110.415        435313.125      6478453.146     0.00      
2430.00   17.72     309.06    2332.95   256.105         -104.660        435306.036      6478458.900     0.00      
2460.00   17.72     309.06    2361.53   249.013         -98.904         435298.948      6478464.653     0.00      
2490.00   17.72     309.06    2390.10   241.922         -93.149         435291.859      6478470.407     0.00      
2520.00   17.72     309.06    2418.68   234.831         -87.393         435284.770      6478476.160     0.00      
2550.00   17.72     309.06    2447.26   227.740         -81.638         435277.681      6478481.913     0.00      
2580.00   17.72     309.06    2475.83   220.648         -75.882         435270.592      6478487.667     0.00      
2610.00   17.72     309.06    2504.41   213.557         -70.127         435263.504      6478493.420     0.00      
2640.00   17.72     309.06    2532.98   206.466         -64.372         435256.415      6478499.174     0.00      
2670.00   17.72     309.06    2561.56   199.375         -58.616         435249.326      6478504.927     0.00      
2701.30   17.72     309.06    2591.37   191.976         -52.611         435241.930      6478510.930     0.00      
2730.00   18.69     317.72    2618.64   185.488         -46.454         435235.445      6478517.085     3.00      
2760.00   20.09     325.73    2646.94   179.351         -38.638         435229.310      6478524.899     3.00      
2790.00   21.79     332.64    2674.97   173.890         -29.432         435223.850      6478534.102     3.00      
2820.00   23.75     338.53    2702.63   169.118         -18.861         435219.080      6478544.668     3.00      
2850.00   25.89     343.54    2729.86   165.051         -6.955          435215.014      6478556.570     3.00      
2880.00   28.18     347.81    2756.58   161.698         6.253           435211.662      6478569.774     3.00      
2910.00   30.59     351.47    2782.72   159.069         20.729          435209.034      6478584.244     3.00      
2940.00   33.08     354.64    2808.21   157.171         36.431          435207.137      6478599.941     3.00      
2970.00   35.64     357.40    2832.98   156.009         53.317          435205.976      6478616.821     3.00      
3000.00   38.26     359.84    2856.95   155.587         71.341          435205.553      6478634.839     3.00      
3030.00   40.92     2.01      2880.07   155.905         90.453          435205.872      6478653.944     3.00      
3060.00   43.62     3.95      2902.27   156.963         110.600         435206.929      6478674.085     3.00      
3090.00   46.35     5.72      2923.48   158.758         131.729         435208.724      6478695.206     3.00      
3120.00   49.11     7.32      2943.66   161.285         153.780         435211.250      6478717.249     3.00      
3150.00   51.88     8.80      2962.75   164.537         176.693         435214.500      6478740.154     3.00      
3180.00   54.67     10.17     2980.68   168.504         200.405         435218.467      6478763.859     3.00      
3210.00   57.48     11.45     2997.43   173.178         224.853         435223.138      6478788.297     3.00      
3240.00   60.30     12.65     3012.93   178.543         249.967         435228.502      6478813.403     3.00      
3270.00   63.13     13.79     3027.14   184.586         275.680         435234.543      6478839.107     3.00      
3300.00   65.96     14.87     3040.04   191.291         301.921         435241.245      6478865.339     3.00      
3330.00   68.81     15.90     3051.57   198.638         328.619         435248.589      6478892.028     3.00      
3360.00   71.66     16.89     3061.72   206.607         355.699         435256.556      6478919.099     3.00      
3390.00   74.51     17.85     3070.44   215.178         383.089         435265.124      6478946.478     3.00      
3420.00   77.37     18.79     3077.73   224.325         410.712         435274.268      6478974.092     3.00      
3450.00   80.24     19.70     3083.55   234.025         438.493         435283.965      6479001.863     3.00      
3480.00   83.10     20.60     3087.90   244.251         466.356         435294.187      6479029.716     3.00      
3510.00   85.97     21.49     3090.76   254.974         494.224         435304.906      6479057.575     3.00      
3540.00   88.84     22.37     3092.12   266.165         522.021         435316.094      6479085.363     3.00      
3570.00   91.70     23.25     3091.98   277.794         549.672         435327.718      6479113.003     3.00      
3590.75   93.69     23.86     3091.00   286.079         568.675         435336.000      6479132.000     3.00      
3600.00   93.69     23.86     3090.41   289.811         577.113         435339.731      6479140.435     0.00      
3630.00   93.69     23.86     3088.48   301.921         604.492         435351.836      6479167.805     0.00      
3660.00   93.69     23.86     3086.55   314.031         631.871         435363.942      6479195.174     0.00      
3690.00   93.69     23.86     3084.62   326.141         659.251         435376.048      6479222.544     0.00      
3720.00   93.69     23.86     3082.69   338.251         686.630         435388.154      6479249.914     0.00      
3750.00   93.69     23.86     3080.76   350.361         714.009         435400.259      6479277.283     0.00      
3780.00   93.69     23.86     3078.83   362.471         741.388         435412.365      6479304.653     0.00      
3810.00   93.69     23.86     3076.90   374.581         768.768         435424.471      6479332.023     0.00      
3840.00   93.69     23.86     3074.97   386.690         796.147         435436.577      6479359.393     0.00      
3870.00   93.69     23.86     3073.04   398.800         823.526         435448.682      6479386.762     0.00      
3900.00   93.69     23.86     3071.11   410.910         850.906         435460.788      6479414.132     0.00      
3932.74   93.69     23.86     3069.00   424.126         880.784         435473.999      6479444.000     0.00      
