HEADER INFORMATION (all units in Statoil default) 
----------------------------------------------------------------
COMPANY: Statoil Norway
FIELD: SLEIPNER
WELL NAME: F-10
WELLBORE NAME: F-10 A
Drilled From: NO 15/9-F-10
Kick Off Depth: 1388.90m
Survey Name: F-10 A rev#7 LHULT 171115
Survey Date: 17.11.2015
Extraction Date: 11.04.2018
----------------------------------------------------------------
Calculation Method: Minimum Curvature
Datum Name: Rotary Table(54.90m)
----------------------------------------------------------------
Surface EW: 435052.248m
Surface NS: 6478559.613m
Surface Latitude: 58° 26' 29.6816 N
Surface Longitude: 1° 53' 15.0698 E
Bottom Hole MD: 3969.68m
Bottom Hole TVD: 3073.00m
Bottom Hole EW: 435473.927m
Bottom Hole NS: 6479442.844m
----------------------------------------------------------------
Survey Program:  
H  150 - 1389 8 1/2" KEEPER GYRO : KEEPER, CONT
H  1389 - 2975 F-10 A REV#7 LHULT 171115 : MAGN, IFR, MAG-CORR, RED QC, MSA DUAL IN
H  2975 - 3970 F-10 A REV#7 LHULT 171115 : MAGN, IFR, MAG-CORR, RED QC, MSA DUAL IN
----------------------------------------------------------------
Water Depth: 91.00m
KB-WH: 145.90m
KB-MSL: 54.90m
System Datum: Mean Sea Level
----------------------------------------------------------------
Map-Zone: Zone 31N (0 E to 6 E)
North Reference: Grid
Geo Datum: European 1950 - Mean
Vertical Section Direction: 25.52deg
----------------------------------------------------------------
SURVEY LIST
MD        Inc       Azim      TVD       X-Offset (E/W)  Y-Offset (N/S)  UTM E/W         UTM N/S         DLS
m RKB     deg       deg       m RKB     m               m               m               m               deg/30m
0.00      0.00      0.00      0.00      2.228           -3.911          435052.248      6478559.613     0.00      
145.90    0.00      0.00      145.90    2.228           -3.911          435052.248      6478559.613     0.00      
150.00    0.02      28.15     150.00    2.229           -3.911          435052.249      6478559.614     0.15      
160.00    0.05      27.73     160.00    2.232           -3.905          435052.252      6478559.619     0.09      
170.00    0.04      30.13     170.00    2.235           -3.898          435052.255      6478559.626     0.03      
180.00    0.03      35.69     180.00    2.239           -3.893          435052.259      6478559.631     0.03      
190.00    0.04      31.77     190.00    2.242           -3.888          435052.262      6478559.636     0.03      
200.00    0.04      37.25     200.00    2.246           -3.882          435052.266      6478559.642     0.01      
210.00    0.06      67.69     210.00    2.253           -3.878          435052.273      6478559.647     0.10      
220.00    0.14      85.78     220.00    2.270           -3.875          435052.290      6478559.650     0.26      
230.00    0.20      111.58    230.00    2.298           -3.880          435052.318      6478559.644     0.29      
240.00    0.27      125.12    240.00    2.334           -3.900          435052.354      6478559.624     0.27      
250.00    0.28      127.84    250.00    2.372           -3.929          435052.392      6478559.596     0.05      
260.00    0.28      131.59    260.00    2.410           -3.960          435052.430      6478559.564     0.05      
270.00    0.30      129.68    270.00    2.448           -3.993          435052.468      6478559.531     0.07      
280.00    0.31      129.81    280.00    2.489           -4.027          435052.509      6478559.497     0.03      
290.00    0.34      129.07    290.00    2.533           -4.063          435052.553      6478559.461     0.09      
300.00    0.41      128.66    300.00    2.584           -4.104          435052.604      6478559.420     0.21      
310.00    0.55      123.69    310.00    2.652           -4.153          435052.672      6478559.371     0.44      
320.00    0.84      119.22    320.00    2.756           -4.215          435052.776      6478559.309     0.88      
330.00    1.20      117.73    330.00    2.913           -4.300          435052.932      6478559.225     1.08      
340.00    1.54      116.39    339.99    3.126           -4.408          435053.145      6478559.116     1.02      
350.00    2.10      114.55    349.99    3.413           -4.544          435053.432      6478558.980     1.69      
360.00    2.64      117.59    359.98    3.783           -4.727          435053.803      6478558.798     1.66      
370.00    2.89      119.53    369.97    4.207           -4.958          435054.226      6478558.567     0.80      
380.00    3.46      117.59    379.95    4.694           -5.222          435054.713      6478558.303     1.74      
390.00    4.06      115.82    389.93    5.280           -5.516          435055.299      6478558.009     1.83      
400.00    4.32      115.51    399.90    5.938           -5.832          435055.957      6478557.693     0.78      
410.00    4.53      115.75    409.87    6.634           -6.166          435056.653      6478557.359     0.63      
420.00    4.78      116.07    419.84    7.364           -6.521          435057.382      6478557.004     0.75      
430.00    4.98      115.78    429.81    8.129           -6.893          435058.147      6478556.633     0.60      
440.00    5.08      115.36    439.77    8.920           -7.271          435058.938      6478556.254     0.32      
450.00    5.39      115.50    449.73    9.744           -7.663          435059.761      6478555.863     0.93      
460.00    5.79      115.11    459.68    10.625          -8.079          435060.642      6478555.447     1.21      
470.00    6.04      114.60    469.62    11.560          -8.512          435061.577      6478555.014     0.77      
480.00    6.31      114.83    479.57    12.537          -8.962          435062.553      6478554.564     0.81      
490.00    6.62      114.05    489.50    13.562          -9.428          435063.578      6478554.099     0.97      
500.00    6.99      113.89    499.43    14.645          -9.909          435064.660      6478553.617     1.11      
510.00    7.14      114.00    509.36    15.769          -10.408         435065.784      6478553.118     0.45      
520.00    7.38      113.71    519.28    16.925          -10.919         435066.940      6478552.608     0.73      
530.00    7.79      114.26    529.19    18.130          -11.456         435068.145      6478552.071     1.25      
540.00    8.40      114.62    539.09    19.412          -12.039         435069.426      6478551.489     1.84      
550.00    8.86      114.55    548.98    20.777          -12.663         435070.790      6478550.864     1.38      
560.00    9.30      114.83    558.85    22.211          -13.322         435072.224      6478550.205     1.33      
570.00    9.71      115.07    568.71    23.708          -14.019         435073.720      6478549.509     1.24      
580.00    10.10     115.21    578.56    25.265          -14.750         435075.277      6478548.778     1.17      
590.00    10.68     115.04    588.40    26.898          -15.515         435076.909      6478548.013     1.74      
600.00    11.23     115.09    598.22    28.619          -16.320         435078.630      6478547.208     1.65      
610.00    11.89     115.65    608.01    30.430          -17.179         435080.440      6478546.350     2.01      
620.00    12.15     115.66    617.80    32.307          -18.081         435082.317      6478545.448     0.78      
630.00    12.39     115.86    627.57    34.221          -19.005         435084.230      6478544.525     0.73      
640.00    12.77     116.66    637.33    36.174          -19.968         435086.182      6478543.562     1.25      
650.00    13.11     117.53    647.07    38.167          -20.989         435088.175      6478542.542     1.18      
660.00    13.29     118.11    656.81    40.187          -22.054         435090.194      6478541.476     0.67      
670.00    13.46     118.65    666.54    42.222          -23.154         435092.228      6478540.377     0.63      
680.00    13.71     119.67    676.26    44.273          -24.298         435094.279      6478539.233     1.04      
690.00    13.91     121.43    685.97    46.328          -25.512         435096.333      6478538.020     1.40      
700.00    14.02     122.28    695.67    48.378          -26.786         435098.382      6478536.747     0.70      
710.00    14.19     123.08    705.37    50.429          -28.101         435100.433      6478535.431     0.78      
720.00    14.44     124.37    715.06    52.486          -29.474         435102.488      6478534.059     1.22      
730.00    14.75     125.72    724.74    54.548          -30.921         435104.550      6478532.612     1.38      
740.00    14.97     126.52    734.40    56.620          -32.433         435106.621      6478531.101     0.90      
750.00    15.31     127.07    744.06    58.711          -33.998         435108.712      6478529.537     1.11      
760.00    15.80     128.00    753.69    60.837          -35.632         435110.837      6478527.904     1.65      
770.00    16.34     128.60    763.30    63.009          -37.347         435113.008      6478526.189     1.69      
780.00    16.87     128.67    772.88    65.242          -39.132         435115.240      6478524.405     1.59      
790.00    17.50     128.79    782.44    67.547          -40.980         435117.544      6478522.557     1.89      
800.00    18.40     128.93    791.95    69.946          -42.914         435119.943      6478520.624     2.70      
810.00    19.13     128.69    801.42    72.453          -44.930         435122.449      6478518.609     2.20      
820.00    19.61     128.36    810.85    75.048          -46.996         435125.043      6478516.544     1.48      
830.00    20.09     128.11    820.26    77.715          -49.097         435127.709      6478514.443     1.46      
840.00    20.61     127.67    829.63    80.459          -51.233         435130.452      6478512.308     1.63      
850.00    21.04     126.88    838.98    83.289          -53.386         435133.280      6478510.156     1.54      
860.00    21.40     126.14    848.30    86.198          -55.539         435136.189      6478508.004     1.35      
870.00    21.66     125.36    857.60    89.176          -57.683         435139.166      6478505.860     1.16      
880.00    21.71     124.64    866.90    92.203          -59.802         435142.192      6478503.742     0.81      
890.00    21.70     124.31    876.19    95.252          -61.895         435145.239      6478501.649     0.37      
900.00    21.25     124.06    885.49    98.280          -63.953         435148.267      6478499.593     1.38      
910.00    20.45     123.59    894.84    101.237         -65.934         435151.222      6478497.612     2.45      
920.00    19.76     123.32    904.23    104.104         -67.829         435154.089      6478495.718     2.09      
930.00    19.35     123.24    913.65    106.903         -69.666         435156.886      6478493.882     1.23      
940.00    19.05     123.04    923.10    109.656         -71.464         435159.639      6478492.084     0.92      
950.00    18.82     122.42    932.55    112.386         -73.218         435162.368      6478490.330     0.92      
960.00    18.76     121.53    942.02    115.118         -74.924         435165.099      6478488.625     0.88      
970.00    18.76     120.39    951.49    117.876         -76.578         435167.856      6478486.971     1.10      
980.00    18.83     119.53    960.96    120.667         -78.187         435170.646      6478485.363     0.86      
990.00    18.87     118.52    970.42    123.492         -79.755         435173.470      6478483.796     0.99      
1000.00   18.94     117.69    979.88    126.350         -81.281         435176.327      6478482.270     0.83      
1010.00   18.99     117.08    989.34    129.236         -82.776         435179.212      6478480.776     0.61      
1020.00   19.11     116.31    998.79    132.152         -84.242         435182.127      6478479.310     0.84      
1030.00   19.38     115.18    1008.23   135.121         -85.673         435185.094      6478477.879     1.38      
1040.00   19.81     113.76    1017.65   138.173         -87.062         435188.146      6478476.491     1.92      
1050.00   20.19     113.30    1027.05   141.309         -88.427         435191.281      6478475.126     1.23      
1060.00   20.45     113.25    1036.43   144.499         -89.800         435194.470      6478473.755     0.78      
1070.00   20.56     113.30    1045.79   147.717         -91.184         435197.686      6478472.371     0.33      
1080.00   20.72     113.64    1055.15   150.950         -92.588         435200.918      6478470.968     0.60      
1090.00   20.96     114.82    1064.50   154.194         -94.048         435204.161      6478469.508     1.45      
1100.00   21.31     116.57    1073.83   157.443         -95.611         435207.409      6478467.945     2.16      
1110.00   21.80     119.11    1083.13   160.690         -97.327         435210.655      6478466.229     3.16      
1120.00   22.42     121.45    1092.39   163.939         -99.226         435213.903      6478464.332     3.23      
1130.00   22.93     122.76    1101.62   167.204         -101.275        435217.167      6478462.283     2.15      
1140.00   23.46     123.56    1110.81   170.501         -103.429        435220.463      6478460.130     1.85      
1150.00   24.23     123.79    1119.96   173.866         -105.671        435223.826      6478457.889     2.33      
1160.00   25.03     123.68    1129.05   177.331         -107.985        435227.290      6478455.575     2.40      
1170.00   25.65     123.27    1138.08   180.901         -110.346        435230.859      6478453.215     1.93      
1180.00   26.32     122.53    1147.07   184.580         -112.725        435234.537      6478450.837     2.23      
1190.00   26.84     121.79    1156.02   188.368         -115.107        435238.323      6478448.456     1.85      
1200.00   27.31     120.99    1164.92   192.254         -117.477        435242.208      6478446.087     1.78      
1210.00   27.87     120.37    1173.78   196.237         -119.840        435246.189      6478443.724     1.89      
1220.00   28.39     119.92    1182.60   200.314         -122.208        435250.265      6478441.358     1.68      
1230.00   29.01     119.62    1191.37   204.482         -124.592        435254.432      6478438.974     1.91      
1240.00   29.71     119.54    1200.09   208.746         -127.012        435258.695      6478436.555     2.10      
1250.00   30.28     119.50    1208.75   213.097         -129.476        435263.043      6478434.093     1.71      
1260.00   30.70     119.42    1217.37   217.514         -131.971        435267.460      6478431.598     1.27      
1270.00   30.84     119.31    1225.96   221.973         -134.480        435271.917      6478429.090     0.45      
1280.00   30.61     119.28    1234.56   226.429         -136.980        435276.371      6478426.591     0.69      
1290.00   30.14     119.39    1243.18   230.837         -139.457        435280.777      6478424.115     1.42      
1300.00   29.48     119.45    1251.86   235.167         -141.899        435285.106      6478421.674     1.98      
1310.00   29.02     119.52    1260.58   239.420         -144.304        435289.358      6478419.270     1.38      
1320.00   28.79     119.74    1269.34   243.622         -146.693        435293.558      6478416.881     0.76      
1330.00   28.51     119.93    1278.11   247.781         -149.079        435297.716      6478414.496     0.88      
1340.00   27.89     120.05    1286.93   251.874         -151.441        435301.807      6478412.135     1.87      
1350.00   27.26     120.01    1295.79   255.882         -153.757        435305.813      6478409.819     1.89      
1360.00   27.20     119.88    1304.68   259.846         -156.041        435309.777      6478407.536     0.25      
1370.00   27.23     119.87    1313.58   263.812         -158.319        435313.741      6478405.259     0.09      
1380.00   27.38     119.62    1322.46   267.795         -160.595        435317.723      6478402.984     0.57      
1388.90   27.61     119.42    1330.36   271.371         -162.620        435321.297      6478400.960     0.84      
1398.90   27.61     119.42    1339.22   275.408         -164.896        435325.333      6478398.685     0.00      
1410.00   26.96     117.97    1349.08   279.871         -167.340        435329.795      6478396.242     2.50      
1418.90   26.46     116.77    1357.03   283.423         -169.179        435333.346      6478394.403     2.50      
1440.00   24.35     116.70    1376.09   291.506         -173.251        435341.426      6478390.332     3.00      
1470.00   21.35     116.58    1403.73   301.917         -178.474        435351.832      6478385.111     3.00      
1500.00   18.35     116.42    1431.95   311.030         -183.020        435360.943      6478380.567     3.00      
1530.00   15.35     116.21    1460.66   318.823         -186.875        435368.733      6478376.713     3.00      
1560.00   12.35     115.89    1489.78   325.273         -190.030        435375.180      6478373.559     3.00      
1590.00   9.35      115.38    1519.24   330.362         -192.476        435380.268      6478371.114     3.00      
1620.00   6.35      114.38    1548.96   334.077         -194.206        435383.982      6478369.384     3.00      
1650.00   3.36      111.61    1578.85   336.408         -195.216        435386.312      6478368.375     3.00      
1680.00   0.49      72.62     1608.83   337.348         -195.502        435387.251      6478368.089     3.00      
1710.00   2.68      304.82    1638.82   336.894         -195.064        435386.798      6478368.527     3.00      
1740.00   5.67      300.92    1668.74   335.048         -193.903        435384.952      6478369.688     3.00      
1770.00   8.66      299.71    1698.50   331.815         -192.022        435381.720      6478371.568     3.00      
1800.00   11.66     299.12    1728.02   327.204         -189.426        435377.110      6478374.163     3.00      
1827.57   14.42     298.79    1754.88   321.761         -186.417        435371.670      6478377.171     3.00      
1830.00   14.42     298.79    1757.23   321.231         -186.125        435371.140      6478377.462     0.00      
1860.00   14.42     298.79    1786.29   314.686         -182.528        435364.597      6478381.058     0.00      
1890.00   14.42     298.79    1815.34   308.140         -178.931        435358.054      6478384.655     0.00      
1920.00   14.42     298.79    1844.40   301.595         -175.333        435351.511      6478388.251     0.00      
1950.00   14.42     298.79    1873.46   295.049         -171.736        435344.968      6478391.847     0.00      
1980.00   14.42     298.79    1902.51   288.504         -168.139        435338.424      6478395.443     0.00      
2010.00   14.42     298.79    1931.57   281.959         -164.541        435331.881      6478399.039     0.00      
2040.00   14.42     298.79    1960.62   275.413         -160.944        435325.338      6478402.635     0.00      
2070.00   14.42     298.79    1989.68   268.868         -157.347        435318.795      6478406.231     0.00      
2100.00   14.42     298.79    2018.73   262.322         -153.749        435312.252      6478409.827     0.00      
2130.00   14.42     298.79    2047.79   255.777         -150.152        435305.709      6478413.424     0.00      
2160.00   14.42     298.79    2076.84   249.232         -146.554        435299.166      6478417.020     0.00      
2190.00   14.42     298.79    2105.90   242.686         -142.957        435292.623      6478420.616     0.00      
2220.00   14.42     298.79    2134.95   236.141         -139.360        435286.080      6478424.212     0.00      
2250.00   14.42     298.79    2164.01   229.596         -135.762        435279.537      6478427.808     0.00      
2280.00   14.42     298.79    2193.07   223.050         -132.165        435272.993      6478431.404     0.00      
2310.00   14.42     298.79    2222.12   216.505         -128.568        435266.450      6478435.000     0.00      
2339.82   14.42     298.79    2251.00   209.999         -124.992        435259.947      6478438.575     0.00      
2370.00   15.95     293.79    2280.13   202.912         -121.510        435252.863      6478442.056     2.00      
2396.29   17.36     290.16    2305.31   195.928         -118.702        435245.880      6478444.862     2.00      
2400.00   17.36     290.16    2308.86   194.888         -118.320        435244.841      6478445.244     0.00      
2430.00   17.36     290.16    2337.49   186.487         -115.237        435236.443      6478448.327     0.00      
2460.00   17.36     290.16    2366.13   178.086         -112.153        435228.045      6478451.409     0.00      
2490.00   17.36     290.16    2394.76   169.685         -109.069        435219.647      6478454.492     0.00      
2520.00   17.36     290.16    2423.39   161.284         -105.986        435211.249      6478457.574     0.00      
2550.00   17.36     290.16    2452.03   152.884         -102.902        435202.851      6478460.657     0.00      
2580.00   17.36     290.16    2480.66   144.483         -99.818         435194.453      6478463.740     0.00      
2610.00   17.36     290.16    2509.30   136.082         -96.734         435186.056      6478466.822     0.00      
2620.66   17.36     290.16    2519.47   133.096         -95.638         435183.071      6478467.918     0.00      
2640.00   17.26     296.65    2537.94   127.824         -93.357         435177.801      6478470.198     3.00      
2670.00   17.53     306.66    2566.57   120.221         -88.663         435170.200      6478474.891     3.00      
2700.00   18.27     316.13    2595.13   113.336         -82.574         435163.317      6478480.978     3.00      
2730.00   19.44     324.68    2623.52   107.188         -75.108         435157.172      6478488.442     3.00      
2760.00   20.97     332.17    2651.68   101.794         -66.284         435151.780      6478497.262     3.00      
2790.00   22.78     338.61    2679.52   97.169          -56.128         435147.156      6478507.414     3.00      
2820.00   24.80     344.09    2706.97   93.326          -44.667         435143.314      6478518.872     3.00      
2850.00   27.00     348.77    2733.96   90.274          -31.932         435140.264      6478531.602     3.00      
2880.00   29.33     352.77    2760.41   88.023          -17.959         435138.014      6478545.571     3.00      
2910.00   31.77     356.23    2786.24   86.579          -2.785          435136.570      6478560.739     3.00      
2940.00   34.28     359.23    2811.40   85.945          13.548          435135.936      6478577.066     3.00      
2970.00   36.86     1.86      2835.80   86.124          30.995          435136.114      6478594.507     3.00      
3000.00   39.50     4.19      2859.38   87.114          49.507          435137.104      6478613.013     3.00      
3030.00   42.17     6.28      2882.08   88.913          69.036          435138.903      6478632.535     3.00      
3060.00   44.88     8.16      2903.83   91.516          89.526          435141.505      6478653.018     3.00      
3090.00   47.61     9.86      2924.58   94.917          110.922         435144.905      6478674.407     3.00      
3120.00   50.37     11.43     2944.26   99.105          133.165         435149.091      6478696.642     3.00      
3150.00   53.15     12.87     2962.83   104.069         156.195         435154.054      6478719.663     3.00      
3180.00   55.94     14.22     2980.23   109.796         179.947         435159.779      6478743.408     3.00      
3210.00   58.75     15.47     2996.42   116.270         204.358         435166.250      6478767.809     3.00      
3240.00   61.57     16.66     3011.35   123.473         229.359         435173.451      6478792.802     3.00      
3270.00   64.39     17.78     3024.97   131.385         254.883         435181.360      6478818.317     3.00      
3300.00   67.23     18.85     3037.27   139.985         280.859         435189.957      6478844.284     3.00      
3330.00   70.07     19.87     3048.18   149.249         307.217         435199.218      6478870.633     3.00      
3360.00   72.92     20.86     3057.70   159.152         333.884         435209.118      6478897.291     3.00      
3390.00   75.78     21.82     3065.79   169.667         360.787         435219.629      6478924.184     3.00      
3420.00   78.64     22.76     3072.44   180.764         387.852         435230.722      6478951.240     3.00      
3450.00   81.50     23.68     3077.61   192.414         415.005         435242.368      6478978.384     3.00      
3480.00   84.36     24.58     3081.31   204.584         442.172         435254.534      6479005.541     3.00      
3510.00   87.22     25.48     3083.51   217.242         469.278         435267.187      6479032.638     3.00      
3540.00   90.09     26.37     3084.21   230.351         496.249         435280.292      6479059.599     3.00      
3554.99   91.52     26.81     3084.00   237.062         509.655         435287.000      6479073.000     3.00      
3570.00   91.52     26.81     3083.60   243.829         523.043         435293.765      6479086.384     0.00      
3600.00   91.52     26.81     3082.81   257.356         549.808         435307.287      6479113.140     0.00      
3630.00   91.52     26.81     3082.01   270.884         576.573         435320.810      6479139.896     0.00      
3660.00   91.52     26.81     3081.21   284.411         603.339         435334.333      6479166.651     0.00      
3690.00   91.52     26.81     3080.42   297.939         630.104         435347.856      6479193.407     0.00      
3720.00   91.52     26.81     3079.62   311.467         656.869         435361.379      6479220.163     0.00      
3750.00   91.52     26.81     3078.83   324.994         683.634         435374.902      6479246.919     0.00      
3780.00   91.52     26.81     3078.03   338.522         710.399         435388.425      6479273.674     0.00      
3810.00   91.52     26.81     3077.24   352.050         737.164         435401.948      6479300.430     0.00      
3840.00   91.52     26.81     3076.44   365.577         763.929         435415.471      6479327.186     0.00      
3870.00   91.52     26.81     3075.64   379.105         790.694         435428.994      6479353.942     0.00      
3900.00   91.52     26.81     3074.85   392.633         817.459         435442.517      6479380.698     0.00      
3930.00   91.52     26.81     3074.05   406.160         844.224         435456.040      6479407.453     0.00      
3960.00   91.52     26.81     3073.26   419.688         870.989         435469.563      6479434.209     0.00      
3969.68   91.52     26.81     3073.00   424.054         879.628         435473.927      6479442.844     0.00      
