HEADER INFORMATION (all units in Statoil default) 
----------------------------------------------------------------
COMPANY: Statoil Norway
FIELD: SLEIPNER
WELL NAME: F-10
WELLBORE NAME: F-10 A
Drilled From: NO 15/9-F-10
Kick Off Depth: 1388.00m
Survey Name: F-10 A NW target
Survey Date: 04.09.2015
Extraction Date: 11.04.2018
----------------------------------------------------------------
Calculation Method: Minimum Curvature
Datum Name: Rotary Table(54.90m)
----------------------------------------------------------------
Surface EW: 435052.248m
Surface NS: 6478559.613m
Surface Latitude: 58° 26' 29.6816 N
Surface Longitude: 1° 53' 15.0698 E
Bottom Hole MD: 3896.39m
Bottom Hole TVD: 3087.90m
Bottom Hole EW: 435475.000m
Bottom Hole NS: 6479446.000m
----------------------------------------------------------------
Survey Program:  
H  150 - 260 26" CONTINUOUS WIRELINE GYRO TO SB : KEEPER, CONT
H  267 - 683 26" GYROMWD SURVEY : KEEPER, STAT
H  709 - 1382 26"MWD SURVEY : MAGNETIC, STD, NON-MAG
H  1431 - 1388 17 1/2"MWD SVURVEY : MAGNETIC, STD, NON-MAG
H  1388 - 3896 F-10 A NW TARGET : MAGNETIC, STD, NON-MAG
----------------------------------------------------------------
Water Depth: 91.00m
KB-WH: 145.90m
KB-MSL: 54.90m
System Datum: Mean Sea Level
----------------------------------------------------------------
Map-Zone: Zone 31N (0 E to 6 E)
North Reference: Grid
Geo Datum: European 1950 - Mean
Vertical Section Direction: 25.50deg
----------------------------------------------------------------
SURVEY LIST
MD        Inc       Azim      TVD       X-Offset (E/W)  Y-Offset (N/S)  UTM E/W         UTM N/S         DLS
m RKB     deg       deg       m RKB     m               m               m               m               deg/30m
145.90    0.00      0.00      145.90    2.228           -3.911          435052.248      6478559.613     0.00      
150.00    0.15      232.43    150.00    2.224           -3.915          435052.244      6478559.610     1.10      
160.00    0.13      185.89    160.00    2.213           -3.934          435052.233      6478559.590     0.34      
170.00    0.13      247.15    170.00    2.201           -3.950          435052.221      6478559.575     0.40      
180.00    0.18      237.15    180.00    2.177           -3.963          435052.197      6478559.562     0.17      
190.00    0.15      224.23    190.00    2.155           -3.980          435052.175      6478559.544     0.14      
202.00    0.22      231.74    202.00    2.126           -4.006          435052.146      6478559.518     0.18      
210.00    0.18      252.26    210.00    2.102           -4.019          435052.122      6478559.505     0.31      
220.00    0.14      285.63    220.00    2.075           -4.021          435052.095      6478559.504     0.30      
230.00    0.12      264.95    230.00    2.053           -4.018          435052.073      6478559.506     0.15      
240.00    0.17      254.96    240.00    2.028           -4.023          435052.048      6478559.501     0.17      
250.00    0.16      232.05    250.00    2.003           -4.036          435052.023      6478559.489     0.20      
260.00    0.24      201.87    260.00    1.984           -4.064          435052.004      6478559.461     0.39      
266.90    0.16      208.90    266.90    1.974           -4.085          435051.994      6478559.439     0.36      
280.00    0.33      212.33    280.00    1.945           -4.133          435051.965      6478559.391     0.39      
320.00    0.49      150.89    320.00    1.967           -4.380          435051.987      6478559.144     0.33      
334.80    0.74      140.78    334.80    2.058           -4.509          435052.078      6478559.015     0.55      
351.80    2.03      122.59    351.79    2.381           -4.757          435052.401      6478558.768     2.38      
360.20    2.47      121.01    360.19    2.661           -4.930          435052.681      6478558.595     1.59      
371.20    2.90      118.37    371.17    3.109           -5.184          435053.129      6478558.340     1.22      
387.10    3.68      118.37    387.05    3.912           -5.618          435053.932      6478557.907     1.47      
401.10    4.38      116.26    401.01    4.787           -6.068          435054.806      6478557.457     1.53      
414.20    4.81      117.76    414.07    5.722           -6.545          435055.741      6478556.980     1.02      
427.80    4.99      114.15    427.62    6.766           -7.053          435056.785      6478556.473     0.79      
440.20    4.99      116.44    439.97    7.741           -7.514          435057.759      6478556.012     0.48      
454.80    5.60      118.37    454.51    8.936           -8.135          435058.954      6478555.391     1.31      
468.10    6.03      115.65    467.74    10.137          -8.745          435060.154      6478554.781     1.15      
480.90    6.46      115.74    480.47    11.392          -9.349          435061.409      6478554.177     1.01      
494.80    6.81      114.50    494.27    12.846          -10.031         435062.862      6478553.496     0.82      
508.60    7.07      113.80    507.97    14.368          -10.713         435064.383      6478552.814     0.59      
521.72    7.33      113.19    520.99    15.876          -11.368         435065.891      6478552.159     0.62      
536.60    8.03      114.94    535.74    17.691          -12.180         435067.705      6478551.347     1.49      
549.00    8.72      112.83    548.00    19.342          -12.910         435069.356      6478550.618     1.83      
561.30    9.33      115.47    560.15    21.102          -13.700         435071.115      6478549.827     1.80      
602.10    11.50     115.82    600.28    27.749          -16.895         435077.761      6478546.634     1.60      
642.10    13.07     116.97    639.36    35.370          -20.683         435085.379      6478542.848     1.19      
683.00    13.85     121.36    679.14    43.672          -25.328         435093.678      6478538.204     0.94      
709.50    14.31     122.38    704.84    49.147          -28.732         435099.150      6478534.801     0.59      
789.42    17.41     128.70    781.71    66.824          -41.501         435116.822      6478522.036     1.33      
830.46    20.64     127.08    820.51    77.390          -49.704         435127.384      6478513.837     2.39      
871.25    21.84     123.28    858.53    89.469          -58.202         435139.459      6478505.341     1.34      
911.82    19.87     122.17    896.44    101.615         -66.015         435151.601      6478497.531     1.49      
952.66    18.40     122.87    935.02    112.904         -73.209         435162.886      6478490.340     1.09      
1033.70   19.08     114.57    1011.78   135.697         -85.660         435185.671      6478477.893     1.02      
1072.46   20.43     111.21    1048.26   147.766         -90.742         435197.736      6478472.812     1.37      
1113.67   22.08     119.48    1086.67   161.218         -97.158         435211.183      6478466.399     2.49      
1153.58   24.00     123.79    1123.40   174.496         -105.365        435224.456      6478458.195     1.92      
1193.19   26.58     121.88    1159.21   188.718         -114.527        435238.673      6478449.036     2.05      
1233.29   28.79     118.80    1194.72   204.801         -123.918        435254.750      6478439.648     1.97      
1273.70   31.00     118.14    1229.75   222.506         -133.515        435272.450      6478430.054     1.66      
1314.36   28.73     118.71    1265.01   240.313         -143.149        435290.250      6478420.424     1.69      
1355.23   27.17     119.64    1301.11   257.039         -152.483        435306.970      6478411.093     1.19      
1388.00   27.53     120.20    1330.19   270.213         -160.099        435320.140      6478403.480     0.41      
1410.00   26.44     119.83    1349.79   278.858         -165.093        435328.781      6478398.487     1.50      
1440.00   24.96     119.28    1376.82   290.175         -171.512        435340.095      6478392.071     1.50      
1470.00   23.49     118.66    1404.18   300.944         -177.475        435350.860      6478386.110     1.50      
1500.00   22.01     117.96    1431.84   311.155         -182.978        435361.068      6478380.609     1.50      
1530.00   20.54     117.17    1459.80   320.803         -188.017        435370.712      6478375.572     1.50      
1560.00   19.07     116.26    1488.02   329.880         -192.588        435379.786      6478371.002     1.50      
1590.00   17.61     115.21    1516.50   338.380         -196.689        435388.283      6478366.902     1.50      
1620.00   16.15     113.97    1545.21   346.298         -200.317        435396.198      6478363.275     1.50      
1650.00   14.70     112.50    1574.13   353.628         -203.470        435403.526      6478360.124     1.50      
1680.00   13.27     110.71    1603.24   360.365         -206.144        435410.260      6478357.451     1.50      
1710.00   11.84     108.50    1632.52   366.504         -208.338        435416.397      6478355.257     1.50      
1740.00   10.44     105.71    1661.95   372.042         -210.052        435421.933      6478353.544     1.50      
1770.00   9.08      102.07    1691.52   376.973         -211.283        435426.863      6478352.314     1.50      
1800.00   7.76      97.18     1721.19   381.296         -212.030        435431.184      6478351.566     1.50      
1830.00   6.52      90.37     1750.96   385.007         -212.294        435434.894      6478351.303     1.50      
1860.00   5.41      80.59     1780.80   388.104         -212.074        435437.989      6478351.522     1.50      
1890.00   4.53      66.46     1810.69   390.583         -211.371        435440.468      6478352.226     1.50      
1920.00   4.03      47.37     1840.61   392.445         -210.183        435442.329      6478353.413     1.50      
1950.00   4.06      26.00     1870.53   393.687         -208.514        435443.571      6478355.082     1.50      
1980.00   4.61      7.41      1900.45   394.308         -206.363        435444.192      6478357.232     1.50      
2010.00   5.52      353.84    1930.33   394.309         -203.732        435444.192      6478359.862     1.50      
2040.00   6.65      344.46    1960.16   393.689         -200.623        435443.572      6478362.970     1.50      
2070.00   7.90      337.92    1989.92   392.448         -197.038        435442.332      6478366.553     1.50      
2100.00   9.23      333.19    2019.59   390.588         -192.980        435440.472      6478370.610     1.50      
2130.00   10.60     329.67    2049.14   388.109         -188.451        435437.995      6478375.138     1.50      
2160.00   12.00     326.95    2078.56   385.014         -183.454        435434.900      6478380.133     1.50      
2190.00   13.43     324.79    2107.82   381.304         -177.993        435431.192      6478385.592     1.50      
2220.00   14.86     323.05    2136.91   376.982         -172.072        435426.872      6478391.511     1.50      
2250.00   16.31     321.60    2165.80   372.051         -165.694        435421.943      6478397.886     1.50      
2280.00   17.77     320.39    2194.49   366.515         -158.865        435416.408      6478404.714     1.50      
2310.00   19.23     319.35    2222.94   360.377         -151.588        435410.272      6478411.988     1.50      
2340.00   20.70     318.46    2251.13   353.641         -143.868        435403.539      6478419.705     1.50      
2370.00   22.18     317.68    2279.05   346.313         -135.712        435396.213      6478427.858     1.50      
2400.00   23.65     317.00    2306.69   338.396         -127.124        435388.299      6478436.443     1.50      
2430.00   25.13     316.39    2334.01   329.897         -118.111        435379.803      6478445.454     1.50      
2448.12   26.03     316.05    2350.35   324.482         -112.462        435374.390      6478451.100     1.50      
2460.00   26.03     316.05    2361.03   320.865         -108.710        435370.775      6478454.851     0.00      
2490.00   26.03     316.05    2387.98   311.729         -99.234         435361.642      6478464.324     0.00      
2520.00   26.03     316.05    2414.94   302.594         -89.757         435352.509      6478473.797     0.00      
2550.00   26.03     316.05    2441.90   293.458         -80.281         435343.376      6478483.270     0.00      
2580.00   26.03     316.05    2468.86   284.322         -70.805         435334.244      6478492.743     0.00      
2610.00   26.03     316.05    2495.82   275.186         -61.328         435325.111      6478502.216     0.00      
2640.00   26.03     316.05    2522.77   266.050         -51.852         435315.978      6478511.689     0.00      
2670.00   26.03     316.05    2549.73   256.914         -42.376         435306.845      6478521.162     0.00      
2700.00   26.03     316.05    2576.69   247.778         -32.899         435297.712      6478530.635     0.00      
2730.00   26.03     316.05    2603.65   238.642         -23.423         435288.580      6478540.108     0.00      
2756.22   26.03     316.05    2627.21   230.658         -15.141         435280.599      6478548.387     0.00      
2760.00   26.15     316.86    2630.61   229.512         -13.936         435279.453      6478549.592     3.00      
2790.00   27.28     323.05    2657.41   220.857         -3.615          435270.801      6478559.909     3.00      
2820.00   28.66     328.73    2683.91   212.986         8.031           435262.933      6478571.551     3.00      
2850.00   30.26     333.89    2710.03   205.923         20.971          435255.872      6478584.486     3.00      
2880.00   32.04     338.56    2735.71   199.685         35.169          435249.637      6478598.680     3.00      
2910.00   33.98     342.77    2760.87   194.291         50.588          435244.244      6478614.093     3.00      
2940.00   36.05     346.56    2785.44   189.754         67.183          435239.709      6478630.683     3.00      
2970.00   38.22     349.99    2809.36   186.088         84.911          435236.044      6478648.404     3.00      
3000.00   40.48     353.09    2832.56   183.302         103.721         435233.259      6478667.208     3.00      
3030.00   42.82     355.92    2854.97   181.404         123.564         435231.362      6478687.044     3.00      
3060.00   45.23     358.50    2876.54   180.399         144.384         435230.357      6478707.857     3.00      
3090.00   47.68     0.88      2897.21   180.291         166.124         435230.249      6478729.589     3.00      
3120.00   50.19     3.07      2916.92   181.078         188.725         435231.036      6478752.182     3.00      
3150.00   52.73     5.11      2935.61   182.760         212.125         435232.717      6478775.574     3.00      
3180.00   55.30     7.02      2953.24   185.331         236.259         435235.287      6478799.699     3.00      
3210.00   57.90     8.81      2969.75   188.784         261.061         435238.740      6478824.494     3.00      
3240.00   60.53     10.50     2985.11   193.111         286.465         435243.065      6478849.888     3.00      
3270.00   63.17     12.10     2999.26   198.299         312.399         435248.250      6478875.813     3.00      
3300.00   65.83     13.64     3012.17   204.333         338.792         435254.283      6478902.197     3.00      
3330.00   68.51     15.10     3023.81   211.198         365.574         435261.145      6478928.969     3.00      
3360.00   71.20     16.52     3034.14   218.875         392.669         435268.819      6478956.055     3.00      
3390.00   73.90     17.89     3043.13   227.341         420.004         435277.283      6478983.380     3.00      
3420.00   76.61     19.22     3050.77   236.576         447.504         435286.514      6479010.871     3.00      
3450.00   79.33     20.53     3057.02   246.552         475.093         435296.487      6479038.450     3.00      
3480.00   82.05     21.81     3061.88   257.243         502.696         435307.174      6479066.044     3.00      
3510.00   84.77     23.07     3065.32   268.619         530.237         435318.546      6479093.575     3.00      
3531.25   86.70     23.96     3066.90   277.076         549.668         435327.000      6479113.000     3.00      
3540.00   86.70     23.96     3067.40   280.623         557.649         435330.546      6479120.978     0.00      
3570.00   86.70     23.96     3069.13   292.787         585.018         435342.706      6479148.338     0.00      
3600.00   86.70     23.96     3070.85   304.951         612.387         435354.865      6479175.697     0.00      
3630.00   86.70     23.96     3072.58   317.115         639.756         435367.025      6479203.057     0.00      
3660.00   86.70     23.96     3074.30   329.279         667.125         435379.185      6479230.416     0.00      
3690.00   86.70     23.96     3076.03   341.443         694.494         435391.345      6479257.775     0.00      
3720.00   86.70     23.96     3077.76   353.607         721.863         435403.504      6479285.135     0.00      
3750.00   86.70     23.96     3079.48   365.771         749.232         435415.664      6479312.494     0.00      
3780.00   86.70     23.96     3081.21   377.935         776.601         435427.824      6479339.854     0.00      
3810.00   86.70     23.96     3082.93   390.099         803.970         435439.984      6479367.213     0.00      
3840.00   86.70     23.96     3084.66   402.263         831.339         435452.143      6479394.573     0.00      
3870.00   86.70     23.96     3086.38   414.427         858.708         435464.303      6479421.932     0.00      
3896.39   86.70     23.96     3087.90   425.127         882.784         435475.000      6479446.000     0.00      
