HEADER INFORMATION (all units in Statoil default) 
----------------------------------------------------------------
COMPANY: Statoil Norway
FIELD: SLEIPNER
WELL NAME: F-10
WELLBORE NAME: F-10 A
Drilled From: NO 15/9-F-10
Kick Off Depth: 1388.90m
Survey Name: F-10 A rev#3 STGAL 091115
Survey Date: 23.09.2015
Extraction Date: 11.04.2018
----------------------------------------------------------------
Calculation Method: Minimum Curvature
Datum Name: Rotary Table(54.90m)
----------------------------------------------------------------
Surface EW: 435052.248m
Surface NS: 6478559.613m
Surface Latitude: 58° 26' 29.6816 N
Surface Longitude: 1° 53' 15.0698 E
Bottom Hole MD: 3912.09m
Bottom Hole TVD: 3073.00m
Bottom Hole EW: 435473.907m
Bottom Hole NS: 6479443.039m
----------------------------------------------------------------
Survey Program:  
H  150 - 1389 8 1/2" KEEPER GYRO : KEEPER, CONT
H  1389 - 2999 F-10 A REV#3 STGAL 091115 : MAGN, IFR, MAG-CORR, RED QC, MSA DUAL IN
H  2999 - 3912 F-10 A REV#3 STGAL 091115 : MAGN, IFR, MAG-CORR, RED QC, MSA DUAL IN
----------------------------------------------------------------
Water Depth: 91.00m
KB-WH: 145.90m
KB-MSL: 54.90m
System Datum: Mean Sea Level
----------------------------------------------------------------
Map-Zone: Zone 31N (0 E to 6 E)
North Reference: Grid
Geo Datum: European 1950 - Mean
Vertical Section Direction: 25.52deg
----------------------------------------------------------------
SURVEY LIST
MD        Inc       Azim      TVD       X-Offset (E/W)  Y-Offset (N/S)  UTM E/W         UTM N/S         DLS
m RKB     deg       deg       m RKB     m               m               m               m               deg/30m
145.90    0.00      0.00      145.90    2.228           -3.911          435052.248      6478559.613     0.00      
150.00    0.02      28.15     150.00    2.229           -3.911          435052.249      6478559.614     0.15      
160.00    0.05      27.73     160.00    2.232           -3.905          435052.252      6478559.619     0.09      
170.00    0.04      30.13     170.00    2.235           -3.898          435052.255      6478559.626     0.03      
180.00    0.03      35.69     180.00    2.239           -3.893          435052.259      6478559.631     0.03      
190.00    0.04      31.77     190.00    2.242           -3.888          435052.262      6478559.636     0.03      
200.00    0.04      37.25     200.00    2.246           -3.882          435052.266      6478559.642     0.01      
210.00    0.06      67.69     210.00    2.253           -3.878          435052.273      6478559.647     0.10      
220.00    0.14      85.78     220.00    2.270           -3.875          435052.290      6478559.650     0.26      
230.00    0.20      111.58    230.00    2.298           -3.880          435052.318      6478559.644     0.29      
240.00    0.27      125.12    240.00    2.334           -3.900          435052.354      6478559.624     0.27      
250.00    0.28      127.84    250.00    2.372           -3.929          435052.392      6478559.596     0.05      
260.00    0.28      131.59    260.00    2.410           -3.960          435052.430      6478559.564     0.05      
270.00    0.30      129.68    270.00    2.448           -3.993          435052.468      6478559.531     0.07      
280.00    0.31      129.81    280.00    2.489           -4.027          435052.509      6478559.497     0.03      
290.00    0.34      129.07    290.00    2.533           -4.063          435052.553      6478559.461     0.09      
300.00    0.41      128.66    300.00    2.584           -4.104          435052.604      6478559.420     0.21      
310.00    0.55      123.69    310.00    2.652           -4.153          435052.672      6478559.371     0.44      
320.00    0.84      119.22    320.00    2.756           -4.215          435052.776      6478559.309     0.88      
330.00    1.20      117.73    330.00    2.913           -4.300          435052.932      6478559.225     1.08      
340.00    1.54      116.39    339.99    3.126           -4.408          435053.145      6478559.116     1.02      
350.00    2.10      114.55    349.99    3.413           -4.544          435053.432      6478558.980     1.69      
360.00    2.64      117.59    359.98    3.783           -4.727          435053.803      6478558.798     1.66      
370.00    2.89      119.53    369.97    4.207           -4.958          435054.226      6478558.567     0.80      
380.00    3.46      117.59    379.95    4.694           -5.222          435054.713      6478558.303     1.74      
390.00    4.06      115.82    389.93    5.280           -5.516          435055.299      6478558.009     1.83      
400.00    4.32      115.51    399.90    5.938           -5.832          435055.957      6478557.693     0.78      
410.00    4.53      115.75    409.87    6.634           -6.166          435056.653      6478557.359     0.63      
420.00    4.78      116.07    419.84    7.364           -6.521          435057.382      6478557.004     0.75      
430.00    4.98      115.78    429.81    8.129           -6.893          435058.147      6478556.633     0.60      
440.00    5.08      115.36    439.77    8.920           -7.271          435058.938      6478556.254     0.32      
450.00    5.39      115.50    449.73    9.744           -7.663          435059.761      6478555.863     0.93      
460.00    5.79      115.11    459.68    10.625          -8.079          435060.642      6478555.447     1.21      
470.00    6.04      114.60    469.62    11.560          -8.512          435061.577      6478555.014     0.77      
480.00    6.31      114.83    479.57    12.537          -8.962          435062.553      6478554.564     0.81      
490.00    6.62      114.05    489.50    13.562          -9.428          435063.578      6478554.099     0.97      
500.00    6.99      113.89    499.43    14.645          -9.909          435064.660      6478553.617     1.11      
510.00    7.14      114.00    509.36    15.769          -10.408         435065.784      6478553.118     0.45      
520.00    7.38      113.71    519.28    16.925          -10.919         435066.940      6478552.608     0.73      
530.00    7.79      114.26    529.19    18.130          -11.456         435068.145      6478552.071     1.25      
540.00    8.40      114.62    539.09    19.412          -12.039         435069.426      6478551.489     1.84      
550.00    8.86      114.55    548.98    20.777          -12.663         435070.791      6478550.864     1.38      
560.00    9.30      114.83    558.85    22.211          -13.322         435072.224      6478550.205     1.33      
570.00    9.71      115.07    568.71    23.708          -14.019         435073.720      6478549.509     1.24      
580.00    10.10     115.21    578.56    25.265          -14.750         435075.277      6478548.778     1.17      
590.00    10.68     115.04    588.40    26.898          -15.515         435076.909      6478548.013     1.74      
600.00    11.23     115.09    598.22    28.619          -16.320         435078.630      6478547.208     1.65      
610.00    11.89     115.65    608.01    30.430          -17.179         435080.440      6478546.350     2.01      
620.00    12.15     115.66    617.80    32.307          -18.081         435082.317      6478545.448     0.78      
630.00    12.39     115.86    627.57    34.221          -19.005         435084.230      6478544.525     0.73      
640.00    12.77     116.66    637.33    36.174          -19.968         435086.182      6478543.562     1.25      
650.00    13.11     117.53    647.07    38.168          -20.989         435088.175      6478542.542     1.18      
660.00    13.29     118.11    656.81    40.187          -22.054         435090.194      6478541.476     0.67      
670.00    13.46     118.65    666.54    42.222          -23.154         435092.228      6478540.377     0.63      
680.00    13.71     119.67    676.26    44.273          -24.298         435094.279      6478539.233     1.04      
690.00    13.91     121.43    685.97    46.329          -25.512         435096.333      6478538.020     1.40      
700.00    14.02     122.28    695.67    48.378          -26.786         435098.382      6478536.747     0.70      
710.00    14.19     123.08    705.37    50.429          -28.101         435100.433      6478535.431     0.78      
720.00    14.44     124.37    715.06    52.486          -29.474         435102.488      6478534.059     1.22      
730.00    14.75     125.72    724.74    54.548          -30.921         435104.550      6478532.612     1.38      
740.00    14.97     126.52    734.40    56.620          -32.433         435106.621      6478531.101     0.90      
750.00    15.31     127.07    744.06    58.711          -33.998         435108.712      6478529.537     1.11      
760.00    15.80     128.00    753.69    60.837          -35.632         435110.837      6478527.904     1.65      
770.00    16.34     128.60    763.30    63.009          -37.347         435113.008      6478526.189     1.69      
780.00    16.87     128.67    772.88    65.242          -39.132         435115.240      6478524.405     1.59      
790.00    17.50     128.79    782.44    67.547          -40.980         435117.544      6478522.557     1.89      
800.00    18.40     128.93    791.95    69.946          -42.914         435119.943      6478520.624     2.70      
810.00    19.13     128.69    801.42    72.453          -44.930         435122.449      6478518.609     2.20      
820.00    19.61     128.36    810.85    75.048          -46.996         435125.043      6478516.544     1.48      
830.00    20.09     128.11    820.26    77.715          -49.097         435127.709      6478514.443     1.46      
840.00    20.61     127.67    829.63    80.460          -51.233         435130.452      6478512.308     1.63      
850.00    21.04     126.88    838.98    83.289          -53.386         435133.280      6478510.156     1.54      
860.00    21.40     126.14    848.30    86.198          -55.539         435136.189      6478508.004     1.35      
870.00    21.66     125.36    857.60    89.176          -57.683         435139.166      6478505.860     1.16      
880.00    21.71     124.64    866.90    92.203          -59.802         435142.192      6478503.742     0.81      
890.00    21.70     124.31    876.19    95.252          -61.895         435145.239      6478501.649     0.37      
900.00    21.25     124.06    885.49    98.280          -63.953         435148.267      6478499.593     1.38      
910.00    20.45     123.59    894.84    101.237         -65.934         435151.222      6478497.612     2.45      
920.00    19.76     123.32    904.23    104.104         -67.829         435154.089      6478495.718     2.09      
930.00    19.35     123.24    913.65    106.903         -69.666         435156.886      6478493.882     1.23      
940.00    19.05     123.04    923.10    109.656         -71.464         435159.639      6478492.084     0.92      
950.00    18.82     122.42    932.56    112.386         -73.218         435162.368      6478490.330     0.92      
960.00    18.76     121.53    942.02    115.118         -74.924         435165.099      6478488.625     0.88      
970.00    18.76     120.39    951.49    117.876         -76.578         435167.856      6478486.971     1.10      
980.00    18.83     119.53    960.96    120.667         -78.187         435170.646      6478485.363     0.86      
990.00    18.87     118.52    970.42    123.492         -79.755         435173.470      6478483.796     0.99      
1000.00   18.94     117.69    979.88    126.350         -81.281         435176.327      6478482.270     0.83      
1010.00   18.99     117.08    989.34    129.236         -82.776         435179.212      6478480.776     0.61      
1020.00   19.11     116.31    998.79    132.152         -84.242         435182.127      6478479.310     0.84      
1030.00   19.38     115.18    1008.23   135.121         -85.673         435185.095      6478477.879     1.38      
1040.00   19.81     113.76    1017.65   138.173         -87.062         435188.146      6478476.491     1.92      
1050.00   20.19     113.30    1027.05   141.309         -88.427         435191.281      6478475.126     1.23      
1060.00   20.45     113.25    1036.43   144.499         -89.800         435194.470      6478473.755     0.78      
1070.00   20.56     113.30    1045.79   147.717         -91.184         435197.686      6478472.371     0.33      
1080.00   20.72     113.64    1055.15   150.950         -92.588         435200.918      6478470.968     0.60      
1090.00   20.96     114.82    1064.50   154.194         -94.048         435204.161      6478469.508     1.45      
1100.00   21.31     116.57    1073.83   157.443         -95.611         435207.409      6478467.945     2.16      
1110.00   21.80     119.11    1083.13   160.690         -97.327         435210.655      6478466.229     3.16      
1120.00   22.42     121.45    1092.39   163.939         -99.226         435213.903      6478464.332     3.23      
1130.00   22.93     122.76    1101.62   167.204         -101.275        435217.167      6478462.283     2.15      
1140.00   23.46     123.56    1110.81   170.501         -103.429        435220.463      6478460.130     1.85      
1150.00   24.23     123.79    1119.96   173.866         -105.671        435223.826      6478457.889     2.33      
1160.00   25.03     123.68    1129.05   177.331         -107.985        435227.290      6478455.575     2.40      
1170.00   25.65     123.27    1138.08   180.901         -110.346        435230.859      6478453.215     1.93      
1180.00   26.32     122.53    1147.07   184.580         -112.725        435234.537      6478450.837     2.23      
1190.00   26.84     121.79    1156.02   188.368         -115.107        435238.323      6478448.456     1.85      
1200.00   27.31     120.99    1164.92   192.254         -117.477        435242.208      6478446.087     1.78      
1210.00   27.87     120.37    1173.78   196.237         -119.840        435246.189      6478443.724     1.89      
1220.00   28.39     119.92    1182.60   200.314         -122.208        435250.265      6478441.358     1.68      
1230.00   29.01     119.62    1191.37   204.482         -124.592        435254.432      6478438.974     1.91      
1240.00   29.71     119.54    1200.09   208.746         -127.012        435258.695      6478436.555     2.10      
1250.00   30.28     119.50    1208.75   213.097         -129.476        435263.043      6478434.093     1.71      
1260.00   30.70     119.42    1217.37   217.514         -131.971        435267.460      6478431.598     1.27      
1270.00   30.84     119.31    1225.96   221.973         -134.480        435271.917      6478429.090     0.45      
1280.00   30.61     119.28    1234.56   226.429         -136.980        435276.371      6478426.591     0.69      
1290.00   30.14     119.39    1243.18   230.837         -139.457        435280.777      6478424.115     1.42      
1300.00   29.48     119.45    1251.86   235.167         -141.899        435285.106      6478421.674     1.98      
1310.00   29.02     119.52    1260.58   239.421         -144.304        435289.358      6478419.270     1.38      
1320.00   28.79     119.74    1269.34   243.622         -146.693        435293.558      6478416.881     0.76      
1330.00   28.51     119.93    1278.11   247.781         -149.079        435297.716      6478414.496     0.88      
1340.00   27.89     120.05    1286.93   251.874         -151.441        435301.807      6478412.135     1.87      
1350.00   27.26     120.01    1295.79   255.882         -153.757        435305.813      6478409.819     1.89      
1360.00   27.20     119.88    1304.68   259.846         -156.041        435309.777      6478407.536     0.25      
1370.00   27.23     119.87    1313.58   263.812         -158.319        435313.741      6478405.259     0.09      
1380.00   27.38     119.62    1322.46   267.795         -160.595        435317.723      6478402.984     0.57      
1388.90   27.61     119.42    1330.36   271.371         -162.620        435321.297      6478400.960     0.84      
1398.90   27.61     119.42    1339.22   275.408         -164.896        435325.333      6478398.685     0.00      
1410.00   26.96     117.97    1349.08   279.871         -167.340        435329.795      6478396.242     2.50      
1418.90   26.46     116.77    1357.03   283.423         -169.179        435333.346      6478394.403     2.50      
1440.00   25.07     116.30    1376.04   291.627         -173.277        435341.546      6478390.306     2.00      
1470.00   23.09     115.55    1403.42   302.632         -178.631        435352.547      6478384.955     2.00      
1500.00   21.12     114.67    1431.22   312.851         -183.424        435362.763      6478380.163     2.00      
1530.00   19.15     113.61    1459.38   322.271         -187.650        435372.180      6478375.938     2.00      
1560.00   17.19     112.32    1487.89   330.882         -191.305        435380.788      6478372.285     2.00      
1590.00   15.24     110.71    1516.69   338.672         -194.384        435388.575      6478369.207     2.00      
1620.00   13.31     108.65    1545.76   345.633         -196.883        435395.533      6478366.709     2.00      
1650.00   11.39     105.90    1575.07   351.755         -198.799        435401.653      6478364.794     2.00      
1680.00   9.52      102.07    1604.57   357.031         -200.129        435406.927      6478363.463     2.00      
1710.00   7.70      96.43     1634.23   361.455         -200.873        435411.350      6478362.720     2.00      
1740.00   6.01      87.48     1664.02   365.021         -201.029        435414.915      6478362.564     2.00      
1770.00   4.56      72.29     1693.89   367.726         -200.597        435417.619      6478362.996     2.00      
1800.00   3.68      46.96     1723.81   369.565         -199.578        435419.457      6478364.015     2.00      
1830.00   3.77      15.81     1753.75   370.537         -197.973        435420.429      6478365.619     2.00      
1860.00   4.79      352.39    1783.67   370.640         -195.783        435420.531      6478367.808     2.00      
1890.00   6.29      338.59    1813.53   369.874         -193.011        435419.766      6478370.579     2.00      
1920.00   8.02      330.39    1843.30   368.240         -189.662        435418.133      6478373.927     2.00      
1950.00   9.84      325.14    1872.93   365.741         -185.738        435415.634      6478377.849     2.00      
1980.00   11.73     321.55    1902.40   362.378         -181.245        435412.273      6478382.341     2.00      
2010.00   13.65     318.94    1931.67   358.157         -176.189        435408.053      6478387.396     2.00      
2040.00   15.58     316.97    1960.70   353.082         -170.574        435402.980      6478393.008     2.00      
2070.00   17.53     315.42    1989.45   347.160         -164.409        435397.060      6478399.171     2.00      
2100.00   19.50     314.18    2017.90   340.398         -157.700        435390.300      6478405.878     2.00      
2120.25   20.82     313.47    2036.91   335.361         -152.868        435385.265      6478410.709     2.00      
2130.00   20.82     313.47    2046.02   332.847         -150.484        435382.752      6478413.091     0.00      
2160.00   20.82     313.47    2074.06   325.108         -143.147        435375.015      6478420.426     0.00      
2190.00   20.82     313.47    2102.10   317.368         -135.810        435367.278      6478427.760     0.00      
2220.00   20.82     313.47    2130.14   309.629         -128.473        435359.542      6478435.095     0.00      
2250.00   20.82     313.47    2158.18   301.889         -121.136        435351.805      6478442.429     0.00      
2280.00   20.82     313.47    2186.22   294.150         -113.799        435344.068      6478449.764     0.00      
2310.00   20.82     313.47    2214.26   286.410         -106.462        435336.331      6478457.098     0.00      
2340.00   20.82     313.47    2242.30   278.671         -99.125         435328.594      6478464.433     0.00      
2370.00   20.82     313.47    2270.34   270.931         -91.788         435320.858      6478471.767     0.00      
2400.00   20.82     313.47    2298.38   263.192         -84.451         435313.121      6478479.102     0.00      
2430.00   20.82     313.47    2326.43   255.452         -77.114         435305.384      6478486.436     0.00      
2460.00   20.82     313.47    2354.47   247.713         -69.776         435297.647      6478493.771     0.00      
2490.00   20.82     313.47    2382.51   239.973         -62.439         435289.910      6478501.105     0.00      
2520.00   20.82     313.47    2410.55   232.234         -55.102         435282.174      6478508.440     0.00      
2550.00   20.82     313.47    2438.59   224.494         -47.765         435274.437      6478515.774     0.00      
2580.00   20.82     313.47    2466.63   216.755         -40.428         435266.700      6478523.109     0.00      
2610.00   20.82     313.47    2494.67   209.015         -33.091         435258.963      6478530.443     0.00      
2640.00   20.82     313.47    2522.71   201.276         -25.754         435251.226      6478537.778     0.00      
2670.00   20.82     313.47    2550.75   193.536         -18.417         435243.490      6478545.112     0.00      
2700.00   20.82     313.47    2578.79   185.797         -11.080         435235.753      6478552.447     0.00      
2705.17   20.82     313.47    2583.62   184.463         -9.816          435234.420      6478553.711     0.00      
2730.00   21.81     318.47    2606.75   178.201         -3.325          435228.159      6478560.199     2.50      
2760.00   23.19     323.92    2634.47   171.025         5.624           435220.986      6478569.145     2.50      
2790.00   24.74     328.76    2661.89   164.290         15.767          435214.253      6478579.285     2.50      
2820.00   26.42     333.04    2688.95   158.007         27.086          435207.973      6478590.600     2.50      
2850.00   28.22     336.83    2715.60   152.190         39.559          435202.158      6478603.069     2.50      
2880.00   30.11     340.19    2741.80   146.849         53.162          435196.819      6478616.667     2.50      
2910.00   32.08     343.19    2767.49   141.994         67.870          435191.965      6478631.369     2.50      
2940.00   34.11     345.86    2792.62   137.635         83.654          435187.608      6478647.147     2.50      
2970.00   36.19     348.27    2817.15   133.779         100.483         435183.753      6478663.971     2.50      
3000.00   38.31     350.45    2841.03   130.435         118.328         435180.410      6478681.809     2.50      
3030.00   40.47     352.43    2864.22   127.608         137.152         435177.584      6478700.627     2.50      
3060.00   42.67     354.24    2886.66   125.304         156.921         435175.281      6478720.389     2.50      
3064.55   43.00     354.50    2890.00   125.000         160.000         435174.977      6478723.467     2.50      
3090.00   45.15     357.39    2908.28   123.758         177.654         435173.735      6478741.115     3.47      
3120.00   47.78     0.53      2928.95   123.377         199.392         435173.355      6478762.846     3.47      
3150.00   50.48     3.42      2948.58   124.170         222.057         435174.148      6478785.503     3.47      
3180.00   53.25     6.08      2967.11   126.134         245.566         435176.111      6478809.003     3.47      
3210.00   56.07     8.56      2984.46   129.262         269.832         435179.238      6478833.261     3.47      
3240.00   58.94     10.88     3000.57   133.543         294.766         435183.517      6478858.186     3.47      
3270.00   61.85     13.06     3015.39   138.960         320.276         435188.933      6478883.688     3.47      
3300.00   64.80     15.13     3028.86   145.494         346.270         435195.464      6478909.672     3.47      
3330.00   67.77     17.10     3040.93   153.121         372.650         435203.088      6478936.044     3.47      
3360.00   70.76     18.98     3051.55   161.812         399.321         435211.777      6478962.705     3.47      
3390.00   73.77     20.80     3060.69   171.537         426.185         435221.498      6478989.559     3.47      
3420.00   76.80     22.56     3068.31   182.258         453.142         435232.215      6479016.507     3.47      
3450.00   79.83     24.28     3074.39   193.937         480.094         435243.890      6479043.450     3.47      
3480.00   82.88     25.97     3078.89   206.531         506.942         435256.480      6479070.288     3.47      
3510.00   85.93     27.64     3081.82   219.993         533.586         435269.937      6479096.923     3.47      
3540.00   88.99     29.29     3083.15   234.275         559.930         435284.214      6479123.258     3.47      
3566.18   91.66     30.73     3083.00   247.365         582.597         435297.300      6479145.917     3.47      
3570.00   91.66     30.73     3082.89   249.317         585.880         435299.251      6479149.199     0.00      
3600.00   91.66     30.73     3082.02   264.639         611.658         435314.568      6479174.968     0.00      
3630.00   91.66     30.73     3081.16   279.961         637.436         435329.884      6479200.737     0.00      
3660.00   91.66     30.73     3080.29   295.283         663.213         435345.201      6479226.505     0.00      
3690.00   91.66     30.73     3079.42   310.605         688.991         435360.518      6479252.274     0.00      
3720.00   91.66     30.73     3078.55   325.927         714.768         435375.834      6479278.042     0.00      
3750.00   91.66     30.73     3077.69   341.249         740.546         435391.151      6479303.811     0.00      
3780.00   91.66     30.73     3076.82   356.571         766.323         435406.468      6479329.580     0.00      
3810.00   91.66     30.73     3075.95   371.893         792.101         435421.784      6479355.348     0.00      
3840.00   91.66     30.73     3075.09   387.215         817.879         435437.101      6479381.117     0.00      
3870.00   91.66     30.73     3074.22   402.537         843.656         435452.418      6479406.885     0.00      
3900.00   91.66     30.73     3073.35   417.859         869.434         435467.735      6479432.654     0.00      
3912.09   91.66     30.73     3073.00   424.034         879.822         435473.907      6479443.039     0.00      
