HEADER INFORMATION (all units in Statoil default) 
----------------------------------------------------------------
COMPANY: Statoil Norway
FIELD: SLEIPNER
WELL NAME: F-10
WELLBORE NAME: F-10 A
Drilled From: NO 15/9-F-10
Kick Off Depth: 1335.00m
Survey Name: Combined target EW
Survey Date: 10.09.2015
Extraction Date: 11.04.2018
----------------------------------------------------------------
Calculation Method: Minimum Curvature
Datum Name: Rotary Table(54.90m)
----------------------------------------------------------------
Surface EW: 435052.248m
Surface NS: 6478559.613m
Surface Latitude: 58° 26' 29.6816 N
Surface Longitude: 1° 53' 15.0698 E
Bottom Hole MD: 1335.00m
Bottom Hole TVD: 1283.11m
Bottom Hole EW: 435298.948m
Bottom Hole NS: 6478415.659m
----------------------------------------------------------------
Survey Program:  
H  150 - 260 26" CONTINUOUS WIRELINE GYRO TO SB : KEEPER, CONT
H  267 - 683 26" GYROMWD SURVEY : KEEPER, STAT
H  709 - 1335 26"MWD SURVEY : MAGNETIC, STD, NON-MAG
----------------------------------------------------------------
Water Depth: 91.00m
KB-WH: 145.90m
KB-MSL: 54.90m
System Datum: Mean Sea Level
----------------------------------------------------------------
Map-Zone: Zone 31N (0 E to 6 E)
North Reference: Grid
Geo Datum: European 1950 - Mean
Vertical Section Direction: 120.26deg
----------------------------------------------------------------
SURVEY LIST
MD        Inc       Azim      TVD       X-Offset (E/W)  Y-Offset (N/S)  UTM E/W         UTM N/S         DLS
m RKB     deg       deg       m RKB     m               m               m               m               deg/30m
145.90    0.00      0.00      145.90    2.228           -3.911          435052.248      6478559.613     0.00      
150.00    0.15      232.43    150.00    2.224           -3.915          435052.244      6478559.610     1.10      
160.00    0.13      185.89    160.00    2.213           -3.934          435052.233      6478559.590     0.34      
170.00    0.13      247.15    170.00    2.201           -3.950          435052.221      6478559.575     0.40      
180.00    0.18      237.15    180.00    2.177           -3.963          435052.197      6478559.562     0.17      
190.00    0.15      224.23    190.00    2.155           -3.980          435052.175      6478559.544     0.14      
202.00    0.22      231.74    202.00    2.126           -4.006          435052.146      6478559.518     0.18      
210.00    0.18      252.26    210.00    2.102           -4.019          435052.122      6478559.505     0.31      
220.00    0.14      285.63    220.00    2.075           -4.021          435052.095      6478559.504     0.30      
230.00    0.12      264.95    230.00    2.053           -4.018          435052.073      6478559.506     0.15      
240.00    0.17      254.96    240.00    2.028           -4.023          435052.048      6478559.501     0.17      
250.00    0.16      232.05    250.00    2.003           -4.036          435052.023      6478559.489     0.20      
260.00    0.24      201.87    260.00    1.984           -4.064          435052.004      6478559.461     0.39      
266.90    0.16      208.90    266.90    1.974           -4.085          435051.994      6478559.439     0.36      
280.00    0.33      212.33    280.00    1.945           -4.133          435051.965      6478559.391     0.39      
320.00    0.49      150.89    320.00    1.967           -4.380          435051.987      6478559.144     0.33      
334.80    0.74      140.78    334.80    2.058           -4.509          435052.078      6478559.015     0.55      
351.80    2.03      122.59    351.79    2.381           -4.757          435052.401      6478558.768     2.38      
360.20    2.47      121.01    360.19    2.661           -4.930          435052.681      6478558.595     1.59      
371.20    2.90      118.37    371.17    3.109           -5.184          435053.129      6478558.340     1.22      
387.10    3.68      118.37    387.05    3.912           -5.618          435053.932      6478557.907     1.47      
401.10    4.38      116.26    401.01    4.787           -6.068          435054.806      6478557.457     1.53      
414.20    4.81      117.76    414.07    5.722           -6.545          435055.741      6478556.980     1.02      
427.80    4.99      114.15    427.62    6.766           -7.053          435056.785      6478556.473     0.79      
440.20    4.99      116.44    439.97    7.741           -7.514          435057.759      6478556.012     0.48      
454.80    5.60      118.37    454.51    8.936           -8.135          435058.954      6478555.391     1.31      
468.10    6.03      115.65    467.74    10.137          -8.745          435060.154      6478554.781     1.15      
480.90    6.46      115.74    480.47    11.392          -9.349          435061.409      6478554.177     1.01      
494.80    6.81      114.50    494.27    12.846          -10.031         435062.862      6478553.496     0.82      
508.60    7.07      113.80    507.97    14.368          -10.713         435064.383      6478552.814     0.59      
521.72    7.33      113.19    520.99    15.876          -11.368         435065.891      6478552.159     0.62      
536.60    8.03      114.94    535.74    17.691          -12.180         435067.705      6478551.347     1.49      
549.00    8.72      112.83    548.00    19.342          -12.910         435069.356      6478550.618     1.83      
561.30    9.33      115.47    560.15    21.102          -13.700         435071.115      6478549.827     1.80      
602.10    11.50     115.82    600.28    27.749          -16.895         435077.761      6478546.634     1.60      
642.10    13.07     116.97    639.36    35.370          -20.683         435085.379      6478542.848     1.19      
683.00    13.85     121.36    679.14    43.672          -25.328         435093.678      6478538.204     0.94      
709.50    14.31     122.38    704.84    49.147          -28.732         435099.150      6478534.801     0.59      
789.42    17.41     128.70    781.71    66.824          -41.501         435116.822      6478522.036     1.33      
830.46    20.64     127.08    820.51    77.390          -49.704         435127.384      6478513.837     2.39      
871.25    21.84     123.28    858.53    89.469          -58.202         435139.459      6478505.341     1.34      
911.82    19.87     122.17    896.44    101.615         -66.015         435151.601      6478497.531     1.49      
952.66    18.40     122.87    935.02    112.904         -73.209         435162.886      6478490.340     1.09      
1033.70   19.08     114.57    1011.78   135.697         -85.660         435185.671      6478477.893     1.02      
1072.46   20.43     111.21    1048.26   147.766         -90.742         435197.736      6478472.812     1.37      
1113.67   22.08     119.48    1086.67   161.218         -97.158         435211.183      6478466.399     2.49      
1153.58   24.00     123.79    1123.40   174.496         -105.365        435224.456      6478458.195     1.92      
1193.19   26.58     121.88    1159.21   188.718         -114.527        435238.673      6478449.036     2.05      
1233.29   28.79     118.80    1194.72   204.801         -123.918        435254.750      6478439.648     1.97      
1273.70   31.00     118.14    1229.75   222.506         -133.515        435272.450      6478430.054     1.66      
1314.36   28.73     118.71    1265.01   240.313         -143.149        435290.250      6478420.424     1.69      
1335.00   28.73     118.71    1283.11   249.014         -147.915        435298.948      6478415.659     0.00      
