HEADER INFORMATION (all units in Statoil default) 
----------------------------------------------------------------
COMPANY: Statoil Norway
FIELD: SLEIPNER
WELL NAME: F-10
WELLBORE NAME: F-10 A
Drilled From: NO 15/9-F-10
Kick Off Depth: 1388.90m
Survey Name: F-10 A rev#2 STGAL 051115
Survey Date: 23.09.2015
Extraction Date: 11.04.2018
----------------------------------------------------------------
Calculation Method: Minimum Curvature
Datum Name: Rotary Table(54.90m)
----------------------------------------------------------------
Surface EW: 435052.248m
Surface NS: 6478559.613m
Surface Latitude: 58° 26' 29.6816 N
Surface Longitude: 1° 53' 15.0698 E
Bottom Hole MD: 3946.67m
Bottom Hole TVD: 3073.00m
Bottom Hole EW: 435474.044m
Bottom Hole NS: 6479443.147m
----------------------------------------------------------------
Survey Program:  
H  150 - 1389 8 1/2" KEEPER GYRO : KEEPER, CONT
H  1389 - 3020 F-10 A REV#2 STGAL 051115 : MAGN, IFR, MAG-CORR, RED QC, MSA DUAL IN
H  3020 - 3947 F-10 A REV#2 STGAL 051115 : MAGN, IFR, MAG-CORR, RED QC, MSA DUAL IN
----------------------------------------------------------------
Water Depth: 91.00m
KB-WH: 145.90m
KB-MSL: 54.90m
System Datum: Mean Sea Level
----------------------------------------------------------------
Map-Zone: Zone 31N (0 E to 6 E)
North Reference: Grid
Geo Datum: European 1950 - Mean
Vertical Section Direction: 25.52deg
----------------------------------------------------------------
SURVEY LIST
MD        Inc       Azim      TVD       X-Offset (E/W)  Y-Offset (N/S)  UTM E/W         UTM N/S         DLS
m RKB     deg       deg       m RKB     m               m               m               m               deg/30m
145.90    0.00      0.00      145.90    2.228           -3.911          435052.248      6478559.613     0.00      
150.00    0.02      28.15     150.00    2.229           -3.911          435052.249      6478559.614     0.15      
160.00    0.05      27.73     160.00    2.232           -3.905          435052.252      6478559.619     0.09      
170.00    0.04      30.13     170.00    2.235           -3.898          435052.255      6478559.626     0.03      
180.00    0.03      35.69     180.00    2.239           -3.893          435052.259      6478559.631     0.03      
190.00    0.04      31.77     190.00    2.242           -3.888          435052.262      6478559.636     0.03      
200.00    0.04      37.25     200.00    2.246           -3.882          435052.266      6478559.642     0.01      
210.00    0.06      67.69     210.00    2.253           -3.878          435052.273      6478559.647     0.10      
220.00    0.14      85.78     220.00    2.270           -3.875          435052.290      6478559.650     0.26      
230.00    0.20      111.58    230.00    2.298           -3.880          435052.318      6478559.644     0.29      
240.00    0.27      125.12    240.00    2.334           -3.900          435052.354      6478559.624     0.27      
250.00    0.28      127.84    250.00    2.372           -3.929          435052.392      6478559.596     0.05      
260.00    0.28      131.59    260.00    2.410           -3.960          435052.430      6478559.564     0.05      
270.00    0.30      129.68    270.00    2.448           -3.993          435052.468      6478559.531     0.07      
280.00    0.31      129.81    280.00    2.489           -4.027          435052.509      6478559.497     0.03      
290.00    0.34      129.07    290.00    2.533           -4.063          435052.553      6478559.461     0.09      
300.00    0.41      128.66    300.00    2.584           -4.104          435052.604      6478559.420     0.21      
310.00    0.55      123.69    310.00    2.652           -4.153          435052.672      6478559.371     0.44      
320.00    0.84      119.22    320.00    2.756           -4.215          435052.776      6478559.309     0.88      
330.00    1.20      117.73    330.00    2.913           -4.300          435052.932      6478559.225     1.08      
340.00    1.54      116.39    339.99    3.126           -4.408          435053.145      6478559.116     1.02      
350.00    2.10      114.55    349.99    3.413           -4.544          435053.432      6478558.980     1.69      
360.00    2.64      117.59    359.98    3.783           -4.727          435053.803      6478558.798     1.66      
370.00    2.89      119.53    369.97    4.207           -4.958          435054.226      6478558.567     0.80      
380.00    3.46      117.59    379.95    4.694           -5.222          435054.713      6478558.303     1.74      
390.00    4.06      115.82    389.93    5.280           -5.516          435055.299      6478558.009     1.83      
400.00    4.32      115.51    399.90    5.938           -5.832          435055.957      6478557.693     0.78      
410.00    4.53      115.75    409.87    6.634           -6.166          435056.653      6478557.359     0.63      
420.00    4.78      116.07    419.84    7.364           -6.521          435057.382      6478557.004     0.75      
430.00    4.98      115.78    429.81    8.129           -6.893          435058.147      6478556.633     0.60      
440.00    5.08      115.36    439.77    8.920           -7.271          435058.938      6478556.254     0.32      
450.00    5.39      115.50    449.73    9.744           -7.663          435059.761      6478555.863     0.93      
460.00    5.79      115.11    459.68    10.625          -8.079          435060.642      6478555.447     1.21      
470.00    6.04      114.60    469.62    11.560          -8.512          435061.577      6478555.014     0.77      
480.00    6.31      114.83    479.57    12.537          -8.962          435062.553      6478554.564     0.81      
490.00    6.62      114.05    489.50    13.562          -9.428          435063.578      6478554.099     0.97      
500.00    6.99      113.89    499.43    14.645          -9.909          435064.660      6478553.617     1.11      
510.00    7.14      114.00    509.36    15.769          -10.408         435065.784      6478553.118     0.45      
520.00    7.38      113.71    519.28    16.925          -10.919         435066.940      6478552.608     0.73      
530.00    7.79      114.26    529.19    18.130          -11.456         435068.145      6478552.071     1.25      
540.00    8.40      114.62    539.09    19.412          -12.039         435069.426      6478551.489     1.84      
550.00    8.86      114.55    548.98    20.777          -12.663         435070.791      6478550.864     1.38      
560.00    9.30      114.83    558.85    22.211          -13.322         435072.224      6478550.205     1.33      
570.00    9.71      115.07    568.71    23.708          -14.019         435073.720      6478549.509     1.24      
580.00    10.10     115.21    578.56    25.265          -14.750         435075.277      6478548.778     1.17      
590.00    10.68     115.04    588.40    26.898          -15.515         435076.909      6478548.013     1.74      
600.00    11.23     115.09    598.22    28.619          -16.320         435078.630      6478547.208     1.65      
610.00    11.89     115.65    608.01    30.430          -17.179         435080.440      6478546.350     2.01      
620.00    12.15     115.66    617.80    32.307          -18.081         435082.317      6478545.448     0.78      
630.00    12.39     115.86    627.57    34.221          -19.005         435084.230      6478544.525     0.73      
640.00    12.77     116.66    637.33    36.174          -19.968         435086.182      6478543.562     1.25      
650.00    13.11     117.53    647.07    38.168          -20.989         435088.175      6478542.542     1.18      
660.00    13.29     118.11    656.81    40.187          -22.054         435090.194      6478541.476     0.67      
670.00    13.46     118.65    666.54    42.222          -23.154         435092.228      6478540.377     0.63      
680.00    13.71     119.67    676.26    44.273          -24.298         435094.279      6478539.233     1.04      
690.00    13.91     121.43    685.97    46.329          -25.512         435096.333      6478538.020     1.40      
700.00    14.02     122.28    695.67    48.378          -26.786         435098.382      6478536.747     0.70      
710.00    14.19     123.08    705.37    50.429          -28.101         435100.433      6478535.431     0.78      
720.00    14.44     124.37    715.06    52.486          -29.474         435102.488      6478534.059     1.22      
730.00    14.75     125.72    724.74    54.548          -30.921         435104.550      6478532.612     1.38      
740.00    14.97     126.52    734.40    56.620          -32.433         435106.621      6478531.101     0.90      
750.00    15.31     127.07    744.06    58.711          -33.998         435108.712      6478529.537     1.11      
760.00    15.80     128.00    753.69    60.837          -35.632         435110.837      6478527.904     1.65      
770.00    16.34     128.60    763.30    63.009          -37.347         435113.008      6478526.189     1.69      
780.00    16.87     128.67    772.88    65.242          -39.132         435115.240      6478524.405     1.59      
790.00    17.50     128.79    782.44    67.547          -40.980         435117.544      6478522.557     1.89      
800.00    18.40     128.93    791.95    69.946          -42.914         435119.943      6478520.624     2.70      
810.00    19.13     128.69    801.42    72.453          -44.930         435122.449      6478518.609     2.20      
820.00    19.61     128.36    810.85    75.048          -46.996         435125.043      6478516.544     1.48      
830.00    20.09     128.11    820.26    77.715          -49.097         435127.709      6478514.443     1.46      
840.00    20.61     127.67    829.63    80.460          -51.233         435130.452      6478512.308     1.63      
850.00    21.04     126.88    838.98    83.289          -53.386         435133.280      6478510.156     1.54      
860.00    21.40     126.14    848.30    86.198          -55.539         435136.189      6478508.004     1.35      
870.00    21.66     125.36    857.60    89.176          -57.683         435139.166      6478505.860     1.16      
880.00    21.71     124.64    866.90    92.203          -59.802         435142.192      6478503.742     0.81      
890.00    21.70     124.31    876.19    95.252          -61.895         435145.239      6478501.649     0.37      
900.00    21.25     124.06    885.49    98.280          -63.953         435148.267      6478499.593     1.38      
910.00    20.45     123.59    894.84    101.237         -65.934         435151.222      6478497.612     2.45      
920.00    19.76     123.32    904.23    104.104         -67.829         435154.089      6478495.718     2.09      
930.00    19.35     123.24    913.65    106.903         -69.666         435156.886      6478493.882     1.23      
940.00    19.05     123.04    923.10    109.656         -71.464         435159.639      6478492.084     0.92      
950.00    18.82     122.42    932.56    112.386         -73.218         435162.368      6478490.330     0.92      
960.00    18.76     121.53    942.02    115.118         -74.924         435165.099      6478488.625     0.88      
970.00    18.76     120.39    951.49    117.876         -76.578         435167.856      6478486.971     1.10      
980.00    18.83     119.53    960.96    120.667         -78.187         435170.646      6478485.363     0.86      
990.00    18.87     118.52    970.42    123.492         -79.755         435173.470      6478483.796     0.99      
1000.00   18.94     117.69    979.88    126.350         -81.281         435176.327      6478482.270     0.83      
1010.00   18.99     117.08    989.34    129.236         -82.776         435179.212      6478480.776     0.61      
1020.00   19.11     116.31    998.79    132.152         -84.242         435182.127      6478479.310     0.84      
1030.00   19.38     115.18    1008.23   135.121         -85.673         435185.095      6478477.879     1.38      
1040.00   19.81     113.76    1017.65   138.173         -87.062         435188.146      6478476.491     1.92      
1050.00   20.19     113.30    1027.05   141.309         -88.427         435191.281      6478475.126     1.23      
1060.00   20.45     113.25    1036.43   144.499         -89.800         435194.470      6478473.755     0.78      
1070.00   20.56     113.30    1045.79   147.717         -91.184         435197.686      6478472.371     0.33      
1080.00   20.72     113.64    1055.15   150.950         -92.588         435200.918      6478470.968     0.60      
1090.00   20.96     114.82    1064.50   154.194         -94.048         435204.161      6478469.508     1.45      
1100.00   21.31     116.57    1073.83   157.443         -95.611         435207.409      6478467.945     2.16      
1110.00   21.80     119.11    1083.13   160.690         -97.327         435210.655      6478466.229     3.16      
1120.00   22.42     121.45    1092.39   163.939         -99.226         435213.903      6478464.332     3.23      
1130.00   22.93     122.76    1101.62   167.204         -101.275        435217.167      6478462.283     2.15      
1140.00   23.46     123.56    1110.81   170.501         -103.429        435220.463      6478460.130     1.85      
1150.00   24.23     123.79    1119.96   173.866         -105.671        435223.826      6478457.889     2.33      
1160.00   25.03     123.68    1129.05   177.331         -107.985        435227.290      6478455.575     2.40      
1170.00   25.65     123.27    1138.08   180.901         -110.346        435230.859      6478453.215     1.93      
1180.00   26.32     122.53    1147.07   184.580         -112.725        435234.537      6478450.837     2.23      
1190.00   26.84     121.79    1156.02   188.368         -115.107        435238.323      6478448.456     1.85      
1200.00   27.31     120.99    1164.92   192.254         -117.477        435242.208      6478446.087     1.78      
1210.00   27.87     120.37    1173.78   196.237         -119.840        435246.189      6478443.724     1.89      
1220.00   28.39     119.92    1182.60   200.314         -122.208        435250.265      6478441.358     1.68      
1230.00   29.01     119.62    1191.37   204.482         -124.592        435254.432      6478438.974     1.91      
1240.00   29.71     119.54    1200.09   208.746         -127.012        435258.695      6478436.555     2.10      
1250.00   30.28     119.50    1208.75   213.097         -129.476        435263.043      6478434.093     1.71      
1260.00   30.70     119.42    1217.37   217.514         -131.971        435267.460      6478431.598     1.27      
1270.00   30.84     119.31    1225.96   221.973         -134.480        435271.917      6478429.090     0.45      
1280.00   30.61     119.28    1234.56   226.429         -136.980        435276.371      6478426.591     0.69      
1290.00   30.14     119.39    1243.18   230.837         -139.457        435280.777      6478424.115     1.42      
1300.00   29.48     119.45    1251.86   235.167         -141.899        435285.106      6478421.674     1.98      
1310.00   29.02     119.52    1260.58   239.421         -144.304        435289.358      6478419.270     1.38      
1320.00   28.79     119.74    1269.34   243.622         -146.693        435293.558      6478416.881     0.76      
1330.00   28.51     119.93    1278.11   247.781         -149.079        435297.716      6478414.496     0.88      
1340.00   27.89     120.05    1286.93   251.874         -151.441        435301.807      6478412.135     1.87      
1350.00   27.26     120.01    1295.79   255.882         -153.757        435305.813      6478409.819     1.89      
1360.00   27.20     119.88    1304.68   259.846         -156.041        435309.777      6478407.536     0.25      
1370.00   27.23     119.87    1313.58   263.812         -158.319        435313.741      6478405.259     0.09      
1380.00   27.38     119.62    1322.46   267.795         -160.595        435317.723      6478402.984     0.57      
1388.90   27.61     119.42    1330.36   271.371         -162.620        435321.297      6478400.960     0.84      
1398.90   27.61     119.42    1339.22   275.408         -164.896        435325.333      6478398.685     0.00      
1410.00   26.96     117.97    1349.08   279.871         -167.340        435329.795      6478396.242     2.50      
1418.90   26.46     116.77    1357.03   283.423         -169.179        435333.346      6478394.403     2.50      
1440.00   24.70     116.55    1376.06   291.564         -173.267        435341.484      6478390.316     2.50      
1470.00   22.21     116.18    1403.58   302.261         -178.571        435352.177      6478385.015     2.50      
1500.00   19.71     115.72    1431.60   311.908         -183.268        435361.820      6478380.319     2.50      
1530.00   17.22     115.14    1460.05   320.487         -187.350        435370.396      6478376.238     2.50      
1560.00   14.73     114.36    1488.89   327.981         -190.810        435377.888      6478372.780     2.50      
1590.00   12.24     113.28    1518.06   334.377         -193.639        435384.282      6478369.951     2.50      
1620.00   9.76      111.65    1547.51   339.662         -195.834        435389.565      6478367.757     2.50      
1650.00   7.29      108.94    1577.17   343.826         -197.390        435393.728      6478366.201     2.50      
1680.00   4.86      103.49    1607.00   346.862         -198.304        435396.762      6478365.288     2.50      
1710.00   2.55      87.77     1636.94   348.763         -198.575        435398.662      6478365.017     2.50      
1740.00   1.38      15.50     1666.92   349.526         -198.201        435399.425      6478365.391     2.50      
1770.00   3.13      324.74    1696.90   349.149         -197.183        435399.048      6478366.408     2.50      
1800.00   5.50      313.51    1726.82   347.633         -195.524        435397.533      6478368.067     2.50      
1830.00   7.95      309.10    1756.61   344.981         -193.227        435394.882      6478370.364     2.50      
1860.00   10.42     306.76    1786.22   341.199         -190.295        435391.101      6478373.294     2.50      
1890.00   12.90     305.32    1815.60   336.292         -186.735        435386.196      6478376.853     2.50      
1920.00   15.39     304.33    1844.69   330.271         -182.553        435380.177      6478381.034     2.50      
1950.00   17.88     303.62    1873.43   323.148         -177.757        435373.056      6478385.827     2.50      
1979.19   20.31     303.08    1901.01   315.169         -172.510        435365.081      6478391.073     2.50      
1980.00   20.31     303.08    1901.77   314.935         -172.357        435364.846      6478391.226     0.00      
2010.00   20.31     303.08    1929.91   306.211         -166.674        435356.125      6478396.907     0.00      
2040.00   20.31     303.08    1958.04   297.487         -160.991        435347.404      6478402.588     0.00      
2070.00   20.31     303.08    1986.18   288.763         -155.308        435338.683      6478408.269     0.00      
2100.00   20.31     303.08    2014.31   280.039         -149.625        435329.962      6478413.950     0.00      
2130.00   20.31     303.08    2042.45   271.315         -143.942        435321.241      6478419.632     0.00      
2160.00   20.31     303.08    2070.58   262.591         -138.258        435312.520      6478425.313     0.00      
2190.00   20.31     303.08    2098.72   253.866         -132.575        435303.799      6478430.994     0.00      
2220.00   20.31     303.08    2126.85   245.142         -126.892        435295.078      6478436.675     0.00      
2250.00   20.31     303.08    2154.99   236.418         -121.209        435286.357      6478442.356     0.00      
2280.00   20.31     303.08    2183.12   227.694         -115.526        435277.636      6478448.038     0.00      
2310.00   20.31     303.08    2211.26   218.970         -109.842        435268.915      6478453.719     0.00      
2340.00   20.31     303.08    2239.40   210.246         -104.159        435260.194      6478459.400     0.00      
2370.00   20.31     303.08    2267.53   201.522         -98.476         435251.473      6478465.081     0.00      
2400.00   20.31     303.08    2295.67   192.798         -92.793         435242.752      6478470.762     0.00      
2430.00   20.31     303.08    2323.80   184.074         -87.110         435234.031      6478476.444     0.00      
2460.00   20.31     303.08    2351.94   175.350         -81.427         435225.310      6478482.125     0.00      
2490.00   20.31     303.08    2380.07   166.626         -75.743         435216.589      6478487.806     0.00      
2520.00   20.31     303.08    2408.21   157.902         -70.060         435207.868      6478493.487     0.00      
2550.00   20.31     303.08    2436.34   149.178         -64.377         435199.147      6478499.168     0.00      
2580.00   20.31     303.08    2464.48   140.454         -58.694         435190.426      6478504.850     0.00      
2610.00   20.31     303.08    2492.61   131.730         -53.011         435181.705      6478510.531     0.00      
2640.00   20.31     303.08    2520.75   123.006         -47.327         435172.984      6478516.212     0.00      
2670.00   20.31     303.08    2548.88   114.282         -41.644         435164.263      6478521.893     0.00      
2677.14   20.31     303.08    2555.58   112.206         -40.292         435162.188      6478523.245     0.00      
2700.00   20.54     309.60    2577.00   105.791         -35.569         435155.775      6478527.966     3.00      
2730.00   21.21     317.82    2605.04   98.090          -28.192         435148.077      6478535.341     3.00      
2760.00   22.24     325.43    2632.92   91.224          -19.493         435141.213      6478544.036     3.00      
2790.00   23.60     332.31    2660.55   85.210          -9.498          435135.201      6478554.028     3.00      
2820.00   25.23     338.41    2687.87   80.066          1.766           435130.059      6478565.288     3.00      
2850.00   27.08     343.78    2714.80   75.805          14.269          435125.800      6478577.787     3.00      
2880.00   29.10     348.48    2741.27   72.440          27.976          435122.436      6478591.489     3.00      
2910.00   31.27     352.60    2767.21   69.979          42.850          435119.976      6478606.358     3.00      
2940.00   33.56     356.22    2792.53   68.430          58.850          435118.427      6478622.352     3.00      
2970.00   35.94     359.43    2817.18   67.796          75.932          435117.793      6478639.428     3.00      
3000.00   38.40     2.28      2841.09   68.079          94.049          435118.076      6478657.539     3.00      
3030.00   40.92     4.84      2864.18   69.278          113.151         435119.275      6478676.635     3.00      
3060.00   43.48     7.14      2886.41   71.391          133.187         435121.387      6478696.664     3.00      
3090.00   46.10     9.24      2907.70   74.411          154.101         435124.406      6478717.571     3.00      
3120.00   48.74     11.16     2928.00   78.330          175.836         435128.324      6478739.298     3.00      
3150.00   51.42     12.93     2947.25   83.138          198.333         435133.130      6478761.787     3.00      
3180.00   54.12     14.57     2965.40   88.820          221.529         435138.810      6478784.975     3.00      
3210.00   56.84     16.10     2982.40   95.363          245.362         435145.350      6478808.799     3.00      
3240.00   59.58     17.54     2998.20   102.746         269.765         435152.731      6478833.194     3.00      
3270.00   62.33     18.90     3012.76   110.952         294.672         435160.934      6478858.093     3.00      
3300.00   65.10     20.20     3026.05   119.956         320.015         435169.935      6478883.427     3.00      
3330.00   67.88     21.44     3038.02   129.734         345.724         435179.710      6478909.127     3.00      
3360.00   70.66     22.63     3048.63   140.260         371.729         435190.232      6478935.123     3.00      
3390.00   73.46     23.77     3057.87   151.504         397.959         435201.472      6478961.343     3.00      
3420.00   76.26     24.89     3065.71   163.436         424.341         435213.400      6478987.716     3.00      
3450.00   79.06     25.98     3072.12   176.024         450.803         435225.983      6479014.169     3.00      
3480.00   81.87     27.05     3077.09   189.231         477.273         435239.186      6479040.630     3.00      
3510.00   84.68     28.11     3080.60   203.024         503.678         435252.974      6479067.026     3.00      
3540.00   87.49     29.15     3082.65   217.362         529.946         435267.307      6479093.285     3.00      
3570.00   90.31     30.19     3083.22   232.208         556.005         435282.148      6479119.334     3.00      
3583.54   91.58     30.66     3083.00   239.062         567.675         435289.000      6479131.000     3.00      
3600.00   91.58     30.66     3082.55   247.454         581.832         435297.389      6479145.153     0.00      
3630.00   91.58     30.66     3081.72   262.747         607.629         435312.676      6479170.940     0.00      
3660.00   91.58     30.66     3080.90   278.039         633.425         435327.963      6479196.727     0.00      
3690.00   91.58     30.66     3080.07   293.332         659.222         435343.251      6479222.515     0.00      
3720.00   91.58     30.66     3079.24   308.624         685.018         435358.538      6479248.302     0.00      
3750.00   91.58     30.66     3078.42   323.917         710.815         435373.825      6479274.090     0.00      
3780.00   91.58     30.66     3077.59   339.209         736.611         435389.112      6479299.877     0.00      
3810.00   91.58     30.66     3076.77   354.502         762.407         435404.399      6479325.665     0.00      
3840.00   91.58     30.66     3075.94   369.794         788.204         435419.686      6479351.452     0.00      
3870.00   91.58     30.66     3075.11   385.087         814.000         435434.974      6479377.240     0.00      
3900.00   91.58     30.66     3074.29   400.379         839.797         435450.261      6479403.027     0.00      
3930.00   91.58     30.66     3073.46   415.672         865.593         435465.548      6479428.815     0.00      
3946.67   91.58     30.66     3073.00   424.171         879.930         435474.044      6479443.147     0.00      
