HEADER INFORMATION (all units in Statoil default) 
----------------------------------------------------------------
COMPANY: Statoil Norway
FIELD: SLEIPNER
WELL NAME: F-10
WELLBORE NAME: F-10 A
Drilled From: NO 15/9-F-10
Kick Off Depth: 1388.90m
Survey Name: F-10 A rev#1 STGAL 230915
Survey Date: 23.09.2015
Extraction Date: 11.04.2018
----------------------------------------------------------------
Calculation Method: Minimum Curvature
Datum Name: Rotary Table(54.90m)
----------------------------------------------------------------
Surface EW: 435052.248m
Surface NS: 6478559.613m
Surface Latitude: 58° 26' 29.6816 N
Surface Longitude: 1° 53' 15.0698 E
Bottom Hole MD: 3910.71m
Bottom Hole TVD: 3088.00m
Bottom Hole EW: 435474.999m
Bottom Hole NS: 6479446.005m
----------------------------------------------------------------
Survey Program:  
H  150 - 1389 8 1/2" KEEPER GYRO : KEEPER, CONT
H  1389 - 2375 F-10 A REV#1 STGAL 230915 : NOTUSE_MAGN,IFR,MAG-COR,REDQC,MSA DUALIN
H  2375 - 3250 F-10 A REV#1 STGAL 230915 : NOTUSE_MAGN,IFR,MAG-COR,REDQC,MSA DUALIN
H  3250 - 3911 F-10 A REV#1 STGAL 230915 : NOTUSE_MAGN,IFR,MAG-COR,REDQC,MSA DUALIN
----------------------------------------------------------------
Water Depth: 91.00m
KB-WH: 145.90m
KB-MSL: 54.90m
System Datum: Mean Sea Level
----------------------------------------------------------------
Map-Zone: Zone 31N (0 E to 6 E)
North Reference: Grid
Geo Datum: European 1950 - Mean
Vertical Section Direction: 25.50deg
----------------------------------------------------------------
SURVEY LIST
MD        Inc       Azim      TVD       X-Offset (E/W)  Y-Offset (N/S)  UTM E/W         UTM N/S         DLS
m RKB     deg       deg       m RKB     m               m               m               m               deg/30m
145.90    0.00      0.00      145.90    2.228           -3.911          435052.248      6478559.613     0.00      
150.00    0.02      28.15     150.00    2.229           -3.911          435052.249      6478559.614     0.15      
160.00    0.05      27.73     160.00    2.232           -3.905          435052.252      6478559.619     0.09      
170.00    0.04      30.13     170.00    2.235           -3.898          435052.255      6478559.626     0.03      
180.00    0.03      35.69     180.00    2.239           -3.893          435052.259      6478559.631     0.03      
190.00    0.04      31.77     190.00    2.242           -3.888          435052.262      6478559.636     0.03      
200.00    0.04      37.25     200.00    2.246           -3.882          435052.266      6478559.642     0.01      
210.00    0.06      67.69     210.00    2.253           -3.878          435052.273      6478559.647     0.10      
220.00    0.14      85.78     220.00    2.270           -3.875          435052.290      6478559.650     0.26      
230.00    0.20      111.58    230.00    2.298           -3.880          435052.318      6478559.644     0.29      
240.00    0.27      125.12    240.00    2.334           -3.900          435052.354      6478559.624     0.27      
250.00    0.28      127.84    250.00    2.372           -3.929          435052.392      6478559.596     0.05      
260.00    0.28      131.59    260.00    2.410           -3.960          435052.430      6478559.564     0.05      
270.00    0.30      129.68    270.00    2.448           -3.993          435052.468      6478559.531     0.07      
280.00    0.31      129.81    280.00    2.489           -4.027          435052.509      6478559.497     0.03      
290.00    0.34      129.07    290.00    2.533           -4.063          435052.553      6478559.461     0.09      
300.00    0.41      128.66    300.00    2.584           -4.104          435052.604      6478559.420     0.21      
310.00    0.55      123.69    310.00    2.652           -4.153          435052.672      6478559.371     0.44      
320.00    0.84      119.22    320.00    2.756           -4.215          435052.776      6478559.309     0.88      
330.00    1.20      117.73    330.00    2.913           -4.300          435052.932      6478559.225     1.08      
340.00    1.54      116.39    339.99    3.126           -4.408          435053.145      6478559.116     1.02      
350.00    2.10      114.55    349.99    3.413           -4.544          435053.432      6478558.980     1.69      
360.00    2.64      117.59    359.98    3.783           -4.727          435053.803      6478558.798     1.66      
370.00    2.89      119.53    369.97    4.207           -4.958          435054.226      6478558.567     0.80      
380.00    3.46      117.59    379.95    4.694           -5.222          435054.713      6478558.303     1.74      
390.00    4.06      115.82    389.93    5.280           -5.516          435055.299      6478558.009     1.83      
400.00    4.32      115.51    399.90    5.938           -5.832          435055.957      6478557.693     0.78      
410.00    4.53      115.75    409.87    6.634           -6.166          435056.653      6478557.359     0.63      
420.00    4.78      116.07    419.84    7.364           -6.521          435057.382      6478557.004     0.75      
430.00    4.98      115.78    429.81    8.129           -6.893          435058.147      6478556.633     0.60      
440.00    5.08      115.36    439.77    8.920           -7.271          435058.938      6478556.254     0.32      
450.00    5.39      115.50    449.73    9.744           -7.663          435059.761      6478555.863     0.93      
460.00    5.79      115.11    459.68    10.625          -8.079          435060.642      6478555.447     1.21      
470.00    6.04      114.60    469.62    11.560          -8.512          435061.577      6478555.014     0.77      
480.00    6.31      114.83    479.57    12.537          -8.962          435062.553      6478554.564     0.81      
490.00    6.62      114.05    489.50    13.562          -9.428          435063.578      6478554.099     0.97      
500.00    6.99      113.89    499.43    14.645          -9.909          435064.660      6478553.617     1.11      
510.00    7.14      114.00    509.36    15.769          -10.408         435065.784      6478553.118     0.45      
520.00    7.38      113.71    519.28    16.925          -10.919         435066.940      6478552.608     0.73      
530.00    7.79      114.26    529.19    18.130          -11.456         435068.145      6478552.071     1.25      
540.00    8.40      114.62    539.09    19.412          -12.039         435069.426      6478551.489     1.84      
550.00    8.86      114.55    548.98    20.777          -12.663         435070.791      6478550.864     1.38      
560.00    9.30      114.83    558.85    22.211          -13.322         435072.224      6478550.205     1.33      
570.00    9.71      115.07    568.71    23.708          -14.019         435073.720      6478549.509     1.24      
580.00    10.10     115.21    578.56    25.265          -14.750         435075.277      6478548.778     1.17      
590.00    10.68     115.04    588.40    26.898          -15.515         435076.909      6478548.013     1.74      
600.00    11.23     115.09    598.22    28.619          -16.320         435078.630      6478547.208     1.65      
610.00    11.89     115.65    608.01    30.430          -17.179         435080.440      6478546.350     2.01      
620.00    12.15     115.66    617.80    32.307          -18.081         435082.317      6478545.448     0.78      
630.00    12.39     115.86    627.57    34.221          -19.005         435084.230      6478544.525     0.73      
640.00    12.77     116.66    637.33    36.174          -19.968         435086.182      6478543.562     1.25      
650.00    13.11     117.53    647.07    38.168          -20.989         435088.175      6478542.542     1.18      
660.00    13.29     118.11    656.81    40.187          -22.054         435090.194      6478541.476     0.67      
670.00    13.46     118.65    666.54    42.222          -23.154         435092.228      6478540.377     0.63      
680.00    13.71     119.67    676.26    44.273          -24.298         435094.279      6478539.233     1.04      
690.00    13.91     121.43    685.97    46.329          -25.512         435096.333      6478538.020     1.40      
700.00    14.02     122.28    695.67    48.378          -26.786         435098.382      6478536.747     0.70      
710.00    14.19     123.08    705.37    50.429          -28.101         435100.433      6478535.431     0.78      
720.00    14.44     124.37    715.06    52.486          -29.474         435102.488      6478534.059     1.22      
730.00    14.75     125.72    724.74    54.548          -30.921         435104.550      6478532.612     1.38      
740.00    14.97     126.52    734.40    56.620          -32.433         435106.621      6478531.101     0.90      
750.00    15.31     127.07    744.06    58.711          -33.998         435108.712      6478529.537     1.11      
760.00    15.80     128.00    753.69    60.837          -35.632         435110.837      6478527.904     1.65      
770.00    16.34     128.60    763.30    63.009          -37.347         435113.008      6478526.189     1.69      
780.00    16.87     128.67    772.88    65.242          -39.132         435115.240      6478524.405     1.59      
790.00    17.50     128.79    782.44    67.547          -40.980         435117.544      6478522.557     1.89      
800.00    18.40     128.93    791.95    69.946          -42.914         435119.943      6478520.624     2.70      
810.00    19.13     128.69    801.42    72.453          -44.930         435122.449      6478518.609     2.20      
820.00    19.61     128.36    810.85    75.048          -46.996         435125.043      6478516.544     1.48      
830.00    20.09     128.11    820.26    77.715          -49.097         435127.709      6478514.443     1.46      
840.00    20.61     127.67    829.63    80.460          -51.233         435130.452      6478512.308     1.63      
850.00    21.04     126.88    838.98    83.289          -53.386         435133.280      6478510.156     1.54      
860.00    21.40     126.14    848.30    86.198          -55.539         435136.189      6478508.004     1.35      
870.00    21.66     125.36    857.60    89.176          -57.683         435139.166      6478505.860     1.16      
880.00    21.71     124.64    866.90    92.203          -59.802         435142.192      6478503.742     0.81      
890.00    21.70     124.31    876.19    95.252          -61.895         435145.239      6478501.649     0.37      
900.00    21.25     124.06    885.49    98.280          -63.953         435148.267      6478499.593     1.38      
910.00    20.45     123.59    894.84    101.237         -65.934         435151.222      6478497.612     2.45      
920.00    19.76     123.32    904.23    104.104         -67.829         435154.089      6478495.718     2.09      
930.00    19.35     123.24    913.65    106.903         -69.666         435156.886      6478493.882     1.23      
940.00    19.05     123.04    923.10    109.656         -71.464         435159.639      6478492.084     0.92      
950.00    18.82     122.42    932.56    112.386         -73.218         435162.368      6478490.330     0.92      
960.00    18.76     121.53    942.02    115.118         -74.924         435165.099      6478488.625     0.88      
970.00    18.76     120.39    951.49    117.876         -76.578         435167.856      6478486.971     1.10      
980.00    18.83     119.53    960.96    120.667         -78.187         435170.646      6478485.363     0.86      
990.00    18.87     118.52    970.42    123.492         -79.755         435173.470      6478483.796     0.99      
1000.00   18.94     117.69    979.88    126.350         -81.281         435176.327      6478482.270     0.83      
1010.00   18.99     117.08    989.34    129.236         -82.776         435179.212      6478480.776     0.61      
1020.00   19.11     116.31    998.79    132.152         -84.242         435182.127      6478479.310     0.84      
1030.00   19.38     115.18    1008.23   135.121         -85.673         435185.095      6478477.879     1.38      
1040.00   19.81     113.76    1017.65   138.173         -87.062         435188.146      6478476.491     1.92      
1050.00   20.19     113.30    1027.05   141.309         -88.427         435191.281      6478475.126     1.23      
1060.00   20.45     113.25    1036.43   144.499         -89.800         435194.470      6478473.755     0.78      
1070.00   20.56     113.30    1045.79   147.717         -91.184         435197.686      6478472.371     0.33      
1080.00   20.72     113.64    1055.15   150.950         -92.588         435200.918      6478470.968     0.60      
1090.00   20.96     114.82    1064.50   154.194         -94.048         435204.161      6478469.508     1.45      
1100.00   21.31     116.57    1073.83   157.443         -95.611         435207.409      6478467.945     2.16      
1110.00   21.80     119.11    1083.13   160.690         -97.327         435210.655      6478466.229     3.16      
1120.00   22.42     121.45    1092.39   163.939         -99.226         435213.903      6478464.332     3.23      
1130.00   22.93     122.76    1101.62   167.204         -101.275        435217.167      6478462.283     2.15      
1140.00   23.46     123.56    1110.81   170.501         -103.429        435220.463      6478460.130     1.85      
1150.00   24.23     123.79    1119.96   173.866         -105.671        435223.826      6478457.889     2.33      
1160.00   25.03     123.68    1129.05   177.331         -107.985        435227.290      6478455.575     2.40      
1170.00   25.65     123.27    1138.08   180.901         -110.346        435230.859      6478453.215     1.93      
1180.00   26.32     122.53    1147.07   184.580         -112.725        435234.537      6478450.837     2.23      
1190.00   26.84     121.79    1156.02   188.368         -115.107        435238.323      6478448.456     1.85      
1200.00   27.31     120.99    1164.92   192.254         -117.477        435242.208      6478446.087     1.78      
1210.00   27.87     120.37    1173.78   196.237         -119.840        435246.189      6478443.724     1.89      
1220.00   28.39     119.92    1182.60   200.314         -122.208        435250.265      6478441.358     1.68      
1230.00   29.01     119.62    1191.37   204.482         -124.592        435254.432      6478438.974     1.91      
1240.00   29.71     119.54    1200.09   208.746         -127.012        435258.695      6478436.555     2.10      
1250.00   30.28     119.50    1208.75   213.097         -129.476        435263.043      6478434.093     1.71      
1260.00   30.70     119.42    1217.37   217.514         -131.971        435267.460      6478431.598     1.27      
1270.00   30.84     119.31    1225.96   221.973         -134.480        435271.917      6478429.090     0.45      
1280.00   30.61     119.28    1234.56   226.429         -136.980        435276.371      6478426.591     0.69      
1290.00   30.14     119.39    1243.18   230.837         -139.457        435280.777      6478424.115     1.42      
1300.00   29.48     119.45    1251.86   235.167         -141.899        435285.106      6478421.674     1.98      
1310.00   29.02     119.52    1260.58   239.421         -144.304        435289.358      6478419.270     1.38      
1320.00   28.79     119.74    1269.34   243.622         -146.693        435293.558      6478416.881     0.76      
1330.00   28.51     119.93    1278.11   247.781         -149.079        435297.716      6478414.496     0.88      
1340.00   27.89     120.05    1286.93   251.874         -151.441        435301.807      6478412.135     1.87      
1350.00   27.26     120.01    1295.79   255.882         -153.757        435305.813      6478409.819     1.89      
1360.00   27.20     119.88    1304.68   259.846         -156.041        435309.777      6478407.536     0.25      
1370.00   27.23     119.87    1313.58   263.812         -158.319        435313.741      6478405.259     0.09      
1380.00   27.38     119.62    1322.46   267.795         -160.595        435317.723      6478402.984     0.57      
1388.90   27.61     119.42    1330.36   271.371         -162.620        435321.297      6478400.960     0.84      
1398.90   27.61     119.42    1339.22   275.408         -164.896        435325.333      6478398.685     0.00      
1410.00   26.96     117.97    1349.08   279.871         -167.340        435329.795      6478396.242     2.50      
1418.90   26.46     116.77    1357.03   283.423         -169.179        435333.346      6478394.403     2.50      
1440.00   24.70     116.78    1376.06   291.556         -173.282        435341.476      6478390.301     2.50      
1470.00   22.20     116.79    1403.58   302.213         -178.661        435352.128      6478384.924     2.50      
1500.00   19.70     116.80    1431.60   311.786         -183.496        435361.699      6478380.091     2.50      
1530.00   17.20     116.82    1460.06   320.259         -187.777        435370.168      6478375.811     2.50      
1560.00   14.70     116.84    1488.90   327.614         -191.498        435377.521      6478372.092     2.50      
1590.00   12.20     116.88    1518.07   333.838         -194.650        435383.743      6478368.941     2.50      
1620.00   9.70      116.93    1547.53   338.919         -197.227        435388.822      6478366.365     2.50      
1650.00   7.20      117.01    1577.20   342.848         -199.225        435392.749      6478364.367     2.50      
1680.00   4.70      117.18    1607.03   345.616         -200.641        435395.516      6478362.952     2.50      
1710.00   2.20      117.75    1636.98   347.219         -201.470        435397.119      6478362.123     2.50      
1740.00   0.30      288.99    1666.97   347.653         -201.712        435397.553      6478361.881     2.50      
1770.00   2.80      295.85    1696.96   346.918         -201.367        435396.818      6478362.227     2.50      
1800.00   5.30      296.25    1726.88   345.015         -200.434        435394.915      6478363.159     2.50      
1830.00   7.80      296.39    1756.68   341.947         -198.916        435391.849      6478364.677     2.50      
1860.00   10.30     296.46    1786.31   337.721         -196.815        435387.625      6478366.777     2.50      
1890.00   12.80     296.51    1815.70   332.345         -194.136        435382.250      6478369.455     2.50      
1920.00   15.30     296.54    1844.80   325.828         -190.883        435375.736      6478372.706     2.50      
1931.54   16.26     296.55    1855.90   323.020         -189.481        435372.929      6478374.108     2.50      
1950.00   16.26     296.55    1873.62   318.396         -187.170        435368.306      6478376.418     0.00      
1980.00   16.26     296.55    1902.42   310.880         -183.415        435360.793      6478380.172     0.00      
2010.00   16.26     296.55    1931.22   303.365         -179.660        435353.280      6478383.925     0.00      
2040.00   16.26     296.55    1960.02   295.849         -175.905        435345.767      6478387.679     0.00      
2070.00   16.26     296.55    1988.82   288.334         -172.150        435338.254      6478391.433     0.00      
2100.00   16.26     296.55    2017.62   280.818         -168.395        435330.741      6478395.186     0.00      
2130.00   16.26     296.55    2046.42   273.302         -164.640        435323.228      6478398.940     0.00      
2160.00   16.26     296.55    2075.22   265.787         -160.885        435315.715      6478402.694     0.00      
2190.00   16.26     296.55    2104.02   258.271         -157.130        435308.202      6478406.447     0.00      
2220.00   16.26     296.55    2132.82   250.756         -153.375        435300.689      6478410.201     0.00      
2250.00   16.26     296.55    2161.62   243.240         -149.620        435293.176      6478413.955     0.00      
2280.00   16.26     296.55    2190.42   235.724         -145.865        435285.663      6478417.708     0.00      
2310.00   16.26     296.55    2219.22   228.209         -142.110        435278.150      6478421.462     0.00      
2340.00   16.26     296.55    2248.02   220.693         -138.356        435270.637      6478425.216     0.00      
2370.00   16.26     296.55    2276.82   213.178         -134.601        435263.124      6478428.969     0.00      
2400.00   16.26     296.55    2305.62   205.662         -130.846        435255.611      6478432.723     0.00      
2430.00   16.26     296.55    2334.41   198.146         -127.091        435248.098      6478436.477     0.00      
2460.00   16.26     296.55    2363.21   190.631         -123.336        435240.585      6478440.230     0.00      
2490.00   16.26     296.55    2392.01   183.115         -119.581        435233.072      6478443.984     0.00      
2512.24   16.26     296.55    2413.36   177.544         -116.797        435227.503      6478446.767     0.00      
2520.00   16.29     298.85    2420.81   175.618         -115.786        435225.578      6478447.777     2.50      
2550.00   16.64     307.60    2449.59   168.528         -111.134        435218.490      6478452.428     2.50      
2580.00   17.34     315.82    2478.28   162.008         -105.307        435211.973      6478458.253     2.50      
2610.00   18.34     323.31    2506.84   156.073         -98.316         435206.040      6478465.241     2.50      
2640.00   19.60     329.95    2535.22   150.733         -90.175         435200.701      6478473.379     2.50      
2670.00   21.08     335.76    2563.35   145.998         -80.899         435195.968      6478482.652     2.50      
2700.00   22.73     340.80    2591.18   141.877         -70.506         435191.848      6478493.042     2.50      
2730.00   24.51     345.17    2618.67   138.378         -59.015         435188.350      6478504.529     2.50      
2760.00   26.41     348.97    2645.76   135.508         -46.449         435185.481      6478517.091     2.50      
2790.00   28.39     352.28    2672.39   133.272         -32.830         435183.246      6478530.704     2.50      
2820.00   30.45     355.18    2698.53   131.674         -18.186         435181.649      6478545.343     2.50      
2850.00   32.56     357.75    2724.10   130.718         -2.544          435180.694      6478560.980     2.50      
2880.00   34.71     0.03      2749.08   130.406         14.066          435180.381      6478577.584     2.50      
2910.00   36.91     2.08      2773.41   130.737         31.612          435180.712      6478595.124     2.50      
2940.00   39.13     3.92      2797.04   131.711         50.062          435181.686      6478613.568     2.50      
2970.00   41.39     5.60      2819.94   133.327         69.380          435183.302      6478632.879     2.50      
3000.00   43.66     7.13      2842.04   135.581         89.529          435185.555      6478653.021     2.50      
3030.00   45.96     8.54      2863.33   138.470         110.471         435188.442      6478673.955     2.50      
3060.00   48.27     9.85      2883.74   141.987         132.166         435191.958      6478695.643     2.50      
3090.00   50.59     11.06     2903.25   146.125         154.572         435196.095      6478718.041     2.50      
3120.00   52.93     12.20     2921.82   150.878         177.648         435200.846      6478741.109     2.50      
3150.00   55.27     13.26     2939.41   156.236         201.349         435206.202      6478764.802     2.50      
3180.00   57.63     14.27     2955.99   162.188         225.630         435212.152      6478789.074     2.50      
3210.00   59.99     15.23     2971.53   168.724         250.444         435218.686      6478813.880     2.50      
3240.00   62.36     16.14     2985.99   175.830         275.745         435225.790      6478839.172     2.50      
3270.00   64.73     17.01     2999.36   183.495         301.485         435233.452      6478864.903     2.50      
3300.00   67.11     17.85     3011.59   191.702         327.614         435241.656      6478891.023     2.50      
3330.00   69.50     18.66     3022.68   200.436         354.083         435250.387      6478917.482     2.50      
3360.00   71.88     19.45     3032.60   209.681         380.841         435259.629      6478944.231     2.50      
3390.00   74.27     20.21     3041.33   219.419         407.837         435269.363      6478971.218     2.50      
3420.00   76.67     20.96     3048.86   229.631         435.020         435279.572      6478998.392     2.50      
3450.00   79.06     21.69     3055.17   240.298         462.339         435290.235      6479025.701     2.50      
3480.00   81.46     22.41     3060.24   251.400         489.740         435301.333      6479053.093     2.50      
3510.00   83.86     23.13     3064.07   262.916         517.173         435312.845      6479080.516     2.50      
3540.00   86.26     23.83     3066.66   274.823         544.585         435324.748      6479107.918     2.50      
3545.57   86.70     23.96     3067.00   277.076         549.668         435327.000      6479113.000     2.50      
3570.00   86.70     23.96     3068.41   286.980         571.955         435336.901      6479135.279     0.00      
3600.00   86.70     23.96     3070.13   299.144         599.324         435349.061      6479162.638     0.00      
3630.00   86.70     23.96     3071.86   311.308         626.693         435361.220      6479189.998     0.00      
3660.00   86.70     23.96     3073.58   323.472         654.062         435373.380      6479217.357     0.00      
3690.00   86.70     23.96     3075.31   335.636         681.431         435385.540      6479244.717     0.00      
3720.00   86.70     23.96     3077.03   347.799         708.800         435397.699      6479272.077     0.00      
3750.00   86.70     23.96     3078.76   359.963         736.170         435409.859      6479299.436     0.00      
3780.00   86.70     23.96     3080.48   372.127         763.539         435422.018      6479326.796     0.00      
3810.00   86.70     23.96     3082.21   384.291         790.908         435434.178      6479354.155     0.00      
3840.00   86.70     23.96     3083.93   396.454         818.277         435446.337      6479381.515     0.00      
3870.00   86.70     23.96     3085.66   408.618         845.646         435458.497      6479408.874     0.00      
3900.00   86.70     23.96     3087.38   420.782         873.015         435470.656      6479436.234     0.00      
3910.71   86.70     23.96     3088.00   425.126         882.789         435474.999      6479446.005     0.00      
