HEADER INFORMATION (all units in Statoil default) 
----------------------------------------------------------------
COMPANY: Statoil Norway
FIELD: SLEIPNER
WELL NAME: F-11
WELLBORE NAME: Relief well 508m West
Drilled From: Relief well 1049m West
Kick Off Depth: 145.90m
Survey Name: Relief Well -F-11 B IOR 508m West 9 5/8" csg shoe
Survey Date: 29.10.2012
Extraction Date: 03.04.2018
----------------------------------------------------------------
Calculation Method: Minimum Curvature
Datum Name: MI(54.90m)
----------------------------------------------------------------
Surface EW: 435049.095m
Surface NS: 6478568.172m
Surface Latitude: 58° 26' 29.9566 N
Surface Longitude: 1° 53' 14.8667 E
Bottom Hole MD: 3075.44m
Bottom Hole TVD: 2722.68m
Bottom Hole EW: 435094.945m
Bottom Hole NS: 6478689.570m
----------------------------------------------------------------
Survey Program:  
H  146 - 3075 RELIEF WELL -F-11 B IOR 508M WEST 9 5/8" CSG SHOE : 
----------------------------------------------------------------
Water Depth: 91.00m
KB-WH: 145.90m
KB-MSL: 54.90m
System Datum: Mean Sea Level
----------------------------------------------------------------
Map-Zone: Zone 31N (0 E to 6 E)
North Reference: Grid
Geo Datum: European 1950 - Mean
Vertical Section Direction: 20.69deg
----------------------------------------------------------------
SURVEY LIST
MD        Inc       Azim      TVD       X-Offset (E/W)  Y-Offset (N/S)  UTM E/W         UTM N/S         DLS
m RKB     deg       deg       m RKB     m               m               m               m               deg/30m
145.90    0.00      0.00      145.90    -498.020        -92.518         434552.174      6478471.037     0.00      
150.00    0.00      360.00    150.00    -498.020        -92.518         434552.174      6478471.037     0.00      
180.00    0.00      360.00    180.00    -498.020        -92.518         434552.174      6478471.037     0.00      
210.00    0.00      360.00    210.00    -498.020        -92.518         434552.174      6478471.037     0.00      
240.00    0.00      360.00    240.00    -498.020        -92.518         434552.174      6478471.037     0.00      
270.00    0.00      360.00    270.00    -498.020        -92.518         434552.174      6478471.037     0.00      
300.00    0.00      360.00    300.00    -498.020        -92.518         434552.174      6478471.037     0.00      
330.00    0.00      360.00    330.00    -498.020        -92.518         434552.174      6478471.037     0.00      
360.00    0.00      360.00    360.00    -498.020        -92.518         434552.174      6478471.037     0.00      
390.00    0.00      360.00    390.00    -498.020        -92.518         434552.174      6478471.037     0.00      
420.00    0.00      360.00    420.00    -498.020        -92.518         434552.174      6478471.037     0.00      
450.00    0.00      360.00    450.00    -498.020        -92.518         434552.174      6478471.037     0.00      
480.00    0.00      360.00    480.00    -498.020        -92.518         434552.174      6478471.037     0.00      
510.00    0.00      360.00    510.00    -498.020        -92.518         434552.174      6478471.037     0.00      
540.00    0.00      360.00    540.00    -498.020        -92.518         434552.174      6478471.037     0.00      
545.90    0.00      360.00    545.90    -498.020        -92.518         434552.174      6478471.037     0.00      
570.00    0.80      242.00    570.00    -498.169        -92.598         434552.025      6478470.958     1.00      
600.00    1.80      242.00    599.99    -498.772        -92.918         434551.423      6478470.637     1.00      
630.00    2.80      242.00    629.97    -499.837        -93.484         434550.358      6478470.071     1.00      
660.00    3.80      242.00    659.92    -501.363        -94.296         434548.833      6478469.260     1.00      
690.00    4.80      242.00    689.83    -503.350        -95.352         434546.846      6478468.204     1.00      
720.00    5.80      242.00    719.70    -505.799        -96.654         434544.398      6478466.902     1.00      
750.00    6.80      242.00    749.52    -508.707        -98.201         434541.491      6478465.357     1.00      
780.00    7.80      242.00    779.28    -512.074        -99.991         434538.125      6478463.567     1.00      
810.00    8.80      242.00    808.96    -515.899        -102.025        434534.301      6478461.534     1.00      
840.00    9.80      242.00    838.57    -520.181        -104.302        434530.021      6478459.258     1.00      
845.90    10.00     242.00    844.38    -521.077        -104.778        434529.125      6478458.782     1.00      
870.00    10.00     242.00    868.11    -524.772        -106.743        434525.431      6478456.818     0.00      
900.00    10.00     242.00    897.66    -529.372        -109.188        434520.833      6478454.373     0.00      
930.00    10.00     242.00    927.20    -533.972        -111.634        434516.235      6478451.928     0.00      
960.00    10.00     242.00    956.75    -538.571        -114.080        434511.637      6478449.483     0.00      
990.00    10.00     242.00    986.29    -543.171        -116.525        434507.039      6478447.038     0.00      
1020.00   10.00     242.00    1015.83   -547.771        -118.971        434502.441      6478444.593     0.00      
1050.00   10.00     242.00    1045.38   -552.370        -121.417        434497.843      6478442.149     0.00      
1080.00   10.00     242.00    1074.92   -556.970        -123.862        434493.245      6478439.704     0.00      
1110.00   10.00     242.00    1104.47   -561.570        -126.308        434488.647      6478437.259     0.00      
1140.00   10.00     242.00    1134.01   -566.169        -128.754        434484.049      6478434.814     0.00      
1170.00   10.00     242.00    1163.56   -570.769        -131.200        434479.451      6478432.369     0.00      
1200.00   10.00     242.00    1193.10   -575.369        -133.645        434474.853      6478429.924     0.00      
1230.00   10.00     242.00    1222.64   -579.968        -136.091        434470.255      6478427.480     0.00      
1260.00   10.00     242.00    1252.19   -584.568        -138.537        434465.657      6478425.035     0.00      
1290.00   10.00     242.00    1281.73   -589.168        -140.982        434461.058      6478422.590     0.00      
1320.00   10.00     242.00    1311.28   -593.767        -143.428        434456.460      6478420.145     0.00      
1350.00   10.00     242.00    1340.82   -598.367        -145.874        434451.862      6478417.700     0.00      
1380.00   10.00     242.00    1370.37   -602.967        -148.319        434447.264      6478415.255     0.00      
1410.00   10.00     242.00    1399.91   -607.566        -150.765        434442.666      6478412.811     0.00      
1440.00   10.00     242.00    1429.45   -612.166        -153.211        434438.068      6478410.366     0.00      
1470.00   10.00     242.00    1459.00   -616.766        -155.656        434433.470      6478407.921     0.00      
1500.00   10.00     242.00    1488.54   -621.365        -158.102        434428.872      6478405.476     0.00      
1530.00   10.00     242.00    1518.09   -625.965        -160.548        434424.274      6478403.031     0.00      
1560.00   10.00     242.00    1547.63   -630.565        -162.993        434419.676      6478400.586     0.00      
1590.00   10.00     242.00    1577.17   -635.164        -165.439        434415.078      6478398.141     0.00      
1620.00   10.00     242.00    1606.72   -639.764        -167.885        434410.480      6478395.697     0.00      
1645.90   10.00     242.00    1632.23   -643.735        -169.996        434406.510      6478393.586     0.00      
1650.00   9.66      242.27    1636.27   -644.354        -170.323        434405.891      6478393.259     2.50      
1680.00   7.19      244.98    1665.94   -648.285        -172.289        434401.962      6478391.294     2.50      
1710.00   4.76      250.49    1695.77   -651.159        -173.499        434399.088      6478390.084     2.50      
1740.00   2.45      266.79    1725.71   -652.972        -173.951        434397.276      6478389.633     2.50      
1770.00   1.38      342.63    1755.70   -653.721        -173.643        434396.528      6478389.941     2.50      
1800.00   3.21      30.50     1785.68   -653.402        -172.576        434396.846      6478391.007     2.50      
1830.00   5.58      41.05     1815.59   -652.018        -170.753        434398.230      6478392.830     2.50      
1860.00   8.03      45.25     1845.37   -649.571        -168.176        434400.676      6478395.405     2.50      
1890.00   10.51     47.49     1874.98   -646.065        -164.852        434404.181      6478398.729     2.50      
1920.00   12.99     48.88     1904.35   -641.508        -160.785        434408.736      6478402.794     2.50      
1950.00   15.48     49.83     1933.43   -635.907        -155.984        434414.335      6478407.593     2.50      
1980.00   17.97     50.52     1962.15   -629.274        -150.458        434420.966      6478413.117     2.50      
2010.00   20.47     51.05     1990.48   -621.621        -144.217        434428.616      6478419.356     2.50      
2040.00   22.96     51.47     2018.35   -612.963        -137.274        434437.272      6478426.297     2.50      
2070.00   25.46     51.81     2045.71   -603.316        -129.641        434446.915      6478433.927     2.50      
2100.00   27.95     52.09     2072.51   -592.698        -121.334        434457.529      6478442.231     2.50      
2131.62   30.59     52.35     2100.08   -580.480        -111.865        434469.743      6478451.697     2.50      
2160.00   30.59     52.35     2124.52   -569.045        -103.042        434481.174      6478460.517     0.00      
2190.00   30.59     52.35     2150.34   -556.960        -93.717         434493.255      6478469.839     0.00      
2220.00   30.59     52.35     2176.17   -544.874        -84.391         434505.337      6478479.161     0.00      
2250.00   30.59     52.35     2201.99   -532.788        -75.066         434517.418      6478488.483     0.00      
2280.00   30.59     52.35     2227.82   -520.702        -65.741         434529.500      6478497.805     0.00      
2310.00   30.59     52.35     2253.65   -508.616        -56.415         434541.582      6478507.127     0.00      
2337.24   30.59     52.35     2277.09   -497.644        -47.949         434552.550      6478515.591     0.00      
2340.00   30.76     52.64     2279.47   -496.526        -47.091         434553.668      6478516.449     2.50      
2370.00   32.69     55.67     2304.99   -483.736        -37.866         434566.454      6478525.670     2.50      
2400.00   34.68     58.40     2329.95   -469.774        -28.824         434580.410      6478534.709     2.50      
2430.00   36.73     60.86     2354.31   -454.668        -19.982         434595.511      6478543.548     2.50      
2460.00   38.82     63.09     2378.03   -438.446        -11.357         434611.727      6478552.170     2.50      
2490.00   40.95     65.13     2401.04   -421.139        -2.964          434629.028      6478560.560     2.50      
2520.00   43.12     67.00     2423.33   -402.780        5.179           434647.381      6478568.700     2.50      
2550.00   45.31     68.72     2444.83   -383.403        13.057          434666.751      6478576.575     2.50      
2580.00   47.53     70.31     2465.51   -363.047        20.656          434687.101      6478584.171     2.50      
2610.00   49.76     71.80     2485.33   -341.748        27.960          434708.392      6478591.473     2.50      
2640.00   52.02     73.19     2504.25   -319.549        34.957          434730.584      6478598.467     2.50      
2670.00   54.29     74.50     2522.24   -296.490        41.632          434753.634      6478605.140     2.50      
2700.00   56.57     75.73     2539.27   -272.617        47.973          434777.498      6478611.479     2.50      
2730.00   58.87     76.90     2555.29   -247.975        53.968          434802.132      6478617.472     2.50      
2759.43   61.13     78.00     2570.00   -223.100        59.502          434826.998      6478623.004     2.50      
2760.00   61.13     78.00     2570.28   -222.610        59.606          434827.488      6478623.108     0.00      
2790.00   61.13     78.00     2584.76   -196.913        65.068          434853.177      6478628.568     0.00      
2820.00   61.13     78.00     2599.25   -171.215        70.530          434878.865      6478634.029     0.00      
2850.00   61.13     78.00     2613.73   -145.518        75.992          434904.554      6478639.489     0.00      
2880.00   61.13     78.00     2628.22   -119.821        81.454          434930.242      6478644.949     0.00      
2910.00   61.13     78.00     2642.70   -94.123         86.917          434955.931      6478650.409     0.00      
2940.00   61.13     78.00     2657.18   -68.426         92.379          434981.619      6478655.870     0.00      
2971.43   61.13     78.00     2672.36   -41.505         98.101          435008.530      6478661.590     0.00      
3000.00   61.04     74.74     2686.18   -17.204         103.994         435032.822      6478667.480     3.00      
3030.00   61.02     71.31     2700.71   7.893           111.655         435057.911      6478675.140     3.00      
3060.00   61.10     67.88     2715.23   32.494          120.807         435082.503      6478684.288     3.00      
3075.44   61.17     66.12     2722.68   44.940          126.090         435094.945      6478689.570     3.00      
