HEADER INFORMATION (all units in Statoil default) 
----------------------------------------------------------------
COMPANY: Statoil Norway
FIELD: SLEIPNER
WELL NAME: F-11
WELLBORE NAME: Relief well 508m West
Drilled From: Relief well 1049m West
Kick Off Depth: 145.90m
Survey Name: Relief Well F-11 N pilot 508m West 14" csg shoe
Survey Date: 19.10.2012
Extraction Date: 03.04.2018
----------------------------------------------------------------
Calculation Method: Minimum Curvature
Datum Name: MI(54.90m)
----------------------------------------------------------------
Surface EW: 435049.095m
Surface NS: 6478568.172m
Surface Latitude: 58° 26' 29.9566 N
Surface Longitude: 1° 53' 14.8667 E
Bottom Hole MD: 2566.83m
Bottom Hole TVD: 2442.19m
Bottom Hole EW: 434704.333m
Bottom Hole NS: 6478608.428m
----------------------------------------------------------------
Survey Program:  
H  146 - 2567 RELIEF WELL F-11 N PILOT 508M WEST 14" CSG SHOE : 
----------------------------------------------------------------
Water Depth: 91.00m
KB-WH: 145.90m
KB-MSL: 54.90m
System Datum: Mean Sea Level
----------------------------------------------------------------
Map-Zone: Zone 31N (0 E to 6 E)
North Reference: Grid
Geo Datum: European 1950 - Mean
Vertical Section Direction: 276.66deg
----------------------------------------------------------------
SURVEY LIST
MD        Inc       Azim      TVD       X-Offset (E/W)  Y-Offset (N/S)  UTM E/W         UTM N/S         DLS
m RKB     deg       deg       m RKB     m               m               m               m               deg/30m
145.90    0.00      0.00      145.90    -498.020        -92.518         434552.174      6478471.037     0.00      
150.00    0.00      360.00    150.00    -498.020        -92.518         434552.174      6478471.037     0.00      
180.00    0.00      360.00    180.00    -498.020        -92.518         434552.174      6478471.037     0.00      
210.00    0.00      360.00    210.00    -498.020        -92.518         434552.174      6478471.037     0.00      
240.00    0.00      360.00    240.00    -498.020        -92.518         434552.174      6478471.037     0.00      
270.00    0.00      360.00    270.00    -498.020        -92.518         434552.174      6478471.037     0.00      
300.00    0.00      360.00    300.00    -498.020        -92.518         434552.174      6478471.037     0.00      
330.00    0.00      360.00    330.00    -498.020        -92.518         434552.174      6478471.037     0.00      
360.00    0.00      360.00    360.00    -498.020        -92.518         434552.174      6478471.037     0.00      
390.00    0.00      360.00    390.00    -498.020        -92.518         434552.174      6478471.037     0.00      
420.00    0.00      360.00    420.00    -498.020        -92.518         434552.174      6478471.037     0.00      
450.00    0.00      360.00    450.00    -498.020        -92.518         434552.174      6478471.037     0.00      
480.00    0.00      360.00    480.00    -498.020        -92.518         434552.174      6478471.037     0.00      
510.00    0.00      360.00    510.00    -498.020        -92.518         434552.174      6478471.037     0.00      
540.00    0.00      360.00    540.00    -498.020        -92.518         434552.174      6478471.037     0.00      
545.90    0.00      360.00    545.90    -498.020        -92.518         434552.174      6478471.037     0.00      
570.00    0.80      242.00    570.00    -498.169        -92.598         434552.025      6478470.958     1.00      
600.00    1.80      242.00    599.99    -498.772        -92.918         434551.423      6478470.637     1.00      
630.00    2.80      242.00    629.97    -499.837        -93.484         434550.358      6478470.071     1.00      
660.00    3.80      242.00    659.92    -501.363        -94.296         434548.833      6478469.260     1.00      
690.00    4.80      242.00    689.83    -503.350        -95.352         434546.846      6478468.204     1.00      
720.00    5.80      242.00    719.70    -505.799        -96.654         434544.398      6478466.902     1.00      
750.00    6.80      242.00    749.52    -508.707        -98.201         434541.491      6478465.357     1.00      
780.00    7.80      242.00    779.28    -512.074        -99.991         434538.125      6478463.567     1.00      
810.00    8.80      242.00    808.96    -515.899        -102.025        434534.301      6478461.534     1.00      
840.00    9.80      242.00    838.57    -520.181        -104.302        434530.021      6478459.258     1.00      
870.00    10.80     242.00    868.08    -524.919        -106.821        434525.285      6478456.740     1.00      
900.00    11.80     242.00    897.50    -530.111        -109.581        434520.095      6478453.980     1.00      
930.00    12.80     242.00    926.81    -535.755        -112.582        434514.452      6478450.980     1.00      
960.00    13.80     242.00    956.01    -541.850        -115.823        434508.359      6478447.740     1.00      
990.00    14.80     242.00    985.08    -548.394        -119.303        434501.818      6478444.262     1.00      
1020.00   15.80     242.00    1014.01   -555.385        -123.020        434494.829      6478440.546     1.00      
1050.00   16.80     242.00    1042.80   -562.821        -126.974        434487.396      6478436.594     1.00      
1080.00   17.80     242.00    1071.45   -570.699        -131.163        434479.520      6478432.406     1.00      
1110.00   18.80     242.00    1099.93   -579.018        -135.586        434471.205      6478427.985     1.00      
1115.90   19.00     242.00    1105.51   -580.705        -136.483        434469.518      6478427.088     1.00      
1140.00   19.00     242.00    1128.30   -587.633        -140.166        434462.592      6478423.405     0.00      
1170.00   19.00     242.00    1156.66   -596.257        -144.752        434453.972      6478418.822     0.00      
1200.00   19.00     242.00    1185.03   -604.881        -149.337        434445.351      6478414.238     0.00      
1230.00   19.00     242.00    1213.39   -613.505        -153.922        434436.730      6478409.654     0.00      
1260.00   19.00     242.00    1241.76   -622.128        -158.508        434428.109      6478405.070     0.00      
1290.00   19.00     242.00    1270.13   -630.752        -163.093        434419.488      6478400.487     0.00      
1315.90   19.00     242.00    1294.61   -638.197        -167.052        434412.046      6478396.529     0.00      
1320.00   18.65     242.18    1298.49   -639.366        -167.671        434410.877      6478395.910     2.60      
1350.00   16.09     243.77    1327.12   -647.340        -171.748        434402.906      6478391.835     2.60      
1380.00   13.55     245.93    1356.12   -654.280        -175.020        434395.969      6478388.564     2.60      
1410.00   11.04     249.05    1385.43   -660.172        -177.481        434390.079      6478386.104     2.60      
1440.00   8.57      253.97    1414.99   -665.004        -179.125        434385.249      6478384.460     2.60      
1470.00   6.22      262.69    1444.74   -668.766        -179.950        434381.488      6478383.636     2.60      
1500.00   4.17      280.78    1474.62   -671.451        -179.953        434378.804      6478383.633     2.60      
1530.00   3.10      319.26    1504.56   -673.052        -179.134        434377.203      6478384.451     2.60      
1560.00   3.91      0.81      1534.51   -673.567        -177.496        434376.688      6478386.089     2.60      
1590.00   5.88      21.31     1564.40   -672.994        -175.041        434377.261      6478388.543     2.60      
1620.00   8.20      30.95     1594.18   -671.335        -171.774        434378.919      6478391.808     2.60      
1650.00   10.65     36.28     1623.77   -668.593        -167.703        434381.660      6478395.878     2.60      
1680.00   13.16     39.61     1653.12   -664.774        -162.836        434385.478      6478400.744     2.60      
1710.00   15.70     41.89     1682.17   -659.886        -157.182        434390.365      6478406.396     2.60      
1740.00   18.25     43.54     1710.86   -653.937        -150.753        434396.311      6478412.822     2.60      
1770.00   20.82     44.80     1739.13   -646.942        -143.563        434403.304      6478420.010     2.60      
1800.00   23.39     45.80     1766.93   -638.914        -135.627        434411.329      6478427.943     2.60      
1830.00   25.97     46.60     1794.18   -629.870        -126.960        434420.370      6478436.607     2.60      
1860.00   28.55     47.27     1820.85   -619.829        -117.581        434430.408      6478445.983     2.60      
1890.00   31.14     47.84     1846.87   -608.810        -107.508        434441.423      6478456.052     2.60      
1920.00   33.72     48.33     1872.19   -596.837        -96.763         434453.391      6478466.794     2.60      
1928.30   34.44     48.45     1879.06   -593.361        -93.675         434456.867      6478469.880     2.60      
1950.00   34.44     48.45     1896.96   -584.175        -85.535         434466.050      6478478.018     0.00      
1980.00   34.44     48.45     1921.70   -571.477        -74.282         434478.743      6478489.267     0.00      
2010.00   34.44     48.45     1946.44   -558.779        -63.029         434491.437      6478500.516     0.00      
2040.00   34.44     48.45     1971.18   -546.081        -51.776         434504.130      6478511.765     0.00      
2062.67   34.44     48.45     1989.88   -536.484        -43.272         434513.723      6478520.266     0.00      
2070.00   33.82     48.65     1995.94   -533.403        -40.551         434516.804      6478522.986     2.60      
2100.00   31.26     49.55     2021.23   -521.210        -29.984         434528.992      6478533.549     2.60      
2130.00   28.71     50.59     2047.22   -509.717        -20.357         434540.481      6478543.173     2.60      
2160.00   26.17     51.81     2073.84   -498.947        -11.690         434551.248      6478551.837     2.60      
2190.00   23.65     53.27     2101.04   -488.922        -4.000          434561.269      6478559.524     2.60      
2220.00   21.14     55.07     2128.78   -479.663        2.697           434570.525      6478566.219     2.60      
2250.00   18.65     57.31     2156.99   -471.189        8.387           434578.996      6478571.907     2.60      
2280.00   16.20     60.21     2185.61   -463.517        13.058          434586.665      6478576.577     2.60      
2294.94   15.00     62.00     2200.00   -460.000        15.002          434590.181      6478578.519     2.60      
2311.94   15.00     62.00     2216.42   -456.115        17.067          434594.064      6478580.584     0.00      
2340.00   17.48     66.56     2243.36   -449.042        20.449          434601.135      6478583.965     2.98      
2370.00   20.22     70.20     2271.75   -440.028        23.998          434610.146      6478587.513     2.98      
2400.00   23.02     73.01     2299.64   -429.539        27.469          434620.631      6478590.982     2.98      
2430.00   25.85     75.23     2326.95   -417.604        30.852          434632.562      6478594.364     2.98      
2460.00   28.71     77.03     2353.61   -404.254        34.138          434645.908      6478597.649     2.98      
2490.00   31.60     78.53     2379.54   -389.526        37.318          434660.631      6478600.828     2.98      
2520.00   34.49     79.81     2404.69   -373.459        40.384          434676.692      6478603.893     2.98      
2550.00   37.40     80.91     2428.97   -356.097        43.327          434694.048      6478606.835     2.98      
2566.83   39.04     81.46     2442.19   -345.809        44.921          434704.333      6478608.428     2.98      
