HEADER INFORMATION (all units in Statoil default) 
----------------------------------------------------------------
COMPANY: Statoil Norway
FIELD: SLEIPNER
WELL NAME: F-10
WELLBORE NAME: NO 15/9-F-10
Drilled From: Well Ref. Point
Kick Off Depth: 1381.60m
Survey Name: F10 Rev 5.1 280409
Survey Date: 01.01.1990
Extraction Date: 11.04.2018
----------------------------------------------------------------
Calculation Method: Minimum Curvature
Datum Name: Rotary Table(54.90m)
----------------------------------------------------------------
Surface EW: 435052.248m
Surface NS: 6478559.613m
Surface Latitude: 58° 26' 29.6816 N
Surface Longitude: 1° 53' 15.0698 E
Bottom Hole MD: 5413.67m
Bottom Hole TVD: 3065.94m
Bottom Hole EW: 438039.045m
Bottom Hole NS: 6476491.728m
----------------------------------------------------------------
Survey Program:  
H  150 - 260 26" CONTINUOUS WIRELINE GYRO TO SB : KEEPER, CONT
H  267 - 683 26" GYROMWD SURVEY : KEEPER, STAT
H  709 - 1382 26"MWD SURVEY : MAGNETIC, STD, NON-MAG
H  1382 - 5414 F10 REV 5.1 280409 : MAGNETIC, STD, NON-MAG
----------------------------------------------------------------
Water Depth: 91.00m
KB-WH: 145.90m
KB-MSL: 54.90m
System Datum: Mean Sea Level
----------------------------------------------------------------
Map-Zone: Zone 31N (0 E to 6 E)
North Reference: Grid
Geo Datum: European 1950 - Mean
Vertical Section Direction: 124.70deg
----------------------------------------------------------------
SURVEY LIST
MD        Inc       Azim      TVD       X-Offset (E/W)  Y-Offset (N/S)  UTM E/W         UTM N/S         DLS
m RKB     deg       deg       m RKB     m               m               m               m               deg/30m
1381.60   27.47     120.39    1324.51   267.661         -158.608        435317.589      6478404.970     0.00      
1410.00   27.75     119.54    1349.68   279.064         -165.181        435328.988      6478398.399     0.51      
1430.00   27.95     118.95    1367.36   287.216         -169.746        435337.137      6478393.837     0.51      
1440.00   27.89     118.66    1376.20   291.319         -172.002        435341.239      6478391.581     0.44      
1463.00   27.75     118.00    1396.54   300.767         -177.096        435350.683      6478386.489     0.44      
1470.00   27.68     118.00    1402.73   303.641         -178.624        435353.556      6478384.961     0.30      
1500.00   27.38     118.00    1429.34   315.885         -185.134        435365.795      6478378.453     0.30      
1530.00   27.08     118.00    1456.01   328.005         -191.578        435377.911      6478372.011     0.30      
1560.00   26.78     118.00    1482.76   340.001         -197.957        435389.904      6478365.635     0.30      
1590.00   26.48     118.00    1509.58   351.874         -204.270        435401.773      6478359.324     0.30      
1620.00   26.18     118.00    1536.46   363.623         -210.517        435413.517      6478353.079     0.30      
1650.00   25.88     118.00    1563.42   375.247         -216.698        435425.137      6478346.901     0.30      
1680.00   25.58     118.00    1590.45   386.747         -222.812        435436.633      6478340.789     0.30      
1710.00   25.28     118.00    1617.54   398.121         -228.860        435448.003      6478334.743     0.30      
1730.00   25.08     118.00    1635.64   405.634         -232.855        435455.514      6478330.749     0.30      
1740.00   25.75     118.00    1644.67   409.423         -234.869        435459.301      6478328.735     2.00      
1770.00   27.75     118.00    1671.46   421.344         -241.208        435471.218      6478322.399     2.00      
1780.00   28.41     118.00    1680.28   425.500         -243.417        435475.372      6478320.190     2.00      
1800.00   29.75     118.67    1697.76   434.055         -248.031        435483.925      6478315.578     2.06      
1830.00   31.75     119.67    1723.54   447.446         -255.506        435497.312      6478308.106     2.06      
1860.00   33.75     120.67    1748.77   461.475         -263.662        435511.335      6478299.953     2.07      
1890.00   35.75     121.67    1773.42   476.104         -272.511        435525.959      6478291.107     2.08      
1920.00   37.75     122.67    1797.46   491.296         -282.067        435541.145      6478281.554     2.09      
1950.00   39.75     123.67    1820.86   507.011         -292.339        435556.856      6478271.285     2.10      
1980.00   41.75     124.67    1843.58   523.211         -303.337        435573.050      6478260.292     2.10      
2010.00   43.75     125.67    1865.61   539.856         -315.065        435589.689      6478248.568     2.11      
2028.80   45.00     126.29    1879.05   550.495         -322.789        435600.324      6478240.846     2.12      
2040.00   45.00     126.29    1886.97   556.878         -327.477        435606.705      6478236.160     0.00      
2070.00   45.00     126.29    1908.18   573.976         -340.033        435623.797      6478223.608     0.00      
2100.00   45.00     126.29    1929.40   591.073         -352.590        435640.888      6478211.056     0.00      
2130.00   45.00     126.29    1950.61   608.171         -365.146        435657.980      6478198.504     0.00      
2160.00   45.00     126.29    1971.82   625.269         -377.703        435675.072      6478185.952     0.00      
2190.00   45.00     126.29    1993.04   642.367         -390.259        435692.164      6478173.400     0.00      
2220.00   45.00     126.29    2014.25   659.465         -402.816        435709.256      6478160.847     0.00      
2250.00   45.00     126.29    2035.46   676.562         -415.372        435726.348      6478148.295     0.00      
2280.00   45.00     126.29    2056.68   693.660         -427.929        435743.439      6478135.743     0.00      
2310.00   45.00     126.29    2077.89   710.758         -440.485        435760.531      6478123.191     0.00      
2340.00   45.00     126.29    2099.10   727.856         -453.042        435777.623      6478110.639     0.00      
2370.00   45.00     126.29    2120.32   744.953         -465.598        435794.715      6478098.087     0.00      
2400.00   45.00     126.29    2141.53   762.051         -478.155        435811.807      6478085.535     0.00      
2430.00   45.00     126.29    2162.74   779.149         -490.711        435828.899      6478072.982     0.00      
2460.00   45.00     126.29    2183.96   796.247         -503.268        435845.990      6478060.430     0.00      
2490.00   45.00     126.29    2205.17   813.345         -515.824        435863.082      6478047.878     0.00      
2520.00   45.00     126.29    2226.38   830.442         -528.381        435880.174      6478035.326     0.00      
2550.00   45.00     126.29    2247.60   847.540         -540.937        435897.266      6478022.774     0.00      
2580.00   45.00     126.29    2268.81   864.638         -553.494        435914.358      6478010.222     0.00      
2610.00   45.00     126.29    2290.02   881.736         -566.050        435931.450      6477997.670     0.00      
2640.00   45.00     126.29    2311.24   898.833         -578.607        435948.541      6477985.118     0.00      
2670.00   45.00     126.29    2332.45   915.931         -591.163        435965.633      6477972.565     0.00      
2700.00   45.00     126.29    2353.66   933.029         -603.720        435982.725      6477960.013     0.00      
2730.00   45.00     126.29    2374.88   950.127         -616.276        435999.817      6477947.461     0.00      
2760.00   45.00     126.29    2396.09   967.225         -628.833        436016.909      6477934.909     0.00      
2765.53   45.00     126.29    2400.00   970.377         -631.148        436020.060      6477932.595     0.00      
2790.00   46.62     125.78    2417.05   984.564         -641.469        436034.242      6477922.277     2.04      
2820.00   48.61     125.20    2437.28   1002.607        -654.332        436052.278      6477909.419     2.04      
2850.00   50.60     124.64    2456.72   1021.342        -667.408        436071.007      6477896.347     2.04      
2880.00   52.60     124.12    2475.35   1040.745        -680.683        436090.404      6477883.077     2.04      
2910.00   54.60     123.62    2493.15   1060.793        -694.138        436110.444      6477869.627     2.04      
2940.00   56.60     123.15    2510.10   1081.460        -707.758        436131.104      6477856.012     2.04      
2970.00   58.60     122.70    2526.18   1102.719        -721.524        436152.356      6477842.250     2.04      
3000.00   60.60     122.27    2541.36   1124.545        -735.419        436174.174      6477828.360     2.04      
3030.00   62.60     121.86    2555.63   1146.908        -749.427        436196.530      6477814.357     2.04      
3060.00   64.61     121.46    2568.96   1169.782        -763.528        436219.396      6477800.261     2.04      
3090.00   66.61     121.07    2581.35   1193.137        -777.706        436242.742      6477786.088     2.04      
3120.00   68.62     120.69    2592.77   1216.944        -791.942        436266.541      6477771.857     2.04      
3150.00   70.63     120.33    2603.22   1241.172        -806.219        436290.760      6477757.585     2.04      
3180.00   72.64     119.97    2612.67   1265.791        -820.518        436315.371      6477743.291     2.04      
3210.00   74.65     119.62    2621.12   1290.770        -834.821        436340.341      6477728.993     2.04      
3240.00   76.66     119.28    2628.55   1316.077        -849.110        436365.640      6477714.709     2.04      
3264.97   78.33     119.00    2633.96   1337.370        -860.981        436386.925      6477702.842     2.04      
3270.00   78.64     119.14    2634.96   1341.676        -863.375        436391.230      6477700.449     2.00      
3300.00   80.46     119.98    2640.41   1367.336        -877.930        436416.881      6477685.899     2.00      
3330.00   82.28     120.81    2644.91   1392.918        -892.936        436442.454      6477670.898     2.00      
3360.00   84.11     121.63    2648.46   1418.391        -908.377        436467.918      6477655.463     2.00      
3391.88   86.05     122.50    2651.20   1445.304        -925.238        436494.821      6477638.607     2.00      
3420.00   86.05     122.50    2653.14   1468.965        -940.313        436518.474      6477623.537     0.00      
3450.00   86.05     122.50    2655.21   1494.206        -956.394        436543.706      6477607.462     0.00      
3480.00   86.05     122.50    2657.27   1519.447        -972.476        436568.939      6477591.386     0.00      
3510.00   86.05     122.50    2659.34   1544.688        -988.557        436594.171      6477575.310     0.00      
3540.00   86.05     122.50    2661.41   1569.929        -1004.639       436619.403      6477559.234     0.00      
3570.00   86.05     122.50    2663.48   1595.170        -1020.720       436644.636      6477543.158     0.00      
3600.00   86.05     122.50    2665.54   1620.411        -1036.801       436669.868      6477527.083     0.00      
3630.00   86.05     122.50    2667.61   1645.652        -1052.883       436695.100      6477511.007     0.00      
3660.00   86.05     122.50    2669.68   1670.894        -1068.964       436720.332      6477494.931     0.00      
3690.00   86.05     122.50    2671.75   1696.135        -1085.046       436745.565      6477478.855     0.00      
3720.00   86.05     122.50    2673.82   1721.376        -1101.127       436770.797      6477462.779     0.00      
3750.00   86.05     122.50    2675.88   1746.617        -1117.208       436796.029      6477446.704     0.00      
3780.00   86.05     122.50    2677.95   1771.858        -1133.290       436821.262      6477430.628     0.00      
3810.00   86.05     122.50    2680.02   1797.099        -1149.371       436846.494      6477414.552     0.00      
3840.00   86.05     122.50    2682.09   1822.340        -1165.453       436871.726      6477398.476     0.00      
3870.00   86.05     122.50    2684.15   1847.581        -1181.534       436896.959      6477382.400     0.00      
3900.00   86.05     122.50    2686.22   1872.822        -1197.615       436922.191      6477366.325     0.00      
3930.00   86.05     122.50    2688.29   1898.063        -1213.697       436947.423      6477350.249     0.00      
3960.00   86.05     122.50    2690.36   1923.304        -1229.778       436972.656      6477334.173     0.00      
3990.00   86.05     122.50    2692.43   1948.546        -1245.860       436997.888      6477318.097     0.00      
4020.00   86.05     122.50    2694.49   1973.787        -1261.941       437023.120      6477302.021     0.00      
4050.00   86.05     122.50    2696.56   1999.028        -1278.022       437048.352      6477285.946     0.00      
4080.00   86.05     122.50    2698.63   2024.269        -1294.104       437073.585      6477269.870     0.00      
4110.00   86.05     122.50    2700.70   2049.510        -1310.185       437098.817      6477253.794     0.00      
4140.00   86.05     122.50    2702.76   2074.751        -1326.267       437124.049      6477237.718     0.00      
4170.00   86.05     122.50    2704.83   2099.992        -1342.348       437149.282      6477221.642     0.00      
4178.33   86.05     122.50    2705.41   2106.999        -1346.813       437156.287      6477217.180     0.00      
4200.00   85.98     123.95    2706.91   2125.084        -1358.658       437174.365      6477205.338     2.00      
4230.00   85.88     125.95    2709.04   2149.610        -1375.799       437198.883      6477188.203     2.00      
4260.00   85.79     127.95    2711.22   2173.520        -1393.785       437222.784      6477170.223     2.00      
4290.00   85.71     129.96    2713.44   2196.783        -1412.594       437246.039      6477151.421     2.00      
4320.41   85.63     131.99    2715.74   2219.680        -1432.480       437268.928      6477131.542     2.00      
4350.00   85.63     131.99    2717.99   2241.606        -1452.215       437290.846      6477111.814     0.00      
4380.00   85.63     131.99    2720.28   2263.839        -1472.227       437313.071      6477091.809     0.00      
4410.00   85.63     131.99    2722.57   2286.072        -1492.238       437335.296      6477071.804     0.00      
4440.00   85.63     131.99    2724.85   2308.305        -1512.250       437357.522      6477051.800     0.00      
4470.00   85.63     131.99    2727.14   2330.538        -1532.262       437379.747      6477031.795     0.00      
4500.00   85.63     131.99    2729.42   2352.771        -1552.273       437401.972      6477011.790     0.00      
4530.00   85.63     131.99    2731.71   2375.004        -1572.285       437424.197      6476991.786     0.00      
4560.00   85.63     131.99    2734.00   2397.237        -1592.297       437446.423      6476971.781     0.00      
4590.00   85.63     131.99    2736.28   2419.470        -1612.308       437468.648      6476951.776     0.00      
4620.00   85.63     131.99    2738.57   2441.703        -1632.320       437490.873      6476931.771     0.00      
4650.00   85.63     131.99    2740.85   2463.936        -1652.332       437513.099      6476911.767     0.00      
4680.00   85.63     131.99    2743.14   2486.169        -1672.343       437535.324      6476891.762     0.00      
4710.00   85.63     131.99    2745.43   2508.402        -1692.355       437557.549      6476871.757     0.00      
4727.12   85.63     131.99    2746.73   2521.092        -1703.778       437570.235      6476860.339     0.00      
4740.00   84.36     131.80    2747.85   2530.640        -1712.343       437579.779      6476851.776     3.00      
4770.00   81.39     131.37    2751.58   2552.903        -1732.099       437602.034      6476832.027     3.00      
4800.00   78.42     130.92    2756.83   2575.141        -1751.531       437624.265      6476812.602     3.00      
4830.00   75.45     130.47    2763.61   2597.295        -1770.584       437646.411      6476793.555     3.00      
4860.00   72.49     130.00    2771.90   2619.303        -1789.208       437668.412      6476774.939     3.00      
4890.00   69.52     129.52    2781.66   2641.105        -1807.350       437690.206      6476756.803     3.00      
4920.00   66.56     129.02    2792.88   2662.641        -1824.961       437711.735      6476739.198     3.00      
4950.00   63.60     128.50    2805.52   2683.853        -1841.993       437732.939      6476722.172     3.00      
4980.00   60.64     127.95    2819.55   2704.681        -1858.399       437753.760      6476705.772     3.00      
5010.00   57.68     127.36    2834.93   2725.070        -1874.134       437774.142      6476690.042     3.00      
5037.19   55.00     126.80    2850.00   2743.124        -1887.781       437792.190      6476676.399     3.00      
5040.00   55.00     126.80    2851.61   2744.965        -1889.158       437794.030      6476675.023     0.00      
5070.00   55.00     126.80    2868.82   2764.642        -1903.879       437813.700      6476660.307     0.00      
5100.00   55.00     126.80    2886.02   2784.320        -1918.600       437833.371      6476645.592     0.00      
5130.00   55.00     126.80    2903.23   2803.998        -1933.320       437853.042      6476630.876     0.00      
5160.00   55.00     126.80    2920.44   2823.675        -1948.041       437872.713      6476616.160     0.00      
5190.00   55.00     126.80    2937.65   2843.353        -1962.762       437892.384      6476601.445     0.00      
5220.00   55.00     126.80    2954.85   2863.031        -1977.483       437912.054      6476586.729     0.00      
5250.00   55.00     126.80    2972.06   2882.708        -1992.203       437931.725      6476572.014     0.00      
5263.67   55.00     126.80    2979.90   2891.673        -1998.910       437940.687      6476565.309     0.00      
5280.00   55.00     126.80    2989.27   2902.386        -2006.924       437951.396      6476557.298     0.00      
5310.00   55.00     126.80    3006.48   2922.063        -2021.645       437971.067      6476542.582     0.00      
5340.00   55.00     126.80    3023.68   2941.741        -2036.366       437990.737      6476527.867     0.00      
5370.00   55.00     126.80    3040.89   2961.419        -2051.086       438010.408      6476513.151     0.00      
5400.00   55.00     126.80    3058.10   2981.096        -2065.807       438030.079      6476498.435     0.00      
5413.67   55.00     126.80    3065.94   2990.065        -2072.517       438039.045      6476491.728     0.00      
