HEADER INFORMATION (all units in Statoil default) 
----------------------------------------------------------------
COMPANY: Statoil Norway
FIELD: SLEIPNER
WELL NAME: F-4
WELLBORE NAME: F-4
Drilled From: Well Ref. Point
Kick Off Depth: 145.90m
Survey Name: F4 Rev 0.16 FinalCoords CC 310707
Survey Date: 05.08.2008
Extraction Date: 03.04.2018
----------------------------------------------------------------
Calculation Method: Minimum Curvature
Datum Name: Rotary Table (As Installed)(54.90m)
----------------------------------------------------------------
Surface EW: 435049.831m
Surface NS: 6478560.825m
Surface Latitude: 58° 26' 29.7195 N
Surface Longitude: 1° 53' 14.9196 E
Bottom Hole MD: 3631.82m
Bottom Hole TVD: 3182.89m
Bottom Hole EW: 435607.290m
Bottom Hole NS: 6477581.186m
----------------------------------------------------------------
Survey Program:  
H  146 - 501 F4 REV 0.16 FINALCOORDS CC 310707 : WELLBORE SURVEYOR, STAT
H  501 - 3632 F4 REV 0.16 FINALCOORDS CC 310707 : MAGNETIC, STD, MAG-CORR
----------------------------------------------------------------
Water Depth: 91.00m
KB-WH: 145.90m
KB-MSL: 54.90m
System Datum: Mean Sea Level
----------------------------------------------------------------
Map-Zone: Zone 31N (0 E to 6 E)
North Reference: Grid
Geo Datum: European 1950 - Mean
Vertical Section Direction: 150.36deg
----------------------------------------------------------------
SURVEY LIST
MD        Inc       Azim      TVD       X-Offset (E/W)  Y-Offset (N/S)  UTM E/W         UTM N/S         DLS
m RKB     deg       deg       m RKB     m               m               m               m               deg/30m
145.90    0.00      0.00      145.90    -0.190          -2.699          435049.831      6478560.825     0.00      
150.00    0.00      0.00      150.00    -0.190          -2.699          435049.831      6478560.825     0.00      
180.00    0.00      0.00      180.00    -0.190          -2.699          435049.831      6478560.825     0.00      
210.00    0.00      0.00      210.00    -0.190          -2.699          435049.831      6478560.825     0.00      
240.00    0.00      0.00      240.00    -0.190          -2.699          435049.831      6478560.825     0.00      
270.00    0.00      0.00      270.00    -0.190          -2.699          435049.831      6478560.825     0.00      
284.90    0.00      0.00      284.90    -0.190          -2.699          435049.831      6478560.825     0.00      
300.00    0.50      220.00    300.00    -0.232          -2.750          435049.789      6478560.774     1.00      
330.00    1.50      220.00    329.99    -0.570          -3.152          435049.451      6478560.372     1.00      
360.00    2.50      220.00    359.98    -1.244          -3.956          435048.777      6478559.569     1.00      
390.00    3.50      220.00    389.93    -2.254          -5.160          435047.767      6478558.365     1.00      
420.00    4.50      220.00    419.86    -3.601          -6.764          435046.422      6478556.761     1.00      
450.00    5.50      220.00    449.75    -5.282          -8.768          435044.740      6478554.758     1.00      
480.00    6.50      220.00    479.58    -7.299          -11.172         435042.724      6478552.355     1.00      
510.00    7.50      220.00    509.36    -9.650          -13.974         435040.374      6478549.554     1.00      
524.90    8.00      220.00    524.12    -10.942         -15.513         435039.083      6478548.015     1.00      
540.00    7.88      216.46    539.08    -12.233         -17.151         435037.793      6478546.378     1.00      
570.00    7.73      209.18    568.80    -14.438         -20.566         435035.588      6478542.965     1.00      
600.00    7.71      201.73    598.53    -16.166         -24.196         435033.860      6478539.336     1.00      
630.00    7.81      194.36    628.25    -17.416         -28.040         435032.611      6478535.493     1.00      
660.00    8.04      187.29    657.97    -18.188         -32.096         435031.839      6478531.438     1.00      
690.00    8.38      180.71    687.66    -18.482         -36.364         435031.546      6478527.171     1.00      
720.00    8.83      174.71    717.32    -18.296         -40.843         435031.731      6478522.695     1.00      
750.00    9.35      169.33    746.95    -17.633         -45.530         435032.394      6478518.009     1.00      
780.00    9.95      164.55    776.52    -16.490         -50.424         435033.536      6478513.116     1.00      
810.00    10.61     160.34    806.04    -14.870         -55.524         435035.156      6478508.018     1.00      
840.00    11.32     156.63    835.49    -12.773         -60.829         435037.253      6478502.715     1.00      
870.00    12.07     153.37    864.87    -10.198         -66.337         435039.826      6478497.210     1.00      
900.00    12.86     150.48    894.16    -7.148          -72.045         435042.876      6478491.503     1.00      
905.43    13.00     150.00    899.46    -6.545          -73.100         435043.478      6478490.449     1.00      
930.00    13.00     150.00    923.40    -3.781          -77.886         435046.241      6478485.664     0.00      
960.00    13.00     150.00    952.63    -0.407          -83.730         435049.614      6478479.822     0.00      
990.00    13.00     150.00    981.86    2.967           -89.575         435052.987      6478473.979     0.00      
1020.00   13.00     150.00    1011.09   6.341           -95.419         435056.360      6478468.137     0.00      
1050.00   13.00     150.00    1040.32   9.716           -101.264        435059.733      6478462.295     0.00      
1080.00   13.00     150.00    1069.55   13.090          -107.108        435063.106      6478456.452     0.00      
1110.00   13.00     150.00    1098.78   16.464          -112.952        435066.479      6478450.610     0.00      
1140.00   13.00     150.00    1128.01   19.839          -118.797        435069.853      6478444.767     0.00      
1170.00   13.00     150.00    1157.25   23.213          -124.641        435073.226      6478438.925     0.00      
1200.00   13.00     150.00    1186.48   26.587          -130.486        435076.599      6478433.083     0.00      
1230.00   13.00     150.00    1215.71   29.961          -136.330        435079.972      6478427.240     0.00      
1260.00   13.00     150.00    1244.94   33.336          -142.174        435083.345      6478421.398     0.00      
1290.00   13.00     150.00    1274.17   36.710          -148.019        435086.718      6478415.556     0.00      
1317.43   13.00     150.00    1300.90   39.795          -153.363        435089.802      6478410.214     0.00      
1320.00   13.03     149.74    1303.40   40.086          -153.863        435090.093      6478409.713     0.76      
1350.00   13.39     146.80    1332.61   43.691          -159.690        435093.697      6478403.888     0.76      
1380.00   13.78     144.02    1361.77   47.691          -165.487        435097.695      6478398.094     0.76      
1410.00   14.19     141.40    1390.88   52.084          -171.252        435102.086      6478392.331     0.76      
1440.00   14.64     138.93    1419.94   56.869          -176.985        435106.870      6478386.600     0.76      
1470.00   15.11     136.60    1448.93   62.047          -182.684        435112.046      6478380.902     0.76      
1500.00   15.60     134.42    1477.86   67.616          -188.349        435117.613      6478375.239     0.76      
1530.00   16.12     132.36    1506.72   73.574          -193.979        435123.569      6478369.612     0.76      
1560.00   16.65     130.44    1535.50   79.922          -199.572        435129.915      6478364.021     0.76      
1590.00   17.20     128.63    1564.20   86.657          -205.128        435136.648      6478358.467     0.76      
1620.00   17.76     126.93    1592.82   93.779          -210.645        435143.767      6478352.951     0.76      
1650.00   18.34     125.33    1621.34   101.286         -216.123        435151.272      6478347.475     0.76      
1680.00   18.93     123.83    1649.77   109.177         -221.561        435159.160      6478342.039     0.76      
1710.00   19.53     122.42    1678.10   117.451         -226.957        435167.431      6478336.645     0.76      
1740.00   20.14     121.09    1706.32   126.106         -232.311        435176.083      6478331.293     0.76      
1770.00   20.76     119.83    1734.43   135.141         -237.622        435185.115      6478325.983     0.76      
1800.00   21.39     118.64    1762.42   144.554         -242.889        435194.525      6478320.718     0.76      
1830.00   22.03     117.52    1790.29   154.344         -248.111        435204.311      6478315.498     0.76      
1860.00   22.67     116.46    1818.04   164.508         -253.287        435214.471      6478310.324     0.76      
1890.00   23.32     115.46    1845.65   175.045         -258.416        435225.005      6478305.197     0.76      
1920.00   23.98     114.51    1873.14   185.953         -263.498        435235.909      6478300.117     0.76      
1950.00   24.64     113.60    1900.48   197.230         -268.530        435247.182      6478295.086     0.76      
1980.00   25.31     112.74    1927.67   208.874         -273.513        435258.822      6478290.105     0.76      
2010.00   25.98     111.93    1954.72   220.884         -278.446        435270.828      6478285.174     0.76      
2040.00   26.66     111.15    1981.61   233.256         -283.328        435283.196      6478280.294     0.76      
2070.00   27.34     110.40    2008.34   245.990         -288.157        435295.925      6478275.466     0.76      
2100.00   28.02     109.69    2034.90   259.081         -292.933        435309.012      6478270.692     0.76      
2130.00   28.71     109.01    2061.30   272.530         -297.656        435322.456      6478265.971     0.76      
2160.00   29.40     108.36    2087.52   286.332         -302.324        435336.253      6478261.305     0.76      
2190.00   30.10     107.74    2113.57   300.485         -306.936        435350.402      6478256.694     0.76      
2220.00   30.79     107.15    2139.43   314.988         -311.492        435364.899      6478252.139     0.76      
2250.00   31.49     106.57    2165.11   329.837         -315.991        435379.743      6478247.642     0.76      
2280.00   32.20     106.02    2190.59   345.030         -320.432        435394.931      6478243.202     0.76      
2310.00   32.90     105.49    2215.88   360.564         -324.815        435410.459      6478238.821     0.76      
2340.00   33.61     104.98    2240.97   376.436         -329.138        435426.326      6478234.500     0.76      
2370.00   34.32     104.49    2265.85   392.644         -333.400        435442.529      6478230.239     0.76      
2400.00   35.03     104.02    2290.52   409.185         -337.602        435459.064      6478226.038     0.76      
2430.00   35.74     103.56    2314.98   426.056         -341.742        435475.929      6478221.900     0.76      
2460.00   36.45     103.12    2339.22   443.254         -345.820        435493.120      6478217.823     0.76      
2490.00   37.17     102.69    2363.24   460.775         -349.835        435510.636      6478213.810     0.76      
2520.00   37.89     102.28    2387.03   478.617         -353.786        435528.472      6478209.861     0.76      
2525.97   38.03     102.20    2391.74   482.206         -354.564        435532.059      6478209.082     0.76      
2550.00   38.03     102.20    2410.67   496.676         -357.693        435546.524      6478205.955     0.00      
2575.97   38.03     102.20    2431.12   512.314         -361.074        435562.157      6478202.575     0.00      
2580.00   37.86     102.73    2434.30   514.734         -361.608        435564.575      6478202.041     2.75      
2610.00   36.63     106.79    2458.19   532.284         -366.223        435582.119      6478197.428     2.75      
2640.00   35.55     111.08    2482.43   548.993         -371.946        435598.822      6478191.706     2.75      
2670.00   34.63     115.58    2506.98   564.821         -378.765        435614.646      6478184.890     2.75      
2700.00   33.88     120.28    2531.78   579.734         -386.664        435629.553      6478176.993     2.75      
2730.00   33.32     125.14    2556.78   593.697         -395.625        435643.511      6478168.036     2.75      
2760.00   32.95     130.12    2581.90   606.676         -405.627        435656.486      6478158.037     2.75      
2790.00   32.79     135.17    2607.10   618.644         -416.648        435668.449      6478147.020     2.75      
2820.00   32.82     140.24    2632.32   629.571         -428.662        435679.373      6478135.011     2.75      
2850.00   33.06     145.28    2657.51   639.434         -441.640        435689.232      6478122.036     2.75      
2880.00   33.50     150.22    2682.59   648.209         -455.555        435698.004      6478108.127     2.75      
2910.00   34.13     155.02    2707.52   655.876         -470.373        435705.669      6478093.314     2.75      
2940.00   34.94     159.65    2732.24   662.418         -486.061        435712.208      6478077.632     2.75      
2970.00   35.92     164.08    2756.68   667.819         -502.582        435717.608      6478061.116     2.75      
3000.00   37.06     168.29    2780.81   672.068         -519.899        435721.855      6478043.806     2.75      
3030.00   38.33     172.27    2804.55   675.154         -537.971        435724.939      6478025.739     2.75      
3060.00   39.73     176.02    2827.86   677.070         -556.758        435726.855      6478006.959     2.75      
3090.00   41.25     179.55    2850.68   677.812         -576.215        435727.597      6477987.508     2.75      
3120.00   42.86     182.87    2872.95   677.378         -596.299        435727.163      6477967.431     2.75      
3150.00   44.57     185.98    2894.64   675.770         -616.963        435725.555      6477946.774     2.75      
3180.00   46.36     188.91    2915.68   672.990         -638.160        435722.777      6477925.585     2.75      
3210.00   48.21     191.67    2936.03   669.046         -659.841        435718.834      6477903.912     2.75      
3240.00   50.13     194.27    2955.65   663.946         -681.956        435713.735      6477881.804     2.75      
3270.00   52.10     196.72    2974.48   657.702         -704.455        435707.493      6477859.314     2.75      
3300.00   54.13     199.05    2992.49   650.328         -727.285        435700.122      6477836.492     2.75      
3312.77   55.00     200.00    2999.89   646.851         -737.090        435696.646      6477826.689     2.75      
3330.00   55.00     200.00    3009.77   642.023         -750.353        435691.821      6477813.431     0.00      
3360.00   55.00     200.00    3026.98   633.618         -773.446        435683.419      6477790.347     0.00      
3390.00   55.00     200.00    3044.19   625.213         -796.538        435675.017      6477767.262     0.00      
3420.00   55.00     200.00    3061.39   616.808         -819.631        435666.614      6477744.178     0.00      
3450.00   55.00     200.00    3078.60   608.403         -842.723        435658.212      6477721.093     0.00      
3480.00   55.00     200.00    3095.81   599.998         -865.816        435649.810      6477698.009     0.00      
3510.00   55.00     200.00    3113.02   591.593         -888.908        435641.408      6477674.924     0.00      
3540.00   55.00     200.00    3130.22   583.188         -912.001        435633.006      6477651.840     0.00      
3570.00   55.00     200.00    3147.43   574.783         -935.094        435624.604      6477628.755     0.00      
3600.00   55.00     200.00    3164.64   566.378         -958.186        435616.202      6477605.671     0.00      
3631.82   55.00     200.00    3182.89   557.464         -982.680        435607.290      6477581.186     0.00      
