HEADER INFORMATION (all units in Statoil default) 
----------------------------------------------------------------
COMPANY: Statoil Norway
FIELD: SLEIPNER
WELL NAME: F-8
WELLBORE NAME: F-8
Drilled From: Well Ref. Point
Kick Off Depth: 145.00m
Survey Name: F8 North Producer AMAP 200110 ks
Survey Date: 12.01.2007
Extraction Date: 03.04.2018
----------------------------------------------------------------
Calculation Method: Minimum Curvature
Datum Name: Maersk Inspirer(54.00m)
----------------------------------------------------------------
Surface EW: 435050.021m
Surface NS: 6478563.523m
Surface Latitude: 58° 26' 29.8068 N
Surface Longitude: 1° 53' 14.9285 E
Bottom Hole MD: 3619.98m
Bottom Hole TVD: 3272.83m
Bottom Hole EW: 436042.522m
Bottom Hole NS: 6479154.684m
----------------------------------------------------------------
Survey Program:  
H  145 - 254 F8 NORTH PRODUCER AMAP 200110 KS : NOTUSE_WELLBORE SURVEYOR, CONT
H  254 - 3620 F8 NORTH PRODUCER AMAP 200110 KS : MAGNETIC, STD, NON-MAG
----------------------------------------------------------------
Water Depth: 91.00m
KB-WH: 145.00m
KB-MSL: 54.00m
System Datum: Mean Sea Level
----------------------------------------------------------------
Map-Zone: Zone 31N (0 E to 6 E)
North Reference: Grid
Geo Datum: European 1950 - Mean
Vertical Section Direction: 59.22deg
----------------------------------------------------------------
SURVEY LIST
MD        Inc       Azim      TVD       X-Offset (E/W)  Y-Offset (N/S)  UTM E/W         UTM N/S         DLS
m RKB     deg       deg       m RKB     m               m               m               m               deg/30m
145.00    0.00      0.00      145.00    0.000           0.000           435050.021      6478563.523     0.00      
150.00    0.00      360.00    150.00    0.000           0.000           435050.021      6478563.523     0.00      
180.00    0.00      360.00    180.00    0.000           0.000           435050.021      6478563.523     0.00      
210.00    0.00      360.00    210.00    0.000           0.000           435050.021      6478563.523     0.00      
240.00    0.00      360.00    240.00    0.000           0.000           435050.021      6478563.523     0.00      
254.00    0.00      360.00    254.00    0.000           0.000           435050.021      6478563.523     0.00      
270.00    0.00      360.00    270.00    0.000           0.000           435050.021      6478563.523     0.00      
300.00    0.00      360.00    300.00    0.000           0.000           435050.021      6478563.523     0.00      
330.00    0.00      360.00    330.00    0.000           0.000           435050.021      6478563.523     0.00      
360.00    0.00      360.00    360.00    0.000           0.000           435050.021      6478563.523     0.00      
390.00    0.00      360.00    390.00    0.000           0.000           435050.021      6478563.523     0.00      
420.00    0.00      360.00    420.00    0.000           0.000           435050.021      6478563.523     0.00      
450.00    0.00      360.00    450.00    0.000           0.000           435050.021      6478563.523     0.00      
480.00    0.00      360.00    480.00    0.000           0.000           435050.021      6478563.523     0.00      
510.00    0.00      360.00    510.00    0.000           0.000           435050.021      6478563.523     0.00      
540.00    0.00      360.00    540.00    0.000           0.000           435050.021      6478563.523     0.00      
570.00    0.00      360.00    570.00    0.000           0.000           435050.021      6478563.523     0.00      
600.00    0.00      360.00    600.00    0.000           0.000           435050.021      6478563.523     0.00      
630.00    0.00      360.00    630.00    0.000           0.000           435050.021      6478563.523     0.00      
660.00    0.00      360.00    660.00    0.000           0.000           435050.021      6478563.523     0.00      
690.00    0.00      360.00    690.00    0.000           0.000           435050.021      6478563.523     0.00      
720.00    0.00      360.00    720.00    0.000           0.000           435050.021      6478563.523     0.00      
750.00    0.00      360.00    750.00    0.000           0.000           435050.021      6478563.523     0.00      
780.00    0.00      360.00    780.00    0.000           0.000           435050.021      6478563.523     0.00      
810.00    0.00      360.00    810.00    0.000           0.000           435050.021      6478563.523     0.00      
840.00    0.00      360.00    840.00    0.000           0.000           435050.021      6478563.523     0.00      
870.00    0.00      360.00    870.00    0.000           0.000           435050.021      6478563.523     0.00      
900.00    0.00      360.00    900.00    0.000           0.000           435050.021      6478563.523     0.00      
930.00    0.00      360.00    930.00    0.000           0.000           435050.021      6478563.523     0.00      
960.00    0.00      360.00    960.00    0.000           0.000           435050.021      6478563.523     0.00      
990.00    0.00      360.00    990.00    0.000           0.000           435050.021      6478563.523     0.00      
1020.00   0.00      360.00    1020.00   0.000           0.000           435050.021      6478563.523     0.00      
1050.00   0.00      360.00    1050.00   0.000           0.000           435050.021      6478563.523     0.00      
1080.00   0.00      360.00    1080.00   0.000           0.000           435050.021      6478563.523     0.00      
1110.00   0.00      360.00    1110.00   0.000           0.000           435050.021      6478563.523     0.00      
1140.00   0.00      360.00    1140.00   0.000           0.000           435050.021      6478563.523     0.00      
1170.00   0.00      360.00    1170.00   0.000           0.000           435050.021      6478563.523     0.00      
1200.00   0.00      360.00    1200.00   0.000           0.000           435050.021      6478563.523     0.00      
1230.00   0.00      360.00    1230.00   0.000           0.000           435050.021      6478563.523     0.00      
1260.00   0.00      360.00    1260.00   0.000           0.000           435050.021      6478563.523     0.00      
1290.00   0.00      360.00    1290.00   0.000           0.000           435050.021      6478563.523     0.00      
1320.00   0.00      360.00    1320.00   0.000           0.000           435050.021      6478563.523     0.00      
1350.00   0.00      360.00    1350.00   0.000           0.000           435050.021      6478563.523     0.00      
1380.00   2.00      59.22     1379.99   0.450           0.268           435050.471      6478563.791     2.00      
1410.00   4.00      59.22     1409.95   1.799           1.071           435051.819      6478564.594     2.00      
1440.00   6.00      59.22     1439.84   4.045           2.409           435054.064      6478565.931     2.00      
1470.00   8.00      59.22     1469.61   7.186           4.280           435057.204      6478567.802     2.00      
1500.00   10.00     59.22     1499.24   11.218          6.682           435061.235      6478570.202     2.00      
1530.00   12.00     59.22     1528.69   16.135          9.611           435066.151      6478573.130     2.00      
1560.00   14.00     59.22     1557.92   21.933          13.064          435071.946      6478576.582     2.00      
1590.00   16.00     59.22     1586.89   28.604          17.037          435078.615      6478580.554     2.00      
1620.00   18.00     59.22     1615.58   36.139          21.525          435086.147      6478585.041     2.00      
1650.00   20.00     59.22     1643.94   44.530          26.523          435094.535      6478590.037     2.00      
1680.00   22.00     59.22     1671.95   53.766          32.024          435103.768      6478595.536     2.00      
1710.00   24.00     59.22     1699.56   63.836          38.023          435113.835      6478601.532     2.00      
1740.00   26.00     59.22     1726.75   74.729          44.510          435124.724      6478608.018     2.00      
1770.00   28.00     59.22     1753.48   86.429          51.480          435136.420      6478614.985     2.00      
1800.00   30.00     59.22     1779.72   98.924          58.922          435148.911      6478622.424     2.00      
1830.00   32.00     59.22     1805.43   112.199         66.828          435162.180      6478630.328     2.00      
1860.00   34.00     59.22     1830.59   126.236         75.189          435176.213      6478638.686     2.00      
1874.54   34.97     59.22     1842.57   133.306         79.401          435183.281      6478642.896     2.00      
1890.00   34.97     59.22     1855.24   140.921         83.936          435190.893      6478647.430     0.00      
1920.00   34.97     59.22     1879.83   155.693         92.735          435205.660      6478656.226     0.00      
1950.00   34.97     59.22     1904.41   170.465         101.534         435220.427      6478665.021     0.00      
1980.00   34.97     59.22     1929.00   185.237         110.332         435235.194      6478673.817     0.00      
2010.00   34.97     59.22     1953.58   200.010         119.131         435249.961      6478682.612     0.00      
2040.00   34.97     59.22     1978.16   214.782         127.930         435264.728      6478691.408     0.00      
2070.00   34.97     59.22     2002.75   229.554         136.728         435279.495      6478700.204     0.00      
2100.00   34.97     59.22     2027.33   244.326         145.527         435294.262      6478708.999     0.00      
2130.00   34.97     59.22     2051.92   259.098         154.326         435309.029      6478717.795     0.00      
2160.00   34.97     59.22     2076.50   273.871         163.124         435323.796      6478726.591     0.00      
2190.00   34.97     59.22     2101.08   288.643         171.923         435338.563      6478735.386     0.00      
2220.00   34.97     59.22     2125.67   303.415         180.722         435353.330      6478744.182     0.00      
2250.00   34.97     59.22     2150.25   318.187         189.521         435368.097      6478752.978     0.00      
2280.00   34.97     59.22     2174.83   332.959         198.319         435382.864      6478761.773     0.00      
2310.00   34.97     59.22     2199.42   347.732         207.118         435397.631      6478770.569     0.00      
2340.00   34.97     59.22     2224.00   362.504         215.917         435412.398      6478779.364     0.00      
2370.00   34.97     59.22     2248.59   377.276         224.715         435427.165      6478788.160     0.00      
2400.00   34.97     59.22     2273.17   392.048         233.514         435441.933      6478796.956     0.00      
2430.00   34.97     59.22     2297.75   406.820         242.313         435456.700      6478805.751     0.00      
2460.00   34.97     59.22     2322.34   421.593         251.111         435471.467      6478814.547     0.00      
2490.00   34.97     59.22     2346.92   436.365         259.910         435486.234      6478823.343     0.00      
2520.00   34.97     59.22     2371.51   451.137         268.709         435501.001      6478832.138     0.00      
2550.00   34.97     59.22     2396.09   465.909         277.507         435515.768      6478840.934     0.00      
2580.00   34.97     59.22     2420.67   480.681         286.306         435530.535      6478849.729     0.00      
2610.00   34.97     59.22     2445.26   495.454         295.105         435545.302      6478858.525     0.00      
2640.00   34.97     59.22     2469.84   510.226         303.904         435560.069      6478867.321     0.00      
2670.00   34.97     59.22     2494.42   524.998         312.702         435574.836      6478876.116     0.00      
2700.00   34.97     59.22     2519.01   539.770         321.501         435589.603      6478884.912     0.00      
2730.00   34.97     59.22     2543.59   554.542         330.300         435604.370      6478893.708     0.00      
2760.00   34.97     59.22     2568.18   569.314         339.098         435619.137      6478902.503     0.00      
2790.00   34.97     59.22     2592.76   584.087         347.897         435633.904      6478911.299     0.00      
2820.00   34.97     59.22     2617.34   598.859         356.696         435648.671      6478920.095     0.00      
2850.00   34.97     59.22     2641.93   613.631         365.494         435663.438      6478928.890     0.00      
2880.00   34.97     59.22     2666.51   628.403         374.293         435678.205      6478937.686     0.00      
2910.00   34.97     59.22     2691.10   643.175         383.092         435692.972      6478946.481     0.00      
2940.00   34.97     59.22     2715.68   657.948         391.891         435707.739      6478955.277     0.00      
2970.00   34.97     59.22     2740.26   672.720         400.689         435722.506      6478964.073     0.00      
3000.00   34.97     59.22     2764.85   687.492         409.488         435737.273      6478972.868     0.00      
3030.00   34.97     59.22     2789.43   702.264         418.287         435752.041      6478981.664     0.00      
3060.00   34.97     59.22     2814.01   717.036         427.085         435766.808      6478990.460     0.00      
3090.00   34.97     59.22     2838.60   731.809         435.884         435781.575      6478999.255     0.00      
3120.00   34.97     59.22     2863.18   746.581         444.683         435796.342      6479008.051     0.00      
3150.00   34.97     59.22     2887.77   761.353         453.481         435811.109      6479016.847     0.00      
3180.00   34.97     59.22     2912.35   776.125         462.280         435825.876      6479025.642     0.00      
3210.00   34.97     59.22     2936.93   790.897         471.079         435840.643      6479034.438     0.00      
3240.00   34.97     59.22     2961.52   805.670         479.878         435855.410      6479043.233     0.00      
3270.00   34.97     59.22     2986.10   820.442         488.676         435870.177      6479052.029     0.00      
3300.00   34.97     59.22     3010.69   835.214         497.475         435884.944      6479060.825     0.00      
3330.00   34.97     59.22     3035.27   849.986         506.274         435899.711      6479069.620     0.00      
3360.00   34.97     59.22     3059.85   864.758         515.072         435914.478      6479078.416     0.00      
3390.00   34.97     59.22     3084.44   879.531         523.871         435929.245      6479087.212     0.00      
3419.51   34.97     59.22     3108.62   894.062         532.526         435943.772      6479095.864     0.00      
3419.98   35.00     59.22     3109.00   894.291         532.663         435944.000      6479096.000     2.00      
3450.00   35.00     59.22     3133.59   909.086         541.476         435958.791      6479104.810     0.00      
3480.00   35.00     59.22     3158.17   923.870         550.281         435973.569      6479113.613     0.00      
3510.00   35.00     59.22     3182.74   938.653         559.087         435988.347      6479122.415     0.00      
3540.00   35.00     59.22     3207.32   953.437         567.893         436003.125      6479131.218     0.00      
3570.00   35.00     59.22     3231.89   968.220         576.698         436017.904      6479140.021     0.00      
3600.00   35.00     59.22     3256.47   983.004         585.504         436032.682      6479148.823     0.00      
3619.98   35.00     59.22     3272.83   992.847         591.367         436042.522      6479154.684     0.00      
