HEADER INFORMATION (all units in Statoil default) 
----------------------------------------------------------------
COMPANY: Statoil Norway
FIELD: SLEIPNER
WELL NAME: F-8
WELLBORE NAME: F-8
Drilled From: Well Ref. Point
Kick Off Depth: 145.00m
Survey Name: F8 Volve Sør Prod DRAFT NewRigCoords 220607
Survey Date: 12.01.2007
Extraction Date: 03.04.2018
----------------------------------------------------------------
Calculation Method: Minimum Curvature
Datum Name: Maersk Inspirer(54.00m)
----------------------------------------------------------------
Surface EW: 435050.021m
Surface NS: 6478563.523m
Surface Latitude: 58° 26' 29.8068 N
Surface Longitude: 1° 53' 14.9285 E
Bottom Hole MD: 3889.49m
Bottom Hole TVD: 3114.00m
Bottom Hole EW: 434308.000m
Bottom Hole NS: 6476816.000m
----------------------------------------------------------------
Survey Program:  
H  145 - 254 F8 VOLVE SØR PROD DRAFT NEWRIGCOORDS 220607 : NOTUSE_WELLBORE SURVEYOR, CONT
H  254 - 3889 F8 VOLVE SØR PROD DRAFT NEWRIGCOORDS 220607 : MAGNETIC, STD, NON-MAG
----------------------------------------------------------------
Water Depth: 91.00m
KB-WH: 145.00m
KB-MSL: 54.00m
System Datum: Mean Sea Level
----------------------------------------------------------------
Map-Zone: Zone 31N (0 E to 6 E)
North Reference: Grid
Geo Datum: European 1950 - Mean
Vertical Section Direction: 203.01deg
----------------------------------------------------------------
SURVEY LIST
MD        Inc       Azim      TVD       X-Offset (E/W)  Y-Offset (N/S)  UTM E/W         UTM N/S         DLS
m RKB     deg       deg       m RKB     m               m               m               m               deg/30m
145.00    0.00      0.00      145.00    0.000           0.000           435050.021      6478563.523     0.00      
150.00    0.00      360.00    150.00    0.000           0.000           435050.021      6478563.523     0.00      
180.00    0.00      360.00    180.00    0.000           0.000           435050.021      6478563.523     0.00      
210.00    0.00      360.00    210.00    0.000           0.000           435050.021      6478563.523     0.00      
240.00    0.00      360.00    240.00    0.000           0.000           435050.021      6478563.523     0.00      
254.00    0.00      360.00    254.00    0.000           0.000           435050.021      6478563.523     0.00      
270.00    0.00      360.00    270.00    0.000           0.000           435050.021      6478563.523     0.00      
300.00    0.00      360.00    300.00    0.000           0.000           435050.021      6478563.523     0.00      
330.00    0.00      360.00    330.00    0.000           0.000           435050.021      6478563.523     0.00      
360.00    0.00      360.00    360.00    0.000           0.000           435050.021      6478563.523     0.00      
390.00    0.00      360.00    390.00    0.000           0.000           435050.021      6478563.523     0.00      
420.00    0.00      360.00    420.00    0.000           0.000           435050.021      6478563.523     0.00      
450.00    0.00      360.00    450.00    0.000           0.000           435050.021      6478563.523     0.00      
480.00    0.00      360.00    480.00    0.000           0.000           435050.021      6478563.523     0.00      
510.00    0.00      360.00    510.00    0.000           0.000           435050.021      6478563.523     0.00      
532.00    0.00      360.00    532.00    0.000           0.000           435050.021      6478563.523     0.00      
540.00    0.53      191.48    540.00    -0.007          -0.036          435050.013      6478563.487     2.00      
570.00    2.53      191.48    569.99    -0.167          -0.823          435049.854      6478562.700     2.00      
600.00    4.53      191.48    599.93    -0.535          -2.635          435049.486      6478560.889     2.00      
630.00    6.53      191.48    629.79    -1.111          -5.470          435048.911      6478558.055     2.00      
660.00    8.53      191.48    659.53    -1.893          -9.324          435048.128      6478554.202     2.00      
690.00    10.53     191.48    689.11    -2.882          -14.193         435047.140      6478549.335     2.00      
720.00    12.53     191.48    718.50    -4.075          -20.071         435045.947      6478543.459     2.00      
750.00    14.53     191.48    747.67    -5.472          -26.950         435044.550      6478536.582     2.00      
780.00    16.53     191.48    776.57    -7.071          -34.823         435042.952      6478528.712     2.00      
810.00    18.53     191.48    805.18    -8.869          -43.680         435041.155      6478519.858     2.00      
840.00    20.53     191.48    833.45    -10.865         -53.510         435039.159      6478510.032     2.00      
870.00    22.53     191.48    861.35    -13.056         -64.300         435036.969      6478499.245     2.00      
900.00    24.53     191.48    888.86    -15.440         -76.038         435034.586      6478487.511     2.00      
930.00    26.53     191.48    915.93    -18.013         -88.710         435032.014      6478474.844     2.00      
960.00    28.53     191.48    942.53    -20.772         -102.300        435029.256      6478461.259     2.00      
990.00    30.53     191.48    968.63    -23.715         -116.791        435026.314      6478446.772     2.00      
1020.00   32.53     191.48    994.20    -26.837         -132.167        435023.193      6478431.402     2.00      
1050.00   34.53     191.48    1019.20   -30.135         -148.407        435019.897      6478415.168     2.00      
1080.00   36.53     191.48    1043.61   -33.604         -165.493        435016.429      6478398.088     2.00      
1110.00   38.53     191.48    1067.40   -37.241         -183.403        435012.793      6478380.184     2.00      
1140.00   40.53     191.48    1090.54   -41.040         -202.116        435008.995      6478361.477     2.00      
1162.06   42.00     191.48    1107.12   -43.935         -216.372        435006.101      6478347.226     2.00      
1170.00   42.00     191.48    1113.02   -44.993         -221.582        435005.044      6478342.018     0.00      
1200.00   42.00     191.48    1135.31   -48.988         -241.256        435001.050      6478322.351     0.00      
1230.00   42.00     191.48    1157.61   -52.983         -260.930        434997.057      6478302.684     0.00      
1260.00   42.00     191.48    1179.90   -56.978         -280.604        434993.063      6478283.017     0.00      
1290.00   42.00     191.48    1202.19   -60.972         -300.278        434989.070      6478263.350     0.00      
1320.00   42.00     191.48    1224.49   -64.967         -319.952        434985.076      6478243.683     0.00      
1350.00   42.00     191.48    1246.78   -68.962         -339.626        434981.083      6478224.016     0.00      
1380.00   42.00     191.48    1269.07   -72.957         -359.299        434977.089      6478204.349     0.00      
1410.00   42.00     191.48    1291.36   -76.952         -378.973        434973.096      6478184.682     0.00      
1440.00   42.00     191.48    1313.66   -80.947         -398.647        434969.102      6478165.015     0.00      
1470.00   42.00     191.48    1335.95   -84.941         -418.321        434965.109      6478145.348     0.00      
1500.00   42.00     191.48    1358.24   -88.936         -437.995        434961.116      6478125.681     0.00      
1530.00   42.00     191.48    1380.54   -92.931         -457.669        434957.122      6478106.014     0.00      
1560.00   42.00     191.48    1402.83   -96.926         -477.343        434953.129      6478086.347     0.00      
1590.00   42.00     191.48    1425.12   -100.921        -497.017        434949.135      6478066.680     0.00      
1620.00   42.00     191.48    1447.42   -104.916        -516.690        434945.142      6478047.013     0.00      
1650.00   42.00     191.48    1469.71   -108.911        -536.364        434941.148      6478027.346     0.00      
1680.00   42.00     191.48    1492.00   -112.905        -556.038        434937.155      6478007.679     0.00      
1710.00   42.00     191.48    1514.30   -116.900        -575.712        434933.161      6477988.012     0.00      
1740.00   42.00     191.48    1536.59   -120.895        -595.386        434929.168      6477968.344     0.00      
1770.00   42.00     191.48    1558.88   -124.890        -615.060        434925.174      6477948.677     0.00      
1800.00   42.00     191.48    1581.17   -128.885        -634.734        434921.181      6477929.010     0.00      
1830.00   42.00     191.48    1603.47   -132.880        -654.407        434917.188      6477909.343     0.00      
1860.00   42.00     191.48    1625.76   -136.874        -674.081        434913.194      6477889.676     0.00      
1890.00   42.00     191.48    1648.05   -140.869        -693.755        434909.201      6477870.009     0.00      
1920.00   42.00     191.48    1670.35   -144.864        -713.429        434905.207      6477850.342     0.00      
1950.00   42.00     191.48    1692.64   -148.859        -733.103        434901.214      6477830.675     0.00      
1980.00   42.00     191.48    1714.93   -152.854        -752.777        434897.220      6477811.008     0.00      
2010.00   42.00     191.48    1737.23   -156.849        -772.451        434893.227      6477791.341     0.00      
2040.00   42.00     191.48    1759.52   -160.844        -792.125        434889.233      6477771.674     0.00      
2070.00   42.00     191.48    1781.81   -164.838        -811.798        434885.240      6477752.007     0.00      
2100.00   42.00     191.48    1804.10   -168.833        -831.472        434881.246      6477732.340     0.00      
2130.00   42.00     191.48    1826.40   -172.828        -851.146        434877.253      6477712.673     0.00      
2160.00   42.00     191.48    1848.69   -176.823        -870.820        434873.260      6477693.006     0.00      
2190.00   42.00     191.48    1870.98   -180.818        -890.494        434869.266      6477673.339     0.00      
2220.00   42.00     191.48    1893.28   -184.813        -910.168        434865.273      6477653.672     0.00      
2250.00   42.00     191.48    1915.57   -188.807        -929.842        434861.279      6477634.005     0.00      
2280.00   42.00     191.48    1937.86   -192.802        -949.516        434857.286      6477614.338     0.00      
2310.00   42.00     191.48    1960.16   -196.797        -969.189        434853.292      6477594.671     0.00      
2340.00   42.00     191.48    1982.45   -200.792        -988.863        434849.299      6477575.004     0.00      
2370.00   42.00     191.48    2004.74   -204.787        -1008.537       434845.305      6477555.337     0.00      
2400.00   42.00     191.48    2027.04   -208.782        -1028.211       434841.312      6477535.670     0.00      
2430.00   42.00     191.48    2049.33   -212.776        -1047.885       434837.319      6477516.003     0.00      
2460.00   42.00     191.48    2071.62   -216.771        -1067.559       434833.325      6477496.336     0.00      
2490.00   42.00     191.48    2093.91   -220.766        -1087.233       434829.332      6477476.669     0.00      
2520.00   42.00     191.48    2116.21   -224.761        -1106.907       434825.338      6477457.002     0.00      
2550.00   42.00     191.48    2138.50   -228.756        -1126.580       434821.345      6477437.335     0.00      
2580.00   42.00     191.48    2160.79   -232.751        -1146.254       434817.351      6477417.668     0.00      
2610.00   42.00     191.48    2183.09   -236.746        -1165.928       434813.358      6477398.001     0.00      
2640.00   42.00     191.48    2205.38   -240.740        -1185.602       434809.364      6477378.334     0.00      
2670.00   42.00     191.48    2227.67   -244.735        -1205.276       434805.371      6477358.667     0.00      
2700.00   42.00     191.48    2249.97   -248.730        -1224.950       434801.377      6477339.000     0.00      
2730.00   42.00     191.48    2272.26   -252.725        -1244.624       434797.384      6477319.333     0.00      
2760.00   42.00     191.48    2294.55   -256.720        -1264.297       434793.391      6477299.666     0.00      
2790.00   42.00     191.48    2316.84   -260.715        -1283.971       434789.397      6477279.999     0.00      
2820.00   42.00     191.48    2339.14   -264.709        -1303.645       434785.404      6477260.332     0.00      
2850.00   42.00     191.48    2361.43   -268.704        -1323.319       434781.410      6477240.665     0.00      
2880.00   42.00     191.48    2383.72   -272.699        -1342.993       434777.417      6477220.998     0.00      
2910.00   42.00     191.48    2406.02   -276.694        -1362.667       434773.423      6477201.331     0.00      
2940.00   42.00     191.48    2428.31   -280.689        -1382.341       434769.430      6477181.664     0.00      
2970.00   42.00     191.48    2450.60   -284.684        -1402.015       434765.436      6477161.997     0.00      
3000.00   42.00     191.48    2472.90   -288.679        -1421.688       434761.443      6477142.330     0.00      
3024.96   42.00     191.48    2491.44   -292.002        -1438.055       434758.121      6477125.969     0.00      
3030.00   41.90     191.96    2495.19   -292.686        -1441.356       434757.436      6477122.669     2.00      
3060.00   41.33     194.84    2517.62   -297.299        -1460.733       434752.825      6477103.299     2.00      
3090.00   40.82     197.79    2540.24   -302.833        -1479.647       434747.293      6477084.391     2.00      
3120.00   40.40     200.79    2563.02   -309.280        -1498.075       434740.848      6477065.970     2.00      
3150.00   40.06     203.84    2585.92   -316.634        -1515.995       434733.497      6477048.056     2.00      
3180.00   39.79     206.93    2608.93   -324.885        -1533.385       434725.249      6477030.673     2.00      
3210.00   39.61     210.05    2632.02   -334.022        -1550.223       434716.115      6477013.840     2.00      
3240.00   39.51     213.19    2655.15   -344.036        -1566.489       434706.105      6476997.579     2.00      
3270.00   39.50     216.33    2678.30   -354.913        -1582.164       434695.231      6476981.910     2.00      
3300.00   39.57     219.47    2701.44   -366.641        -1597.228       434683.508      6476966.851     2.00      
3330.00   39.73     222.60    2724.54   -379.205        -1611.663       434670.948      6476952.421     2.00      
3360.00   39.96     225.70    2747.57   -392.590        -1625.451       434657.568      6476938.638     2.00      
3390.00   40.29     228.76    2770.52   -406.779        -1638.576       434643.383      6476925.517     2.00      
3420.00   40.69     231.78    2793.34   -421.756        -1651.022       434628.412      6476913.077     2.00      
3450.00   41.16     234.74    2816.00   -437.501        -1662.772       434612.672      6476901.330     2.00      
3480.00   41.71     237.65    2838.50   -453.997        -1673.814       434596.182      6476890.292     2.00      
3510.00   42.34     240.49    2860.78   -471.222        -1684.133       434578.963      6476879.977     2.00      
3540.00   43.03     243.25    2882.84   -489.156        -1693.717       434561.035      6476870.396     2.00      
3570.00   43.79     245.95    2904.64   -507.777        -1702.555       434542.421      6476861.561     2.00      
3600.00   44.60     248.57    2926.15   -527.062        -1710.635       434523.142      6476853.484     2.00      
3630.00   45.48     251.11    2947.34   -546.988        -1717.948       434503.224      6476846.173     2.00      
3660.00   46.41     253.57    2968.21   -567.530        -1724.485       434482.688      6476839.639     2.00      
3690.00   47.39     255.96    2988.70   -588.664        -1730.237       434461.562      6476833.889     2.00      
3720.00   48.42     258.27    3008.81   -610.363        -1735.198       434439.870      6476828.929     2.00      
3750.00   49.50     260.50    3028.51   -632.602        -1739.363       434417.640      6476824.766     2.00      
3780.00   50.62     262.67    3047.77   -655.352        -1742.724       434394.897      6476821.406     2.00      
3810.00   51.77     264.76    3066.58   -678.588        -1745.280       434371.670      6476818.851     2.00      
3840.00   52.96     266.79    3084.90   -702.279        -1747.026       434347.987      6476817.106     2.00      
3870.00   54.19     268.76    3102.71   -726.397        -1747.960       434323.877      6476816.171     2.00      
3889.49   55.00     270.00    3114.00   -742.279        -1748.132       434308.000      6476816.000     2.00      
