HEADER INFORMATION (all units in Statoil default) 
----------------------------------------------------------------
COMPANY: Statoil Norway
FIELD: SLEIPNER
WELL NAME: F-11
WELLBORE NAME: Relief well 966m North
Drilled From: Relief well 1352m South
Kick Off Depth: 145.90m
Survey Name: Relief wel F-11 B IOR 966m North 9 5/8" csg shoe
Survey Date: 13.11.2012
Extraction Date: 03.04.2018
----------------------------------------------------------------
Calculation Method: Minimum Curvature
Datum Name: MI(54.90m)
----------------------------------------------------------------
Surface EW: 435049.095m
Surface NS: 6478568.172m
Surface Latitude: 58° 26' 29.9566 N
Surface Longitude: 1° 53' 14.8667 E
Bottom Hole MD: 3237.18m
Bottom Hole TVD: 2722.70m
Bottom Hole EW: 435095.005m
Bottom Hole NS: 6478689.586m
----------------------------------------------------------------
Survey Program:  
H  146 - 3237 RELIEF WEL F-11 B IOR 966M NORTH 9 5/8" CSG SHOE : 
----------------------------------------------------------------
Water Depth: 91.00m
KB-WH: 145.90m
KB-MSL: 54.90m
System Datum: Mean Sea Level
----------------------------------------------------------------
Map-Zone: Zone 31N (0 E to 6 E)
North Reference: Grid
Geo Datum: European 1950 - Mean
Vertical Section Direction: 20.71deg
----------------------------------------------------------------
SURVEY LIST
MD        Inc       Azim      TVD       X-Offset (E/W)  Y-Offset (N/S)  UTM E/W         UTM N/S         DLS
m RKB     deg       deg       m RKB     m               m               m               m               deg/30m
145.90    0.00      0.00      145.90    -490.190        841.770         434560.002      6479405.000     0.00      
150.00    0.00      360.00    150.00    -490.190        841.770         434560.002      6479405.000     0.00      
180.00    0.00      360.00    180.00    -490.190        841.770         434560.002      6479405.000     0.00      
210.00    0.00      360.00    210.00    -490.190        841.770         434560.002      6479405.000     0.00      
240.00    0.00      360.00    240.00    -490.190        841.770         434560.002      6479405.000     0.00      
270.00    0.00      360.00    270.00    -490.190        841.770         434560.002      6479405.000     0.00      
300.00    0.00      360.00    300.00    -490.190        841.770         434560.002      6479405.000     0.00      
330.00    0.00      360.00    330.00    -490.190        841.770         434560.002      6479405.000     0.00      
360.00    0.00      360.00    360.00    -490.190        841.770         434560.002      6479405.000     0.00      
390.00    0.00      360.00    390.00    -490.190        841.770         434560.002      6479405.000     0.00      
420.00    0.00      360.00    420.00    -490.190        841.770         434560.002      6479405.000     0.00      
450.00    0.00      360.00    450.00    -490.190        841.770         434560.002      6479405.000     0.00      
480.00    0.00      360.00    480.00    -490.190        841.770         434560.002      6479405.000     0.00      
510.00    0.00      360.00    510.00    -490.190        841.770         434560.002      6479405.000     0.00      
540.00    0.00      360.00    540.00    -490.190        841.770         434560.002      6479405.000     0.00      
545.90    0.00      360.00    545.90    -490.190        841.770         434560.002      6479405.000     0.00      
570.00    0.80      192.96    570.00    -490.228        841.605         434559.964      6479404.835     1.00      
600.00    1.80      192.96    599.99    -490.381        840.940         434559.811      6479404.170     1.00      
630.00    2.80      192.96    629.97    -490.651        839.765         434559.540      6479402.996     1.00      
660.00    3.80      192.96    659.92    -491.039        838.081         434559.153      6479401.312     1.00      
690.00    4.80      192.96    689.83    -491.544        835.887         434558.648      6479399.119     1.00      
695.90    5.00      192.96    695.71    -491.657        835.396         434558.535      6479398.628     1.00      
720.00    7.01      192.96    719.68    -492.222        832.939         434557.970      6479396.172     2.50      
750.00    9.51      192.96    749.36    -493.189        828.740         434557.004      6479391.975     2.50      
780.00    12.01     192.96    778.83    -494.444        823.283         434555.749      6479386.520     2.50      
810.00    14.51     192.96    808.03    -495.987        816.579         434554.206      6479379.817     2.50      
840.00    17.01     192.96    836.90    -497.814        808.640         434552.380      6479371.881     2.50      
870.00    19.51     192.96    865.39    -499.922        799.481         434550.273      6479362.725     2.50      
900.00    22.01     192.96    893.44    -502.306        789.120         434547.890      6479352.368     2.50      
930.00    24.51     192.96    921.00    -504.963        777.576         434545.234      6479340.828     2.50      
960.00    27.01     192.96    948.02    -507.886        764.872         434542.312      6479328.128     2.50      
990.00    29.51     192.96    974.44    -511.071        751.031         434539.128      6479314.293     2.50      
1010.73   31.24     192.96    992.33    -513.422        740.815         434536.778      6479304.080     2.50      
1020.00   31.24     192.96    1000.25   -514.499        736.132         434535.701      6479299.399     0.00      
1050.00   31.24     192.96    1025.90   -517.988        720.972         434532.213      6479284.244     0.00      
1080.00   31.24     192.96    1051.55   -521.477        705.811         434528.726      6479269.088     0.00      
1110.00   31.24     192.96    1077.20   -524.966        690.650         434525.238      6479253.933     0.00      
1140.00   31.24     192.96    1102.85   -528.455        675.489         434521.750      6479238.777     0.00      
1170.00   31.24     192.96    1128.50   -531.943        660.329         434518.263      6479223.622     0.00      
1200.00   31.24     192.96    1154.16   -535.432        645.168         434514.775      6479208.466     0.00      
1230.00   31.24     192.96    1179.81   -538.921        630.007         434511.288      6479193.311     0.00      
1260.00   31.24     192.96    1205.46   -542.410        614.846         434507.800      6479178.155     0.00      
1290.00   31.24     192.96    1231.11   -545.898        599.686         434504.313      6479163.000     0.00      
1320.00   31.24     192.96    1256.76   -549.387        584.525         434500.825      6479147.844     0.00      
1350.00   31.24     192.96    1282.41   -552.876        569.364         434497.338      6479132.689     0.00      
1380.00   31.24     192.96    1308.06   -556.365        554.204         434493.850      6479117.534     0.00      
1410.00   31.24     192.96    1333.71   -559.853        539.043         434490.362      6479102.378     0.00      
1440.00   31.24     192.96    1359.36   -563.342        523.882         434486.875      6479087.223     0.00      
1470.00   31.24     192.96    1385.02   -566.831        508.721         434483.387      6479072.067     0.00      
1500.00   31.24     192.96    1410.67   -570.320        493.561         434479.900      6479056.912     0.00      
1530.00   31.24     192.96    1436.32   -573.808        478.400         434476.412      6479041.756     0.00      
1560.00   31.24     192.96    1461.97   -577.297        463.239         434472.925      6479026.601     0.00      
1590.00   31.24     192.96    1487.62   -580.786        448.078         434469.437      6479011.445     0.00      
1620.00   31.24     192.96    1513.27   -584.275        432.918         434465.950      6478996.290     0.00      
1650.00   31.24     192.96    1538.92   -587.764        417.757         434462.462      6478981.134     0.00      
1680.00   31.24     192.96    1564.57   -591.252        402.596         434458.974      6478965.979     0.00      
1710.00   31.24     192.96    1590.22   -594.741        387.435         434455.487      6478950.823     0.00      
1740.00   31.24     192.96    1615.88   -598.230        372.275         434451.999      6478935.668     0.00      
1770.00   31.24     192.96    1641.53   -601.719        357.114         434448.512      6478920.512     0.00      
1800.00   31.24     192.96    1667.18   -605.207        341.953         434445.024      6478905.357     0.00      
1830.00   31.24     192.96    1692.83   -608.696        326.792         434441.537      6478890.202     0.00      
1860.00   31.24     192.96    1718.48   -612.185        311.632         434438.049      6478875.046     0.00      
1890.00   31.24     192.96    1744.13   -615.674        296.471         434434.562      6478859.891     0.00      
1920.00   31.24     192.96    1769.78   -619.162        281.310         434431.074      6478844.735     0.00      
1950.00   31.24     192.96    1795.43   -622.651        266.149         434427.587      6478829.580     0.00      
1980.00   31.24     192.96    1821.09   -626.140        250.989         434424.099      6478814.424     0.00      
1997.26   31.24     192.96    1835.84   -628.147        242.267         434422.093      6478805.706     0.00      
2010.00   30.63     191.26    1846.77   -629.522        235.864         434420.718      6478799.305     2.50      
2040.00   29.29     187.03    1872.76   -631.913        221.082         434418.328      6478784.528     2.50      
2070.00   28.10     182.45    1899.08   -633.114        206.737         434417.127      6478770.188     2.50      
2100.00   27.07     177.53    1925.67   -633.122        192.854         434417.119      6478756.310     2.50      
2130.00   26.23     172.28    1952.49   -631.937        179.462         434418.304      6478742.922     2.50      
2160.00   25.59     166.75    1979.48   -629.561        166.584         434420.679      6478730.049     2.50      
2190.00   25.16     161.00    2006.59   -625.999        154.246         434424.240      6478717.715     2.50      
2220.00   24.96     155.11    2033.77   -621.258        142.471         434428.979      6478705.944     2.50      
2250.00   25.00     149.19    2060.97   -615.346        131.282         434434.889      6478694.759     2.50      
2280.00   25.27     143.34    2088.13   -608.275        120.699         434441.957      6478684.180     2.50      
2310.00   25.76     137.65    2115.21   -600.059        110.743         434450.171      6478674.228     2.50      
2340.00   26.47     132.20    2142.15   -590.712        101.434         434459.514      6478664.921     2.50      
2370.00   27.37     127.04    2168.90   -580.254        92.788          434469.969      6478656.278     2.50      
2400.00   28.45     122.22    2195.41   -568.703        84.822          434481.516      6478648.315     2.50      
2430.00   29.69     117.75    2221.64   -556.081        77.551          434494.133      6478641.047     2.50      
2460.00   31.06     113.62    2247.52   -542.413        70.989          434507.796      6478634.488     2.50      
2490.00   32.56     109.82    2273.02   -527.725        65.150          434522.479      6478628.650     2.50      
2520.00   34.16     106.33    2298.08   -512.045        60.042          434538.154      6478623.544     2.50      
2550.00   35.86     103.13    2322.65   -495.402        55.677          434554.791      6478619.181     2.50      
2580.00   37.63     100.18    2346.69   -477.829        52.063          434572.358      6478615.568     2.50      
2610.00   39.47     97.46     2370.15   -459.358        49.207          434590.823      6478612.713     2.50      
2640.00   41.37     94.95     2392.99   -440.025        47.113          434610.149      6478610.620     2.50      
2670.00   43.31     92.62     2415.17   -419.866        45.787          434630.301      6478609.294     2.50      
2700.00   45.31     90.46     2436.64   -398.921        45.230          434651.239      6478608.738     2.50      
2730.00   47.34     88.44     2457.35   -377.228        45.444          434672.924      6478608.951     2.50      
2760.00   49.40     86.56     2477.28   -354.830        46.428          434695.315      6478609.935     2.50      
2790.00   51.49     84.78     2496.39   -331.768        48.181          434718.368      6478611.687     2.50      
2820.00   53.61     83.11     2514.63   -308.087        50.698          434742.041      6478614.203     2.50      
2850.00   55.75     81.52     2531.97   -283.832        53.976          434766.288      6478617.480     2.50      
2880.00   57.91     80.02     2548.39   -259.049        58.007          434791.062      6478621.510     2.50      
2910.00   60.09     78.58     2563.84   -233.785        62.785          434816.318      6478626.286     2.50      
2922.53   61.00     78.00     2570.00   -223.100        65.000          434826.999      6478628.500     2.50      
2940.00   61.00     78.00     2578.47   -208.156        68.176          434841.938      6478631.676     0.00      
2970.00   61.00     78.00     2593.01   -182.491        73.632          434867.594      6478637.129     0.00      
3000.00   61.00     78.00     2607.56   -156.825        79.087          434893.250      6478642.583     0.00      
3030.00   61.00     78.00     2622.10   -131.160        84.542          434918.906      6478648.036     0.00      
3060.00   61.00     78.00     2636.65   -105.495        89.998          434944.563      6478653.489     0.00      
3090.00   61.00     78.00     2651.19   -79.830         95.453          434970.219      6478658.943     0.00      
3120.00   61.00     78.00     2665.73   -54.165         100.908         434995.875      6478664.396     0.00      
3150.00   61.00     78.00     2680.28   -28.499         106.364         435021.531      6478669.850     0.00      
3162.53   61.00     78.00     2686.35   -17.778         108.642         435032.249      6478672.128     0.00      
3180.00   60.92     76.34     2694.83   -2.888          112.033         435047.134      6478675.517     2.49      
3210.00   60.82     73.49     2709.44   22.410          118.852         435072.423      6478682.334     2.49      
3237.18   60.79     70.90     2722.70   44.999          126.107         435095.005      6478689.586     2.49      
