HEADER INFORMATION (all units in Statoil default) 
----------------------------------------------------------------
COMPANY: Statoil Norway
FIELD: SLEIPNER
WELL NAME: F-11
WELLBORE NAME: Relief well 966m North
Drilled From: Relief well 1352m South
Kick Off Depth: 145.90m
Survey Name: Relief well F-11 N Pilot 966m North 14" csg shoe
Survey Date: 13.11.2012
Extraction Date: 03.04.2018
----------------------------------------------------------------
Calculation Method: Minimum Curvature
Datum Name: MI(54.90m)
----------------------------------------------------------------
Surface EW: 435049.095m
Surface NS: 6478568.172m
Surface Latitude: 58° 26' 29.9566 N
Surface Longitude: 1° 53' 14.8667 E
Bottom Hole MD: 2735.01m
Bottom Hole TVD: 2442.00m
Bottom Hole EW: 434704.249m
Bottom Hole NS: 6478608.401m
----------------------------------------------------------------
Survey Program:  
H  146 - 2735 RELIEF WELL F-11 N PILOT 966M NORTH 14" CSG SHOE : 
----------------------------------------------------------------
Water Depth: 91.00m
KB-WH: 145.90m
KB-MSL: 54.90m
System Datum: Mean Sea Level
----------------------------------------------------------------
Map-Zone: Zone 31N (0 E to 6 E)
North Reference: Grid
Geo Datum: European 1950 - Mean
Vertical Section Direction: 276.65deg
----------------------------------------------------------------
SURVEY LIST
MD        Inc       Azim      TVD       X-Offset (E/W)  Y-Offset (N/S)  UTM E/W         UTM N/S         DLS
m RKB     deg       deg       m RKB     m               m               m               m               deg/30m
145.90    0.00      0.00      145.90    -490.190        841.770         434560.002      6479405.000     0.00      
150.00    0.00      360.00    150.00    -490.190        841.770         434560.002      6479405.000     0.00      
180.00    0.00      360.00    180.00    -490.190        841.770         434560.002      6479405.000     0.00      
210.00    0.00      360.00    210.00    -490.190        841.770         434560.002      6479405.000     0.00      
240.00    0.00      360.00    240.00    -490.190        841.770         434560.002      6479405.000     0.00      
270.00    0.00      360.00    270.00    -490.190        841.770         434560.002      6479405.000     0.00      
300.00    0.00      360.00    300.00    -490.190        841.770         434560.002      6479405.000     0.00      
330.00    0.00      360.00    330.00    -490.190        841.770         434560.002      6479405.000     0.00      
360.00    0.00      360.00    360.00    -490.190        841.770         434560.002      6479405.000     0.00      
390.00    0.00      360.00    390.00    -490.190        841.770         434560.002      6479405.000     0.00      
420.00    0.00      360.00    420.00    -490.190        841.770         434560.002      6479405.000     0.00      
450.00    0.00      360.00    450.00    -490.190        841.770         434560.002      6479405.000     0.00      
480.00    0.00      360.00    480.00    -490.190        841.770         434560.002      6479405.000     0.00      
510.00    0.00      360.00    510.00    -490.190        841.770         434560.002      6479405.000     0.00      
540.00    0.00      360.00    540.00    -490.190        841.770         434560.002      6479405.000     0.00      
545.90    0.00      360.00    545.90    -490.190        841.770         434560.002      6479405.000     0.00      
570.00    0.80      181.70    570.00    -490.195        841.601         434559.997      6479404.831     1.00      
600.00    1.80      181.70    599.99    -490.215        840.919         434559.976      6479404.149     1.00      
630.00    2.80      181.70    629.97    -490.251        839.714         434559.941      6479402.944     1.00      
660.00    3.80      181.70    659.92    -490.302        837.986         434559.889      6479401.217     1.00      
690.00    4.80      181.70    689.83    -490.369        835.736         434559.823      6479398.967     1.00      
695.89    5.00      181.70    695.70    -490.384        835.232         434559.808      6479398.465     1.00      
720.00    7.01      181.70    719.68    -490.459        832.712         434559.733      6479395.945     2.50      
750.00    9.51      181.70    749.36    -490.587        828.404         434559.605      6479391.639     2.50      
780.00    12.01     181.70    778.83    -490.753        822.807         434559.439      6479386.043     2.50      
810.00    14.51     181.70    808.03    -490.957        815.930         434559.235      6479379.169     2.50      
840.00    17.01     181.70    836.90    -491.199        807.786         434558.993      6479371.028     2.50      
870.00    19.51     181.70    865.39    -491.478        798.392         434558.714      6479361.637     2.50      
900.00    22.01     181.70    893.44    -491.794        787.764         434558.398      6479351.013     2.50      
930.00    24.51     181.70    921.00    -492.146        775.923         434558.046      6479339.176     2.50      
960.00    27.01     181.70    948.01    -492.533        762.893         434557.659      6479326.150     2.50      
990.00    29.51     181.70    974.44    -492.955        748.696         434557.237      6479311.958     2.50      
1020.00   32.01     181.70    1000.21   -493.411        733.361         434556.782      6479296.629     2.50      
1050.00   34.51     181.70    1025.30   -493.900        716.917         434556.293      6479280.190     2.50      
1080.00   37.01     181.70    1049.64   -494.421        699.395         434555.773      6479262.674     2.50      
1110.00   39.51     181.70    1073.20   -494.972        680.828         434555.221      6479244.114     2.50      
1123.15   40.60     181.70    1083.26   -495.224        672.371         434554.970      6479235.659     2.50      
1140.00   40.60     181.70    1096.05   -495.550        661.407         434554.644      6479224.700     0.00      
1170.00   40.60     181.70    1118.83   -496.130        641.891         434554.064      6479205.190     0.00      
1200.00   40.60     181.70    1141.61   -496.710        622.374         434553.484      6479185.680     0.00      
1230.00   40.60     181.70    1164.38   -497.290        602.858         434552.904      6479166.171     0.00      
1260.00   40.60     181.70    1187.16   -497.870        583.341         434552.324      6479146.661     0.00      
1290.00   40.60     181.70    1209.94   -498.450        563.825         434551.745      6479127.151     0.00      
1320.00   40.60     181.70    1232.71   -499.030        544.308         434551.165      6479107.642     0.00      
1350.00   40.60     181.70    1255.49   -499.610        524.792         434550.585      6479088.132     0.00      
1380.00   40.60     181.70    1278.27   -500.190        505.275         434550.005      6479068.622     0.00      
1410.00   40.60     181.70    1301.04   -500.770        485.759         434549.425      6479049.112     0.00      
1440.00   40.60     181.70    1323.82   -501.350        466.242         434548.845      6479029.603     0.00      
1470.00   40.60     181.70    1346.60   -501.930        446.726         434548.265      6479010.093     0.00      
1500.00   40.60     181.70    1369.37   -502.510        427.209         434547.685      6478990.583     0.00      
1530.00   40.60     181.70    1392.15   -503.091        407.693         434547.106      6478971.074     0.00      
1560.00   40.60     181.70    1414.92   -503.671        388.176         434546.526      6478951.564     0.00      
1590.00   40.60     181.70    1437.70   -504.251        368.660         434545.946      6478932.054     0.00      
1620.00   40.60     181.70    1460.48   -504.831        349.143         434545.366      6478912.544     0.00      
1650.00   40.60     181.70    1483.25   -505.411        329.627         434544.786      6478893.035     0.00      
1680.00   40.60     181.70    1506.03   -505.991        310.110         434544.206      6478873.525     0.00      
1710.00   40.60     181.70    1528.81   -506.571        290.594         434543.626      6478854.015     0.00      
1740.00   40.60     181.70    1551.58   -507.151        271.077         434543.046      6478834.506     0.00      
1770.00   40.60     181.70    1574.36   -507.731        251.561         434542.467      6478814.996     0.00      
1800.00   40.60     181.70    1597.14   -508.311        232.044         434541.887      6478795.486     0.00      
1830.00   40.60     181.70    1619.91   -508.891        212.528         434541.307      6478775.977     0.00      
1860.00   40.60     181.70    1642.69   -509.471        193.011         434540.727      6478756.467     0.00      
1877.60   40.60     181.70    1656.05   -509.812        181.560         434540.387      6478745.020     0.00      
1890.00   39.61     181.26    1665.54   -510.019        173.576         434540.180      6478737.038     2.50      
1920.00   37.22     180.11    1689.04   -510.247        154.939         434539.951      6478718.408     2.50      
1950.00   34.83     178.83    1713.30   -510.091        137.299         434540.108      6478700.774     2.50      
1980.00   32.46     177.39    1738.28   -509.549        120.688         434540.649      6478684.169     2.50      
2010.00   30.11     175.75    1763.91   -508.624        105.138         434541.574      6478668.624     2.50      
2040.00   27.79     173.85    1790.16   -507.317        90.678          434542.881      6478654.170     2.50      
2070.00   25.49     171.65    1816.98   -505.630        77.337          434544.567      6478640.833     2.50      
2100.00   23.23     169.04    1844.30   -503.567        65.139          434546.629      6478628.639     2.50      
2130.00   21.03     165.91    1872.09   -501.132        54.108          434549.064      6478617.612     2.50      
2160.00   18.89     162.10    1900.29   -498.328        44.265          434551.866      6478607.773     2.50      
2190.00   16.85     157.38    1928.84   -495.163        35.629          434555.031      6478599.139     2.50      
2220.00   14.95     151.45    1957.70   -491.640        28.215          434558.552      6478591.728     2.50      
2250.00   13.24     143.94    1986.80   -487.768        22.039          434562.422      6478585.554     2.50      
2280.00   11.81     134.45    2016.08   -483.554        17.111          434566.635      6478580.628     2.50      
2310.00   10.77     122.80    2045.51   -479.006        13.441          434571.182      6478576.960     2.50      
2340.00   10.25     109.37    2075.01   -474.131        11.037          434576.055      6478574.556     2.50      
2370.00   10.31     95.33     2104.53   -468.941        9.903           434581.243      6478573.422     2.50      
2400.00   10.95     82.20     2134.02   -463.444        10.040          434586.739      6478573.560     2.50      
2430.00   12.08     71.00     2163.42   -457.650        11.449          434592.530      6478574.968     2.50      
2460.00   13.58     61.96     2192.67   -451.572        14.127          434598.606      6478577.645     2.50      
2467.55   14.00     60.00     2200.00   -450.000        15.000          434600.178      6478578.518     2.50      
2492.55   14.00     60.00     2224.26   -444.762        18.024          434605.414      6478581.541     0.00      
2520.00   16.42     65.03     2250.75   -438.367        21.323          434611.807      6478584.839     3.01      
2550.00   19.17     69.08     2279.31   -429.921        24.872          434620.250      6478588.386     3.01      
2580.00   21.98     72.14     2307.40   -419.975        28.352          434630.192      6478591.865     3.01      
2610.00   24.84     74.53     2334.93   -408.556        31.755          434641.607      6478595.267     3.01      
2640.00   27.72     76.45     2361.82   -395.697        35.071          434654.462      6478598.582     3.01      
2670.00   30.63     78.04     2388.01   -381.432        38.290          434668.722      6478601.800     3.01      
2700.00   33.56     79.37     2413.43   -365.801        41.404          434684.347      6478604.913     3.01      
2730.00   36.50     80.51     2437.99   -348.847        44.404          434701.295      6478607.912     3.01      
2735.01   36.99     80.69     2442.00   -345.893        44.893          434704.249      6478608.401     3.01      
