HEADER INFORMATION (all units in Statoil default) 
----------------------------------------------------------------
COMPANY: Statoil Norway
FIELD: SLEIPNER
WELL NAME: Relief well location 5
WELLBORE NAME: F-1 A  Northwest Injector 9 5/8" csg.shoe
Drilled From: Well Ref. Point
Kick Off Depth: 145.00m
Survey Name: F-1 A Northwest Injector 9 5/8" csg.shoe revp1
Survey Date: 07.06.2013
Extraction Date: 26.03.2018
----------------------------------------------------------------
Calculation Method: Minimum Curvature
Datum Name: WELL(54.00m)
----------------------------------------------------------------
Surface EW: 434555.000m
Surface NS: 6478831.000m
Surface Latitude: 58° 26' 38.1874 N
Surface Longitude: 1° 52' 44.1353 E
Bottom Hole MD: 3185.44m
Bottom Hole TVD: 2888.09m
Bottom Hole EW: 435392.610m
Bottom Hole NS: 6479243.710m
----------------------------------------------------------------
Survey Program:  
H  145 - 3185 F-1 A NORTHWEST INJECTOR 9 5/8" CSG.SHOE REVP1 : 
----------------------------------------------------------------
Water Depth: 91.00m
KB-WH: 145.00m
KB-MSL: 54.00m
System Datum: Mean Sea Level
----------------------------------------------------------------
Map-Zone: Zone 31N (0 E to 6 E)
North Reference: Grid
Geo Datum: European 1950 - Mean
Vertical Section Direction: 63.77deg
----------------------------------------------------------------
SURVEY LIST
MD        Inc       Azim      TVD       X-Offset (E/W)  Y-Offset (N/S)  UTM E/W         UTM N/S         DLS
m RKB     deg       deg       m RKB     m               m               m               m               deg/30m
145.00    0.00      0.00      145.00    -495.193        267.570         434555.000      6478831.000     0.00      
150.00    0.00      0.00      150.00    -495.193        267.570         434555.000      6478831.000     0.00      
180.00    0.00      0.00      180.00    -495.193        267.570         434555.000      6478831.000     0.00      
210.00    0.00      0.00      210.00    -495.193        267.570         434555.000      6478831.000     0.00      
240.00    0.00      0.00      240.00    -495.193        267.570         434555.000      6478831.000     0.00      
270.00    0.00      0.00      270.00    -495.193        267.570         434555.000      6478831.000     0.00      
300.00    0.00      0.00      300.00    -495.193        267.570         434555.000      6478831.000     0.00      
330.00    0.00      0.00      330.00    -495.193        267.570         434555.000      6478831.000     0.00      
360.00    0.00      0.00      360.00    -495.193        267.570         434555.000      6478831.000     0.00      
390.00    0.00      0.00      390.00    -495.193        267.570         434555.000      6478831.000     0.00      
420.00    0.00      0.00      420.00    -495.193        267.570         434555.000      6478831.000     0.00      
450.00    0.00      0.00      450.00    -495.193        267.570         434555.000      6478831.000     0.00      
480.00    0.00      0.00      480.00    -495.193        267.570         434555.000      6478831.000     0.00      
510.00    0.00      0.00      510.00    -495.193        267.570         434555.000      6478831.000     0.00      
540.00    0.00      0.00      540.00    -495.193        267.570         434555.000      6478831.000     0.00      
545.00    0.00      0.00      545.00    -495.193        267.570         434555.000      6478831.000     0.00      
570.00    0.83      124.43    570.00    -495.043        267.467         434555.150      6478830.897     1.00      
600.00    1.83      124.43    599.99    -494.468        267.073         434555.725      6478830.503     1.00      
630.00    2.83      124.43    629.97    -493.460        266.382         434556.733      6478829.812     1.00      
660.00    3.83      124.43    659.91    -492.021        265.396         434558.171      6478828.826     1.00      
690.00    4.83      124.43    689.83    -490.152        264.114         434560.040      6478827.545     1.00      
720.00    5.83      124.43    719.70    -487.852        262.538         434562.339      6478825.969     1.00      
750.00    6.83      124.43    749.51    -485.122        260.667         434565.068      6478824.099     1.00      
780.00    7.83      124.43    779.27    -481.964        258.502         434568.225      6478821.935     1.00      
810.00    8.83      124.43    808.95    -478.378        256.043         434571.810      6478819.477     1.00      
840.00    9.83      124.43    838.55    -474.365        253.292         434575.821      6478816.727     1.00      
845.00    10.00     124.43    843.48    -473.654        252.806         434576.531      6478816.241     1.00      
870.00    12.08     124.43    868.02    -469.705        250.099         434580.479      6478813.535     2.50      
900.00    14.58     124.43    897.20    -463.999        246.188         434586.183      6478809.625     2.50      
930.00    17.08     124.43    926.06    -457.248        241.560         434592.932      6478804.999     2.50      
960.00    19.58     124.42    954.54    -449.465        236.226         434600.712      6478799.667     2.50      
990.00    22.08     124.42    982.57    -440.665        230.195         434609.510      6478793.638     2.50      
1020.00   24.58     124.42    1010.12   -430.864        223.478         434619.307      6478786.923     2.50      
1050.00   27.08     124.42    1037.12   -420.081        216.089         434630.086      6478779.537     2.50      
1080.00   29.58     124.42    1063.52   -408.338        208.041         434641.825      6478771.491     2.50      
1110.00   32.08     124.42    1089.28   -395.655        199.349         434654.504      6478762.803     2.50      
1140.00   34.58     124.42    1114.34   -382.058        190.031         434668.096      6478753.488     2.50      
1170.00   37.08     124.42    1138.66   -367.571        180.104         434682.578      6478743.564     2.50      
1200.00   39.58     124.42    1162.19   -352.224        169.586         434697.920      6478733.050     2.50      
1203.13   39.84     124.42    1164.60   -350.576        168.457         434699.567      6478731.921     2.50      
1230.00   39.84     124.42    1185.23   -336.373        158.724         434713.765      6478722.192     0.00      
1237.73   39.84     124.42    1191.17   -332.288        155.925         434717.848      6478719.394     0.00      
1260.00   38.52     122.36    1208.43   -320.544        148.179         434729.589      6478711.650     2.50      
1290.00   36.80     119.40    1232.18   -304.823        138.766         434745.304      6478702.241     2.50      
1320.00   35.15     116.19    1256.46   -289.244        130.543         434760.878      6478694.020     2.50      
1350.00   33.60     112.72    1281.22   -273.835        123.524         434776.281      6478687.004     2.50      
1380.00   32.15     108.96    1306.42   -258.626        117.723         434791.485      6478681.205     2.50      
1410.00   30.83     104.90    1332.01   -243.646        113.152         434806.460      6478676.635     2.50      
1440.00   29.64     100.54    1357.93   -228.924        109.818         434821.177      6478673.303     2.50      
1470.00   28.60     95.86     1384.14   -214.487        107.728         434835.609      6478671.214     2.50      
1500.00   27.73     90.89     1410.59   -200.363        106.887         434849.728      6478670.373     2.50      
1530.00   27.05     85.66     1437.23   -186.578        107.295         434863.507      6478670.780     2.50      
1560.00   26.58     80.22     1464.01   -173.160        108.952         434876.921      6478672.437     2.50      
1590.00   26.31     74.63     1490.87   -160.134        111.855         434889.943      6478675.339     2.50      
1620.00   26.27     68.99     1517.78   -147.524        115.998         434902.549      6478679.480     2.50      
1650.00   26.44     63.37     1544.66   -135.354        121.373         434914.714      6478684.854     2.50      
1680.00   26.83     57.86     1571.48   -123.648        127.971         434926.416      6478691.449     2.50      
1710.00   27.43     52.53     1598.18   -112.428        135.778         434937.632      6478699.254     2.50      
1740.00   28.22     47.45     1624.72   -101.715        144.780         434948.341      6478708.252     2.50      
1770.00   29.19     42.65     1651.03   -91.530         154.959         434958.523      6478718.428     2.50      
1800.00   30.32     38.16     1677.08   -81.891         166.297         434968.158      6478729.762     2.50      
1809.19   30.70     36.84     1685.00   -79.050         170.000         434970.998      6478733.464     2.50      
1830.00   30.70     36.84     1702.89   -72.680         178.501         434977.366      6478741.962     0.00      
1860.00   30.70     36.84     1728.69   -63.496         190.758         434986.547      6478754.214     0.00      
1890.00   30.70     36.84     1754.48   -54.311         203.015         434995.728      6478766.467     0.00      
1920.00   30.70     36.84     1780.28   -45.127         215.272         435004.910      6478778.720     0.00      
1950.00   30.70     36.84     1806.07   -35.942         227.529         435014.091      6478790.973     0.00      
1980.00   30.70     36.84     1831.87   -26.758         239.786         435023.272      6478803.225     0.00      
2010.00   30.70     36.84     1857.66   -17.574         252.043         435032.453      6478815.478     0.00      
2040.00   30.70     36.84     1883.46   -8.389          264.300         435041.635      6478827.731     0.00      
2070.00   30.70     36.84     1909.25   0.795           276.557         435050.816      6478839.984     0.00      
2100.00   30.70     36.84     1935.05   9.980           288.814         435059.997      6478852.236     0.00      
2130.00   30.70     36.84     1960.85   19.164          301.071         435069.178      6478864.489     0.00      
2160.00   30.70     36.84     1986.64   28.349          313.328         435078.360      6478876.742     0.00      
2190.00   30.70     36.84     2012.44   37.533          325.585         435087.541      6478888.995     0.00      
2220.00   30.70     36.84     2038.23   46.718          337.842         435096.722      6478901.247     0.00      
2250.00   30.70     36.84     2064.03   55.902          350.099         435105.903      6478913.500     0.00      
2280.00   30.70     36.84     2089.82   65.086          362.356         435115.085      6478925.753     0.00      
2310.00   30.70     36.84     2115.62   74.271          374.613         435124.266      6478938.006     0.00      
2340.00   30.70     36.84     2141.41   83.455          386.870         435133.447      6478950.258     0.00      
2370.00   30.70     36.84     2167.21   92.640          399.127         435142.628      6478962.511     0.00      
2400.00   30.70     36.84     2193.01   101.824         411.384         435151.810      6478974.764     0.00      
2430.00   30.70     36.84     2218.80   111.009         423.641         435160.991      6478987.017     0.00      
2460.00   30.70     36.84     2244.60   120.193         435.898         435170.172      6478999.269     0.00      
2490.00   30.70     36.84     2270.39   129.378         448.155         435179.353      6479011.522     0.00      
2520.00   30.70     36.84     2296.19   138.562         460.412         435188.535      6479023.775     0.00      
2550.00   30.70     36.84     2321.98   147.747         472.669         435197.716      6479036.028     0.00      
2580.00   30.70     36.84     2347.78   156.931         484.926         435206.897      6479048.280     0.00      
2610.00   30.70     36.84     2373.58   166.115         497.183         435216.078      6479060.533     0.00      
2640.00   30.70     36.84     2399.37   175.300         509.440         435225.260      6479072.786     0.00      
2649.19   30.70     36.84     2407.28   178.115         513.197         435228.073      6479076.541     0.00      
2670.00   30.33     37.65     2425.20   184.508         521.606         435234.465      6479084.947     0.80      
2700.00   29.79     38.85     2451.17   193.809         533.407         435243.763      6479096.745     0.80      
2730.00   29.27     40.08     2477.27   203.207         544.825         435253.157      6479108.158     0.80      
2760.00   28.77     41.35     2503.50   212.699         555.856         435262.645      6479119.185     0.80      
2790.00   28.27     42.67     2529.86   222.283         566.499         435272.226      6479129.824     0.80      
2820.00   27.79     44.02     2556.34   231.957         576.751         435281.897      6479140.073     0.80      
2850.00   27.32     45.42     2582.94   241.720         586.610         435291.657      6479149.929     0.80      
2880.00   26.86     46.87     2609.65   251.570         596.076         435301.503      6479159.391     0.80      
2910.00   26.42     48.36     2636.47   261.505         605.144         435311.435      6479168.457     0.80      
2940.00   26.00     49.90     2663.38   271.522         613.815         435321.449      6479177.124     0.80      
2970.00   25.59     51.48     2690.39   281.621         622.086         435331.544      6479185.393     0.80      
3000.00   25.20     53.11     2717.49   291.798         629.956         435341.718      6479193.260     0.80      
3016.08   25.00     54.00     2732.06   297.286         634.009         435347.203      6479197.311     0.80      
3030.00   25.00     54.00     2744.67   302.044         637.466         435351.960      6479200.767     0.00      
3049.08   25.00     54.00     2761.97   308.569         642.206         435358.482      6479205.506     0.00      
3060.00   24.48     52.23     2771.88   312.223         644.948         435362.135      6479208.246     2.49      
3090.00   23.15     47.00     2799.33   321.451         652.777         435371.360      6479216.073     2.49      
3120.00   22.02     41.22     2827.03   329.471         661.030         435379.377      6479224.322     2.49      
3150.00   21.11     34.91     2854.94   336.269         669.690         435386.173      6479232.980     2.49      
3180.00   20.45     28.14     2882.99   341.833         678.741         435391.734      6479242.028     2.49      
3185.44   20.36     26.87     2888.09   342.708         680.424         435392.610      6479243.710     2.49      
