HEADER INFORMATION (all units in Statoil default) 
----------------------------------------------------------------
COMPANY: Statoil Norway
FIELD: SLEIPNER
WELL NAME: F-1
WELLBORE NAME: F-1 A
Drilled From: F-1
Kick Off Depth: 2587.00m
Survey Name: 15/9-F-1 A rev0
Survey Date: 22.08.2013
Extraction Date: 03.04.2018
----------------------------------------------------------------
Calculation Method: Minimum Curvature
Datum Name: Rotary Table(54.90m)
----------------------------------------------------------------
Surface EW: 435046.488m
Surface NS: 6478566.687m
Surface Latitude: 58° 26' 29.9072 N
Surface Longitude: 1° 53' 14.7075 E
Bottom Hole MD: 3829.02m
Bottom Hole TVD: 3345.00m
Bottom Hole EW: 434592.072m
Bottom Hole NS: 6479461.861m
----------------------------------------------------------------
Survey Program:  
H  150 - 211 15/9 F1 36" MWD : MAGNETIC, OLD
H  238 - 359 15/9 F1 26" GYRO SCIENTIFIC MODULAR : NOT_USEMWD GYRO, BAKER HUGHES(GYROTRAK)
H  378 - 737 15/9 F-1 26" SDI KEEPER GYRO SINGLE SHOT : GYRO, OLD
H  757 - 1336 15/9 F-1 26" ONTRAK : MAGNETIC, IFR, MAG-CORR
H  1387 - 2587 15/9 F-1 17 1/2" AUTOTRAK G3 : MAGN, IFR, MAG-CORR, DUAL INCL
H  2587 - 3829 15/9-F-1 A REV0 : MAGN, IFR, MAG-CORR, DUAL INCL
----------------------------------------------------------------
Water Depth: 91.00m
KB-WH: 145.90m
KB-MSL: 54.90m
System Datum: Mean Sea Level
----------------------------------------------------------------
Map-Zone: Zone 31N (0 E to 6 E)
North Reference: Grid
Geo Datum: European 1950 - Mean
Vertical Section Direction: 333.09deg
----------------------------------------------------------------
SURVEY LIST
MD        Inc       Azim      TVD       X-Offset (E/W)  Y-Offset (N/S)  UTM E/W         UTM N/S         DLS
m RKB     deg       deg       m RKB     m               m               m               m               deg/30m
145.90    0.00      0.00      145.90    -3.534          3.165           435046.488      6478566.687     0.00      
150.15    0.00      0.00      150.15    -3.534          3.165           435046.488      6478566.687     0.00      
160.45    0.00      0.00      160.45    -3.534          3.165           435046.488      6478566.687     0.00      
170.04    0.00      0.00      170.04    -3.534          3.165           435046.488      6478566.687     0.00      
179.79    0.00      0.00      179.79    -3.534          3.165           435046.488      6478566.687     0.00      
189.74    0.00      0.00      189.74    -3.534          3.165           435046.488      6478566.687     0.00      
198.50    0.00      0.00      198.50    -3.534          3.165           435046.488      6478566.687     0.00      
210.70    0.00      0.00      210.70    -3.534          3.165           435046.488      6478566.687     0.00      
237.60    1.84      302.24    237.60    -3.899          3.396           435046.123      6478566.917     2.05      
251.10    1.91      304.70    251.09    -4.268          3.639           435045.755      6478567.161     0.24      
264.90    2.47      305.76    264.88    -4.698          3.944           435045.324      6478567.466     1.22      
279.20    2.05      306.81    279.17    -5.153          4.277           435044.870      6478567.799     0.89      
292.70    1.80      304.00    292.66    -5.522          4.540           435044.501      6478568.062     0.59      
302.80    1.13      330.72    302.76    -5.702          4.716           435044.321      6478568.237     2.79      
315.50    1.41      333.18    315.45    -5.834          4.965           435044.189      6478568.486     0.67      
332.20    2.40      314.19    332.14    -6.177          5.392           435043.846      6478568.913     2.09      
342.20    2.78      301.18    342.13    -6.535          5.663           435043.488      6478569.184     2.09      
358.50    3.30      293.10    358.41    -7.305          6.052           435042.719      6478569.573     1.24      
378.00    3.07      298.60    377.88    -8.279          6.522           435041.744      6478570.043     0.59      
414.80    3.30      293.64    414.62    -10.115         7.419           435039.909      6478570.939     0.29      
455.40    3.07      292.72    455.16    -12.188         8.307           435037.837      6478571.827     0.17      
495.40    2.84      290.41    495.11    -14.105         9.066           435035.921      6478572.586     0.19      
535.60    2.77      293.07    535.26    -15.932         9.794           435034.094      6478573.314     0.11      
575.80    3.06      287.04    575.41    -17.852         10.489          435032.175      6478574.009     0.31      
616.50    4.01      305.32    616.03    -20.052         11.631          435029.976      6478575.149     1.08      
656.80    6.13      317.80    656.17    -22.647         14.040          435027.382      6478577.558     1.77      
697.10    8.24      324.71    696.15    -25.761         17.991          435024.269      6478581.508     1.69      
720.00    9.57      322.37    718.78    -27.872         20.838          435022.159      6478584.354     1.81      
737.40    10.71     320.81    735.91    -29.776         23.237          435020.255      6478586.752     2.02      
756.80    10.39     320.18    754.98    -32.036         25.978          435017.996      6478589.492     0.53      
798.90    9.88      320.50    796.42    -36.764         31.681          435013.270      6478595.193     0.37      
838.30    10.04     315.72    835.23    -41.312         36.748          435008.723      6478600.258     0.64      
868.00    11.16     309.73    864.42    -45.330         40.439          435004.706      6478603.948     1.59      
878.20    11.28     310.41    874.43    -46.849         41.716          435003.188      6478605.225     0.53      
918.00    10.70     315.76    913.50    -52.391         46.887          434997.648      6478610.394     0.88      
999.00    8.88      319.88    993.32    -61.666         57.056          434988.376      6478620.559     0.72      
1079.80   9.07      320.34    1073.13   -69.750         66.728          434980.295      6478630.227     0.08      
1120.40   11.38     312.16    1113.08   -74.762         71.881          434975.285      6478635.379     2.01      
1160.80   11.86     307.61    1152.65   -81.006         77.090          434969.043      6478640.586     0.77      
1201.00   11.69     307.74    1192.01   -87.499         82.103          434962.553      6478645.598     0.13      
1241.40   12.44     309.36    1231.51   -94.100         87.368          434955.954      6478650.861     0.61      
1281.80   12.06     309.62    1270.99   -100.715        92.819          434949.341      6478656.310     0.29      
1322.40   10.85     310.25    1310.79   -106.899        97.993          434943.159      6478661.482     0.90      
1335.60   10.17     309.34    1323.76   -108.749        99.535          434941.310      6478663.023     1.59      
1387.10   7.66      329.93    1374.65   -113.987        105.390         434936.073      6478668.876     2.34      
1428.00   10.47     345.74    1415.04   -116.269        111.353         434933.792      6478674.837     2.74      
1468.30   12.18     6.35      1454.57   -116.701        119.130         434933.360      6478682.612     3.25      
1508.70   13.62     22.56     1493.96   -114.404        127.762         434935.657      6478691.241     2.88      
1551.30   15.49     29.92     1535.20   -109.641        137.326         434940.418      6478700.801     1.85      
1589.10   17.80     32.61     1571.41   -104.009        146.569         434946.048      6478710.041     1.93      
1629.50   20.24     33.68     1609.60   -96.805         157.588         434953.250      6478721.056     1.83      
1663.40   23.45     33.72     1641.07   -89.807         168.081         434960.246      6478731.545     2.84      
1710.40   26.64     33.77     1683.64   -78.755         184.623         434971.293      6478748.081     2.04      
1750.30   29.38     36.44     1718.87   -67.967         199.936         434982.078      6478763.389     2.27      
1790.40   29.98     36.55     1753.70   -56.158         215.898         434993.883      6478779.346     0.45      
1831.10   30.06     36.61     1788.94   -44.023         232.249         435006.014      6478795.691     0.06      
1871.10   30.03     36.77     1823.57   -32.057         248.309         435017.975      6478811.745     0.06      
1911.60   29.86     35.39     1858.66   -20.151         264.646         435029.877      6478828.077     0.53      
1952.20   29.78     34.81     1893.89   -8.542          281.164         435041.482      6478844.589     0.22      
1992.80   29.92     35.24     1929.10   3.056           297.712         435053.076      6478861.131     0.19      
2027.30   29.89     35.13     1959.01   12.967          311.770         435062.983      6478875.184     0.05      
2066.30   29.92     34.80     1992.82   24.110          327.704         435074.122      6478891.113     0.13      
2113.70   29.80     35.71     2033.92   37.731          346.975         435087.739      6478910.377     0.30      
2154.70   29.85     34.79     2069.49   49.500          363.627         435099.503      6478927.024     0.34      
2194.30   29.84     36.98     2103.84   61.049          379.591         435111.049      6478942.982     0.83      
2234.70   29.79     38.27     2138.89   73.311          395.500         435123.307      6478958.885     0.48      
2275.10   30.01     37.36     2173.92   85.658          411.410         435135.649      6478974.789     0.37      
2305.90   29.96     35.61     2200.60   94.810          423.784         435144.798      6478987.160     0.85      
2396.50   30.06     35.35     2279.05   121.111         460.684         435171.090      6479024.047     0.05      
2436.70   30.19     35.59     2313.82   132.819         477.116         435182.793      6479040.473     0.13      
2470.80   30.22     36.84     2343.29   142.954         490.956         435192.925      6479054.308     0.55      
2517.20   30.25     36.59     2383.38   156.922         509.686         435206.888      6479073.031     0.08      
2557.90   30.19     34.71     2418.55   168.861         526.330         435218.823      6479089.669     0.70      
2587.00   30.19     33.06     2443.70   177.018         538.477         435226.978      6479101.812     0.86      
2610.00   30.19     33.06     2463.58   183.328         548.170         435233.285      6479111.502     0.00      
2620.00   29.41     31.13     2472.26   185.969         552.379         435235.925      6479115.710     3.72      
2640.00   28.37     26.44     2489.77   190.623         560.838         435240.578      6479124.166     3.73      
2670.00   27.14     18.88     2516.33   196.013         573.699         435245.966      6479137.022     3.73      
2700.00   26.35     10.77     2543.13   199.473         586.718         435249.424      6479150.036     3.73      
2730.00   26.03     2.34      2570.06   200.987         599.840         435250.937      6479163.154     3.73      
2760.00   26.21     353.88    2597.00   200.549         613.009         435250.500      6479176.318     3.73      
2790.00   26.87     345.65    2623.85   198.161         626.169         435248.113      6479189.474     3.73      
2820.00   27.99     337.92    2650.49   193.834         639.266         435243.787      6479202.566     3.73      
2850.00   29.50     330.83    2676.80   187.585         652.242         435237.541      6479215.538     3.73      
2880.00   31.35     324.43    2702.67   179.441         665.045         435229.400      6479228.336     3.73      
2910.00   33.49     318.72    2728.00   169.437         677.618         435219.399      6479240.905     3.73      
2940.00   35.86     313.66    2752.67   157.615         689.909         435207.581      6479253.191     3.73      
2970.00   38.42     309.16    2776.59   144.025         701.866         435193.996      6479265.144     3.73      
3000.00   41.13     305.16    2799.65   128.725         713.437         435178.701      6479276.712     3.73      
3030.00   43.97     301.57    2821.75   111.779         724.575         435161.761      6479287.846     3.73      
3060.00   46.91     298.34    2842.80   93.259          735.232         435143.247      6479298.499     3.73      
3090.00   49.93     295.42    2862.71   73.244          745.363         435123.239      6479308.626     3.73      
3120.00   53.01     292.74    2881.40   51.818          754.924         435101.821      6479318.184     3.73      
3150.00   56.16     290.27    2898.78   29.073          763.876         435079.084      6479327.133     3.73      
3180.00   59.35     287.98    2914.79   5.104           772.180         435055.123      6479335.434     3.73      
3210.00   62.57     285.84    2929.35   -19.986         779.801         435030.042      6479343.053     3.73      
3224.86   64.18     284.83    2936.01   -32.799         783.314         435017.234      6479346.564     3.73      
3233.11   64.18     284.83    2939.60   -39.976         785.214         435010.059      6479348.463     0.00      
3240.00   63.33     284.84    2942.65   -45.950         786.796         435004.087      6479350.045     3.73      
3270.00   59.60     284.91    2956.98   -71.417         793.560         434978.629      6479356.806     3.73      
3300.00   55.87     284.98    2973.00   -95.922         800.099         434954.133      6479363.343     3.73      
3330.00   52.14     285.06    2990.63   -119.360        806.386         434930.703      6479369.628     3.73      
3360.00   48.41     285.14    3009.80   -141.632        812.395         434908.438      6479375.635     3.73      
3390.00   44.68     285.24    3030.43   -162.644        818.099         434887.433      6479381.337     3.73      
3393.60   44.23     285.25    3033.00   -165.078        818.762         434885.000      6479382.000     3.73      
3420.00   44.23     285.25    3051.92   -182.843        823.605         434867.241      6479386.842     0.00      
3450.00   44.23     285.25    3073.41   -203.033        829.110         434847.059      6479392.344     0.00      
3480.00   44.23     285.25    3094.91   -223.222        834.614         434826.877      6479397.846     0.00      
3508.04   44.23     285.25    3115.00   -242.093        839.759         434808.013      6479402.989     0.00      
3510.00   44.23     285.25    3116.40   -243.411        840.118         434806.694      6479403.349     0.00      
3540.00   44.23     285.25    3137.90   -263.601        845.622         434786.512      6479408.851     0.00      
3570.00   44.23     285.25    3159.40   -283.790        851.127         434766.330      6479414.353     0.00      
3600.00   44.23     285.25    3180.89   -303.979        856.631         434746.147      6479419.856     0.00      
3630.00   44.23     285.25    3202.39   -324.169        862.135         434725.965      6479425.358     0.00      
3660.00   44.23     285.25    3223.89   -344.358        867.639         434705.783      6479430.860     0.00      
3690.00   44.23     285.25    3245.38   -364.547        873.144         434685.600      6479436.363     0.00      
3720.00   44.23     285.25    3266.88   -384.737        878.648         434665.418      6479441.865     0.00      
3750.00   44.23     285.25    3288.38   -404.926        884.152         434645.236      6479447.367     0.00      
3780.00   44.23     285.25    3309.87   -425.115        889.656         434625.054      6479452.870     0.00      
3810.00   44.23     285.25    3331.37   -445.305        895.161         434604.871      6479458.372     0.00      
3829.02   44.23     285.25    3345.00   -458.108        898.651         434592.072      6479461.861     0.00      
