HEADER INFORMATION (all units in Statoil default) 
----------------------------------------------------------------
COMPANY: Statoil Norway
FIELD: SLEIPNER
WELL NAME: Relief well location 4
WELLBORE NAME: F-15 D
Drilled From: Well Ref. Point
Kick Off Depth: 145.90m
Survey Name: F-15 D 9 5/8" csg.shoe revp1
Survey Date: 26.09.2013
Extraction Date: 26.03.2018
----------------------------------------------------------------
Calculation Method: Minimum Curvature
Datum Name: WELL(54.90m)
----------------------------------------------------------------
Surface EW: 435030.000m
Surface NS: 6477220.000m
Surface Latitude: 58° 25' 46.3658 N
Surface Longitude: 1° 53' 15.0647 E
Bottom Hole MD: 3774.16m
Bottom Hole TVD: 2837.50m
Bottom Hole EW: 435355.000m
Bottom Hole NS: 6479084.500m
----------------------------------------------------------------
Survey Program:  
H  146 - 3774 F-15 D 9 5/8" CSG.SHOE REVP1 : 
----------------------------------------------------------------
Water Depth: 91.00m
KB-WH: 145.90m
KB-MSL: 54.90m
System Datum: Mean Sea Level
----------------------------------------------------------------
Map-Zone: Zone 31N (0 E to 6 E)
North Reference: Grid
Geo Datum: European 1950 - Mean
Vertical Section Direction: 9.89deg
----------------------------------------------------------------
SURVEY LIST
MD        Inc       Azim      TVD       X-Offset (E/W)  Y-Offset (N/S)  UTM E/W         UTM N/S         DLS
m RKB     deg       deg       m RKB     m               m               m               m               deg/30m
145.90    0.00      0.00      145.90    -20.028         -1343.991       435030.000      6477220.000     0.00      
150.00    0.00      360.00    150.00    -20.028         -1343.991       435030.000      6477220.000     0.00      
180.00    0.00      360.00    180.00    -20.028         -1343.991       435030.000      6477220.000     0.00      
210.00    0.00      360.00    210.00    -20.028         -1343.991       435030.000      6477220.000     0.00      
240.00    0.00      360.00    240.00    -20.028         -1343.991       435030.000      6477220.000     0.00      
270.00    0.00      360.00    270.00    -20.028         -1343.991       435030.000      6477220.000     0.00      
300.00    0.00      360.00    300.00    -20.028         -1343.991       435030.000      6477220.000     0.00      
330.00    0.00      360.00    330.00    -20.028         -1343.991       435030.000      6477220.000     0.00      
360.00    0.00      360.00    360.00    -20.028         -1343.991       435030.000      6477220.000     0.00      
390.00    0.00      360.00    390.00    -20.028         -1343.991       435030.000      6477220.000     0.00      
420.00    0.00      360.00    420.00    -20.028         -1343.991       435030.000      6477220.000     0.00      
450.00    0.00      360.00    450.00    -20.028         -1343.991       435030.000      6477220.000     0.00      
480.00    0.00      360.00    480.00    -20.028         -1343.991       435030.000      6477220.000     0.00      
510.00    0.00      360.00    510.00    -20.028         -1343.991       435030.000      6477220.000     0.00      
540.00    0.00      360.00    540.00    -20.028         -1343.991       435030.000      6477220.000     0.00      
545.90    0.00      360.00    545.90    -20.028         -1343.991       435030.000      6477220.000     0.00      
570.00    1.21      352.57    570.00    -20.061         -1343.740       435029.967      6477220.251     1.50      
600.00    2.71      352.57    599.98    -20.193         -1342.725       435029.835      6477221.266     1.50      
630.00    4.21      352.57    629.92    -20.427         -1340.932       435029.601      6477223.058     1.50      
660.00    5.71      352.57    659.81    -20.762         -1338.363       435029.266      6477225.626     1.50      
690.00    7.21      352.57    689.62    -21.198         -1335.019       435028.830      6477228.969     1.50      
720.00    8.71      352.57    719.33    -21.735         -1330.902       435028.294      6477233.085     1.50      
745.90    10.00     352.57    744.89    -22.279         -1326.728       435027.750      6477237.257     1.50      
750.00    10.34     352.57    748.92    -22.373         -1326.010       435027.656      6477237.975     2.50      
780.00    12.84     352.57    778.31    -23.152         -1320.033       435026.877      6477243.949     2.50      
810.00    15.34     352.57    807.40    -24.096         -1312.791       435025.933      6477251.189     2.50      
840.00    17.84     352.57    836.15    -25.204         -1304.297       435024.826      6477259.680     2.50      
870.00    20.34     352.57    864.50    -26.472         -1294.568       435023.558      6477269.406     2.50      
900.00    22.84     352.57    892.39    -27.899         -1283.622       435022.131      6477280.348     2.50      
930.00    25.34     352.57    919.78    -29.482         -1271.479       435020.549      6477292.486     2.50      
960.00    27.84     352.57    946.60    -31.218         -1258.164       435018.814      6477305.797     2.50      
990.00    30.34     352.57    972.81    -33.103         -1243.702       435016.929      6477320.255     2.50      
1020.00   32.84     352.57    998.37    -35.135         -1228.119       435014.898      6477335.832     2.50      
1050.00   35.34     352.57    1023.21   -37.308         -1211.446       435012.726      6477352.499     2.50      
1080.00   37.84     352.57    1047.29   -39.620         -1193.714       435010.415      6477370.225     2.50      
1110.00   40.34     352.57    1070.58   -42.065         -1174.957       435007.971      6477388.975     2.50      
1140.00   42.84     352.57    1093.01   -44.638         -1155.211       435005.398      6477408.714     2.50      
1170.00   45.34     352.57    1114.56   -47.336         -1134.514       435002.701      6477429.404     2.50      
1200.00   47.84     352.57    1135.17   -50.153         -1112.904       434999.885      6477451.007     2.50      
1230.00   50.34     352.57    1154.81   -53.083         -1090.423       434996.956      6477473.480     2.50      
1260.00   52.84     352.57    1173.45   -56.122         -1067.114       434993.919      6477496.780     2.50      
1282.59   54.72     352.57    1186.80   -58.477         -1049.043       434991.564      6477514.846     2.50      
1290.00   54.72     352.57    1191.08   -59.259         -1043.044       434990.782      6477520.842     0.00      
1320.00   54.72     352.57    1208.40   -62.425         -1018.758       434987.618      6477545.120     0.00      
1350.00   54.72     352.57    1225.73   -65.590         -994.472        434984.454      6477569.397     0.00      
1380.00   54.72     352.57    1243.05   -68.756         -970.186        434981.289      6477593.675     0.00      
1410.00   54.72     352.57    1260.38   -71.921         -945.900        434978.125      6477617.952     0.00      
1440.00   54.72     352.57    1277.70   -75.087         -921.614        434974.960      6477642.230     0.00      
1470.00   54.72     352.57    1295.03   -78.252         -897.328        434971.796      6477666.508     0.00      
1500.00   54.72     352.57    1312.35   -81.418         -873.042        434968.631      6477690.785     0.00      
1530.00   54.72     352.57    1329.68   -84.584         -848.756        434965.467      6477715.063     0.00      
1560.00   54.72     352.57    1347.00   -87.749         -824.470        434962.302      6477739.340     0.00      
1590.00   54.72     352.57    1364.33   -90.915         -800.184        434959.138      6477763.618     0.00      
1620.00   54.72     352.57    1381.66   -94.080         -775.898        434955.973      6477787.895     0.00      
1650.00   54.72     352.57    1398.98   -97.246         -751.612        434952.809      6477812.173     0.00      
1680.00   54.72     352.57    1416.31   -100.411        -727.326        434949.645      6477836.450     0.00      
1710.00   54.72     352.57    1433.63   -103.577        -703.040        434946.480      6477860.728     0.00      
1740.00   54.72     352.57    1450.96   -106.742        -678.754        434943.316      6477885.005     0.00      
1770.00   54.72     352.57    1468.28   -109.908        -654.468        434940.151      6477909.283     0.00      
1800.00   54.72     352.57    1485.61   -113.074        -630.182        434936.987      6477933.560     0.00      
1830.00   54.72     352.57    1502.93   -116.239        -605.896        434933.822      6477957.838     0.00      
1860.00   54.72     352.57    1520.26   -119.405        -581.610        434930.658      6477982.115     0.00      
1890.00   54.72     352.57    1537.58   -122.570        -557.324        434927.493      6478006.393     0.00      
1920.00   54.72     352.57    1554.91   -125.736        -533.038        434924.329      6478030.671     0.00      
1950.00   54.72     352.57    1572.24   -128.901        -508.752        434921.164      6478054.948     0.00      
1980.00   54.72     352.57    1589.56   -132.067        -484.466        434918.000      6478079.226     0.00      
2010.00   54.72     352.57    1606.89   -135.232        -460.180        434914.836      6478103.503     0.00      
2040.00   54.72     352.57    1624.21   -138.398        -435.894        434911.671      6478127.781     0.00      
2070.00   54.72     352.57    1641.54   -141.564        -411.608        434908.507      6478152.058     0.00      
2100.00   54.72     352.57    1658.86   -144.729        -387.322        434905.342      6478176.336     0.00      
2130.00   54.72     352.57    1676.19   -147.895        -363.036        434902.178      6478200.613     0.00      
2160.00   54.72     352.57    1693.51   -151.060        -338.750        434899.013      6478224.891     0.00      
2190.00   54.72     352.57    1710.84   -154.226        -314.464        434895.849      6478249.168     0.00      
2220.00   54.72     352.57    1728.16   -157.391        -290.178        434892.684      6478273.446     0.00      
2250.00   54.72     352.57    1745.49   -160.557        -265.892        434889.520      6478297.723     0.00      
2280.00   54.72     352.57    1762.81   -163.722        -241.606        434886.355      6478322.001     0.00      
2291.70   54.72     352.57    1769.57   -164.957        -232.135        434885.121      6478331.468     0.00      
2310.00   53.54     353.77    1780.29   -166.722        -217.411        434883.357      6478346.188     2.50      
2340.00   51.64     355.80    1798.52   -168.894        -193.684        434881.186      6478369.907     2.50      
2370.00   49.77     357.94    1817.52   -170.166        -170.507        434879.914      6478393.076     2.50      
2400.00   47.94     0.21      1837.26   -170.537        -147.924        434879.543      6478415.651     2.50      
2430.00   46.15     2.60      1857.71   -170.005        -125.977        434880.075      6478437.590     2.50      
2460.00   44.43     5.15      1878.81   -168.572        -104.709        434881.508      6478458.850     2.50      
2490.00   42.76     7.85      1900.54   -166.240        -84.161         434883.839      6478479.392     2.50      
2520.00   41.16     10.72     1922.85   -163.014        -64.370         434887.064      6478499.175     2.50      
2542.58   40.00     13.00     1940.00   -160.000        -50.000         434890.077      6478513.540     2.50      
2550.00   40.00     13.00     1945.69   -158.926        -45.350         434891.150      6478518.189     0.00      
2580.00   40.00     13.00     1968.67   -154.589        -26.561         434895.486      6478536.972     0.00      
2610.00   40.00     13.00     1991.65   -150.251        -7.771          434899.822      6478555.754     0.00      
2640.00   40.00     13.00     2014.63   -145.913        11.018          434904.159      6478574.537     0.00      
2670.00   40.00     13.00     2037.61   -141.575        29.807          434908.495      6478593.320     0.00      
2700.00   40.00     13.00     2060.59   -137.237        48.597          434912.832      6478612.103     0.00      
2730.00   40.00     13.00     2083.58   -132.899        67.386          434917.168      6478630.886     0.00      
2760.00   40.00     13.00     2106.56   -128.561        86.176          434921.504      6478649.669     0.00      
2790.00   40.00     13.00     2129.54   -124.224        104.965         434925.841      6478668.451     0.00      
2820.00   40.00     13.00     2152.52   -119.886        123.754         434930.177      6478687.234     0.00      
2850.00   40.00     13.00     2175.50   -115.548        142.544         434934.513      6478706.017     0.00      
2880.00   40.00     13.00     2198.48   -111.210        161.333         434938.850      6478724.800     0.00      
2910.00   40.00     13.00     2221.46   -106.872        180.123         434943.186      6478743.583     0.00      
2940.00   40.00     13.00     2244.44   -102.534        198.912         434947.522      6478762.366     0.00      
2970.00   40.00     13.00     2267.43   -98.196         217.701         434951.859      6478781.149     0.00      
3000.00   40.00     13.00     2290.41   -93.858         236.491         434956.195      6478799.931     0.00      
3030.00   40.00     13.00     2313.39   -89.521         255.280         434960.532      6478818.714     0.00      
3060.00   40.00     13.00     2336.37   -85.183         274.070         434964.868      6478837.497     0.00      
3072.58   40.00     13.00     2346.00   -83.364         281.946         434966.686      6478845.371     0.00      
3090.00   39.71     15.26     2359.38   -80.640         292.773         434969.409      6478856.194     2.54      
3120.00   39.31     19.20     2382.53   -74.992         310.996         434975.055      6478874.411     2.54      
3150.00   39.05     23.20     2405.79   -68.142         328.659         434981.902      6478892.068     2.54      
3180.00   38.93     27.23     2429.11   -60.106         345.728         434989.936      6478909.131     2.54      
3210.00   38.94     31.27     2452.45   -50.897         362.169         434999.142      6478925.566     2.54      
3240.00   39.10     35.30     2475.76   -40.535         377.949         435009.500      6478941.341     2.54      
3270.00   39.39     39.29     2499.00   -29.039         393.038         435020.992      6478956.424     2.54      
3300.00   39.81     43.22     2522.12   -16.432         407.406         435033.595      6478970.788     2.54      
3330.00   40.37     47.07     2545.07   -2.739          421.025         435047.282      6478984.402     2.54      
3360.00   41.05     50.82     2567.82   12.012          433.868         435062.029      6478997.240     2.54      
3390.00   41.85     54.46     2590.31   27.794          445.910         435077.806      6479009.278     2.54      
3420.00   42.76     57.99     2612.50   44.575          457.127         435094.581      6479020.490     2.54      
3450.00   43.77     61.38     2634.35   62.323          467.496         435112.322      6479030.857     2.54      
3480.00   44.88     64.65     2655.81   81.001          476.999         435130.994      6479040.356     2.54      
3510.00   46.08     67.79     2676.84   100.574         485.616         435150.560      6479048.970     2.54      
3540.00   47.37     70.80     2697.41   121.004         493.329         435170.983      6479056.681     2.54      
3570.00   48.73     73.69     2717.47   142.249         500.125         435192.221      6479063.474     2.54      
3600.00   50.15     76.45     2736.98   164.269         505.990         435214.232      6479069.336     2.54      
3630.00   51.64     79.10     2755.90   187.019         510.911         435236.975      6479074.256     2.54      
3660.00   53.19     81.65     2774.20   210.456         514.880         435260.404      6479078.223     2.54      
3690.00   54.79     84.08     2791.84   234.534         517.888         435284.473      6479081.231     2.54      
3720.00   56.44     86.43     2808.78   259.204         519.930         435309.134      6479083.272     2.54      
3750.00   58.13     88.68     2824.99   284.418         521.002         435334.340      6479084.344     2.54      
3774.16   59.52     90.44     2837.50   305.085         521.159         435355.000      6479084.500     2.54      
