HEADER INFORMATION (all units in Statoil default) 
----------------------------------------------------------------
COMPANY: Statoil Norway
FIELD: SLEIPNER
WELL NAME: Relief well location 4
WELLBORE NAME: F-15 D
Drilled From: Well Ref. Point
Kick Off Depth: 145.90m
Survey Name: F-15 D 9 5/8" csg.shoe revp2
Survey Date: 26.09.2013
Extraction Date: 26.03.2018
----------------------------------------------------------------
Calculation Method: Minimum Curvature
Datum Name: WELL(54.90m)
----------------------------------------------------------------
Surface EW: 435030.000m
Surface NS: 6477220.000m
Surface Latitude: 58° 25' 46.3658 N
Surface Longitude: 1° 53' 15.0647 E
Bottom Hole MD: 3795.13m
Bottom Hole TVD: 2837.50m
Bottom Hole EW: 435355.000m
Bottom Hole NS: 6479084.500m
----------------------------------------------------------------
Survey Program:  
H  146 - 3795 F-15 D 9 5/8" CSG.SHOE REVP2 : 
----------------------------------------------------------------
Water Depth: 91.00m
KB-WH: 145.90m
KB-MSL: 54.90m
System Datum: Mean Sea Level
----------------------------------------------------------------
Map-Zone: Zone 31N (0 E to 6 E)
North Reference: Grid
Geo Datum: European 1950 - Mean
Vertical Section Direction: 9.89deg
----------------------------------------------------------------
SURVEY LIST
MD        Inc       Azim      TVD       X-Offset (E/W)  Y-Offset (N/S)  UTM E/W         UTM N/S         DLS
m RKB     deg       deg       m RKB     m               m               m               m               deg/30m
145.90    0.00      0.00      145.90    -20.028         -1343.991       435030.000      6477220.000     0.00      
150.00    0.00      360.00    150.00    -20.028         -1343.991       435030.000      6477220.000     0.00      
180.00    0.00      360.00    180.00    -20.028         -1343.991       435030.000      6477220.000     0.00      
210.00    0.00      360.00    210.00    -20.028         -1343.991       435030.000      6477220.000     0.00      
240.00    0.00      360.00    240.00    -20.028         -1343.991       435030.000      6477220.000     0.00      
270.00    0.00      360.00    270.00    -20.028         -1343.991       435030.000      6477220.000     0.00      
300.00    0.00      360.00    300.00    -20.028         -1343.991       435030.000      6477220.000     0.00      
330.00    0.00      360.00    330.00    -20.028         -1343.991       435030.000      6477220.000     0.00      
360.00    0.00      360.00    360.00    -20.028         -1343.991       435030.000      6477220.000     0.00      
390.00    0.00      360.00    390.00    -20.028         -1343.991       435030.000      6477220.000     0.00      
420.00    0.00      360.00    420.00    -20.028         -1343.991       435030.000      6477220.000     0.00      
450.00    0.00      360.00    450.00    -20.028         -1343.991       435030.000      6477220.000     0.00      
480.00    0.00      360.00    480.00    -20.028         -1343.991       435030.000      6477220.000     0.00      
510.00    0.00      360.00    510.00    -20.028         -1343.991       435030.000      6477220.000     0.00      
540.00    0.00      360.00    540.00    -20.028         -1343.991       435030.000      6477220.000     0.00      
545.90    0.00      360.00    545.90    -20.028         -1343.991       435030.000      6477220.000     0.00      
570.00    1.21      360.00    570.00    -20.028         -1343.738       435030.000      6477220.253     1.50      
600.00    2.71      360.00    599.98    -20.028         -1342.714       435030.000      6477221.276     1.50      
630.00    4.21      360.00    629.92    -20.028         -1340.906       435030.000      6477223.084     1.50      
660.00    5.71      360.00    659.81    -20.028         -1338.315       435030.000      6477225.674     1.50      
690.00    7.21      360.00    689.62    -20.028         -1334.943       435030.000      6477229.045     1.50      
720.00    8.71      360.00    719.33    -20.028         -1330.791       435030.000      6477233.196     1.50      
745.90    10.00     360.00    744.89    -20.028         -1326.582       435030.000      6477237.403     1.50      
750.00    10.34     359.71    748.92    -20.030         -1325.858       435029.998      6477238.127     2.50      
780.00    12.82     358.05    778.31    -20.157         -1319.840       435029.871      6477244.142     2.50      
810.00    15.30     356.92    807.41    -20.483         -1312.561       435029.546      6477251.419     2.50      
840.00    17.79     356.10    836.16    -21.007         -1304.035       435029.021      6477259.942     2.50      
870.00    20.28     355.48    864.52    -21.729         -1294.278       435028.300      6477269.696     2.50      
900.00    22.78     354.98    892.43    -22.646         -1283.308       435027.382      6477280.662     2.50      
930.00    25.27     354.58    919.83    -23.758         -1271.147       435026.271      6477292.819     2.50      
960.00    27.77     354.25    946.67    -25.063         -1257.818       435024.967      6477306.144     2.50      
990.00    30.26     353.97    972.90    -26.557         -1243.345       435023.474      6477320.611     2.50      
1020.00   32.76     353.73    998.47    -28.237         -1227.757       435021.793      6477336.193     2.50      
1050.00   35.26     353.52    1023.34   -30.102         -1211.084       435019.930      6477352.861     2.50      
1080.00   37.75     353.33    1047.45   -32.146         -1193.356       435017.886      6477370.583     2.50      
1110.00   40.25     353.16    1070.77   -34.367         -1174.608       435015.666      6477389.324     2.50      
1140.00   42.75     353.01    1093.23   -36.760         -1154.876       435013.274      6477409.050     2.50      
1170.00   45.25     352.88    1114.81   -39.320         -1134.196       435010.715      6477429.722     2.50      
1200.00   47.75     352.75    1135.46   -42.043         -1112.609       435007.993      6477451.302     2.50      
1223.37   49.69     352.66    1150.88   -44.274         -1095.186       435005.763      6477468.718     2.50      
1230.00   49.69     352.66    1155.17   -44.919         -1090.175       435005.117      6477473.727     0.00      
1260.00   49.69     352.66    1174.58   -47.842         -1067.486       435002.195      6477496.409     0.00      
1290.00   49.69     352.66    1193.98   -50.766         -1044.796       434999.273      6477519.091     0.00      
1320.00   49.69     352.66    1213.39   -53.689         -1022.106       434996.351      6477541.773     0.00      
1350.00   49.69     352.66    1232.80   -56.612         -999.416        434993.428      6477564.455     0.00      
1380.00   49.69     352.66    1252.20   -59.536         -976.726        434990.506      6477587.137     0.00      
1410.00   49.69     352.66    1271.61   -62.459         -954.036        434987.584      6477609.819     0.00      
1440.00   49.69     352.66    1291.02   -65.382         -931.346        434984.661      6477632.501     0.00      
1470.00   49.69     352.66    1310.42   -68.306         -908.656        434981.739      6477655.183     0.00      
1500.00   49.69     352.66    1329.83   -71.229         -885.966        434978.817      6477677.865     0.00      
1530.00   49.69     352.66    1349.24   -74.152         -863.276        434975.895      6477700.547     0.00      
1560.00   49.69     352.66    1368.64   -77.075         -840.587        434972.972      6477723.229     0.00      
1590.00   49.69     352.66    1388.05   -79.999         -817.897        434970.050      6477745.911     0.00      
1620.00   49.69     352.66    1407.46   -82.922         -795.207        434967.128      6477768.593     0.00      
1650.00   49.69     352.66    1426.86   -85.845         -772.517        434964.205      6477791.275     0.00      
1680.00   49.69     352.66    1446.27   -88.769         -749.827        434961.283      6477813.957     0.00      
1710.00   49.69     352.66    1465.68   -91.692         -727.137        434958.361      6477836.639     0.00      
1740.00   49.69     352.66    1485.08   -94.615         -704.447        434955.439      6477859.321     0.00      
1770.00   49.69     352.66    1504.49   -97.539         -681.757        434952.516      6477882.003     0.00      
1800.00   49.69     352.66    1523.90   -100.462        -659.067        434949.594      6477904.685     0.00      
1830.00   49.69     352.66    1543.30   -103.385        -636.377        434946.672      6477927.367     0.00      
1860.00   49.69     352.66    1562.71   -106.308        -613.688        434943.750      6477950.049     0.00      
1890.00   49.69     352.66    1582.12   -109.232        -590.998        434940.827      6477972.731     0.00      
1920.00   49.69     352.66    1601.53   -112.155        -568.308        434937.905      6477995.413     0.00      
1950.00   49.69     352.66    1620.93   -115.078        -545.618        434934.983      6478018.095     0.00      
1980.00   49.69     352.66    1640.34   -118.002        -522.928        434932.060      6478040.777     0.00      
2010.00   49.69     352.66    1659.75   -120.925        -500.238        434929.138      6478063.459     0.00      
2040.00   49.69     352.66    1679.15   -123.848        -477.548        434926.216      6478086.141     0.00      
2070.00   49.69     352.66    1698.56   -126.772        -454.858        434923.294      6478108.823     0.00      
2100.00   49.69     352.66    1717.97   -129.695        -432.168        434920.371      6478131.505     0.00      
2130.00   49.69     352.66    1737.37   -132.618        -409.478        434917.449      6478154.187     0.00      
2160.00   49.69     352.66    1756.78   -135.541        -386.789        434914.527      6478176.869     0.00      
2190.00   49.69     352.66    1776.19   -138.465        -364.099        434911.604      6478199.551     0.00      
2220.00   49.69     352.66    1795.59   -141.388        -341.409        434908.682      6478222.233     0.00      
2250.00   49.69     352.66    1815.00   -144.311        -318.719        434905.760      6478244.915     0.00      
2280.00   49.69     352.66    1834.41   -147.235        -296.029        434902.838      6478267.597     0.00      
2310.00   49.69     352.66    1853.81   -150.158        -273.339        434899.915      6478290.279     0.00      
2340.00   49.69     352.66    1873.22   -153.081        -250.649        434896.993      6478312.961     0.00      
2370.00   49.69     352.66    1892.63   -156.004        -227.959        434894.071      6478335.643     0.00      
2400.00   49.69     352.66    1912.03   -158.928        -205.269        434891.148      6478358.325     0.00      
2430.00   49.69     352.66    1931.44   -161.851        -182.579        434888.226      6478381.007     0.00      
2460.00   49.69     352.66    1950.85   -164.774        -159.890        434885.304      6478403.689     0.00      
2490.00   49.69     352.66    1970.25   -167.698        -137.200        434882.382      6478426.371     0.00      
2520.00   49.69     352.66    1989.66   -170.621        -114.510        434879.459      6478449.053     0.00      
2550.00   49.69     352.66    2009.07   -173.544        -91.820         434876.537      6478471.735     0.00      
2580.00   49.69     352.66    2028.47   -176.468        -69.130         434873.615      6478494.417     0.00      
2610.00   49.69     352.66    2047.88   -179.391        -46.440         434870.692      6478517.099     0.00      
2640.04   49.69     352.66    2067.31   -182.318        -23.720         434867.766      6478539.811     0.00      
2670.00   47.35     353.81    2087.16   -184.967        -1.433          434865.118      6478562.090     2.50      
2700.00   45.01     355.04    2107.93   -187.074        20.107          434863.012      6478583.623     2.50      
2730.00   42.69     356.39    2129.56   -188.631        40.831          434861.455      6478604.340     2.50      
2760.00   40.39     357.86    2152.01   -189.636        60.698          434860.451      6478624.200     2.50      
2790.00   38.11     359.47    2175.24   -190.086        79.671          434860.002      6478643.166     2.50      
2820.00   35.85     1.25      2199.21   -189.980        97.713          434860.107      6478661.202     2.50      
2850.00   33.62     3.24      2223.86   -189.319        114.790         434860.768      6478678.273     2.50      
2880.00   31.43     5.47      2249.16   -188.104        130.870         434861.982      6478694.347     2.50      
2910.00   29.28     8.00      2275.05   -186.338        145.922         434863.748      6478709.394     2.50      
2928.18   28.00     9.70      2291.00   -185.000        154.530         434865.085      6478717.999     2.50      
2940.00   28.00     9.70      2301.44   -184.065        160.000         434866.020      6478723.468     0.00      
2958.18   28.00     9.70      2317.49   -182.627        168.413         434867.458      6478731.877     0.00      
2970.00   28.41     11.96     2327.91   -181.577        173.899         434868.507      6478737.362     2.90      
3000.00   29.61     17.41     2354.15   -177.881        187.955         434872.202      6478751.413     2.90      
3030.00   31.01     22.44     2380.05   -172.713        202.173         434877.368      6478765.626     2.90      
3060.00   32.59     27.05     2405.55   -166.087        216.516         434883.991      6478779.963     2.90      
3090.00   34.33     31.26     2430.58   -158.021        230.947         434892.055      6478794.389     2.90      
3120.00   36.20     35.10     2455.07   -148.534        245.429         434901.539      6478808.867     2.90      
3150.00   38.18     38.61     2478.97   -137.651        259.926         434912.418      6478823.358     2.90      
3180.00   40.26     41.81     2502.22   -125.400        274.400         434924.665      6478837.827     2.90      
3210.00   42.42     44.75     2524.74   -111.812        288.814         434938.248      6478852.236     2.90      
3240.00   44.64     47.45     2546.49   -96.921         303.131         434953.133      6478866.548     2.90      
3258.18   46.02     48.98     2559.27   -87.281         311.744         434962.770      6478875.158     2.90      
3270.00   46.02     48.98     2567.48   -80.863         317.327         434969.186      6478880.739     0.00      
3288.18   46.02     48.98     2580.11   -70.994         325.912         434979.052      6478889.322     0.00      
3300.00   47.13     48.85     2588.23   -64.523         331.554         434985.520      6478894.962     2.82      
3330.00   49.93     48.55     2608.10   -47.638         346.390         435002.399      6478909.793     2.82      
3360.00   52.74     48.26     2626.84   -30.123         361.940         435019.909      6478925.337     2.82      
3390.00   55.55     48.00     2644.41   -12.018         378.167         435038.007      6478941.558     2.82      
3420.00   58.35     47.76     2660.77   6.632           395.030         435056.651      6478958.415     2.82      
3423.62   58.69     47.73     2662.66   8.916           397.105         435058.934      6478960.489     2.82      
3430.04   58.69     47.73     2666.00   12.978          400.797         435062.994      6478964.180     0.00      
3450.00   58.85     49.95     2676.34   25.826          412.027         435075.838      6478975.407     2.86      
3480.00   59.16     53.28     2691.80   45.980          427.992         435095.985      6478991.366     2.86      
3510.00   59.55     56.57     2707.09   67.100          442.820         435117.097      6479006.188     2.86      
3540.00   60.03     59.84     2722.19   89.132          456.474         435139.122      6479019.838     2.86      
3570.00   60.58     63.08     2737.05   112.023         468.920         435162.005      6479032.280     2.86      
3600.00   61.22     66.28     2751.64   135.714         480.128         435185.687      6479043.484     2.86      
3630.00   61.92     69.43     2765.93   160.146         490.069         435210.111      6479053.421     2.86      
3660.00   62.70     72.55     2779.87   185.258         498.718         435235.215      6479062.067     2.86      
3690.00   63.55     75.62     2793.43   210.988         506.053         435260.936      6479069.400     2.86      
3720.00   64.46     78.64     2806.59   237.271         512.057         435287.210      6479075.402     2.86      
3750.00   65.43     81.61     2819.29   264.042         516.714         435313.971      6479080.057     2.86      
3780.00   66.46     84.54     2831.52   291.233         520.013         435341.153      6479083.355     2.86      
3795.13   67.00     86.00     2837.50   305.085         521.159         435355.000      6479084.500     2.86      
