HEADER INFORMATION (all units in Statoil default) 
----------------------------------------------------------------
COMPANY: Statoil Norway
FIELD: SLEIPNER
WELL NAME: F-15
WELLBORE NAME: F-15D
Drilled From: F-15
Kick Off Depth: 1364.50m
Survey Name: 15/9-F-15 D revp8
Survey Date: 02.01.2014
Extraction Date: 03.04.2018
----------------------------------------------------------------
Calculation Method: Minimum Curvature
Datum Name: Inspirer Rotary Table(54.90m)
----------------------------------------------------------------
Surface EW: 435053.552m
Surface NS: 6478560.355m
Surface Latitude: 58° 26' 29.7063 N
Surface Longitude: 1° 53' 15.1494 E
Bottom Hole MD: 4701.54m
Bottom Hole TVD: 3216.86m
Bottom Hole EW: 436669.162m
Bottom Hole NS: 6478711.825m
----------------------------------------------------------------
Survey Program:  
H  153 - 2287 12 1/4" F-15 DROP GYRO : WELLBORE SURVEYOR, STAT
H  2330 - 3926 8 1/2"  F-15 DROP GYRO REVISED : WELLBORE SURVEYOR, STAT
H  3964 - 1364 F15 8 1/2" MWD SURVEYS : MAGNETIC, STD, NON-MAG
H  1364 - 2613 15/9-F-15 D REVP8 : MAGN, IFR, MAG-CORR, DUAL INCL
H  2613 - 3298 15/9-F-15 D REVP8 : MAGN, IFR, MAG-CORR, DUAL INCL
H  3298 - 4702 15/9-F-15 D REVP8 : MAGN, IFR, NON-MAG, DUAL INCL
----------------------------------------------------------------
Water Depth: 91.00m
KB-WH: 145.90m
KB-MSL: 54.90m
System Datum: Mean Sea Level
----------------------------------------------------------------
Map-Zone: Zone 31N (0 E to 6 E)
North Reference: Grid
Geo Datum: European 1950 - Mean
Vertical Section Direction: 84.64deg
----------------------------------------------------------------
SURVEY LIST
MD        Inc       Azim      TVD       X-Offset (E/W)  Y-Offset (N/S)  UTM E/W         UTM N/S         DLS
m RKB     deg       deg       m RKB     m               m               m               m               deg/30m
145.90    0.00      0.00      145.90    3.532           -3.169          435053.552      6478560.355     0.00      
153.40    0.15      253.69    153.40    3.523           -3.172          435053.542      6478560.352     0.60      
234.20    0.28      146.02    234.20    3.532           -3.365          435053.551      6478560.159     0.13      
274.60    0.78      136.21    274.60    3.777           -3.646          435053.797      6478559.879     0.38      
315.00    1.46      128.29    314.99    4.371           -4.163          435054.391      6478559.361     0.52      
355.30    3.41      124.07    355.25    5.767           -5.153          435055.786      6478558.372     1.46      
395.70    5.13      126.98    395.54    8.206           -6.912          435058.224      6478556.613     1.29      
436.10    5.52      139.07    435.76    10.921          -9.467          435060.939      6478554.059     0.88      
474.40    5.62      152.33    473.89    12.999          -12.520         435063.016      6478551.008     1.01      
514.80    6.19      163.05    514.07    14.553          -16.355         435064.569      6478547.173     0.92      
557.10    7.03      171.79    556.09    15.588          -21.099         435065.603      6478542.431     0.93      
597.50    7.74      174.05    596.16    16.223          -26.252         435066.238      6478537.280     0.57      
637.80    8.49      174.54    636.05    16.787          -31.912         435066.802      6478531.622     0.56      
678.20    8.94      175.57    675.99    17.313          -38.011         435067.328      6478525.525     0.35      
718.50    9.34      177.45    715.77    17.701          -44.400         435067.715      6478519.139     0.37      
758.90    10.22     185.51    755.59    17.502          -51.243         435067.517      6478512.298     1.21      
799.30    11.89     193.59    795.24    16.180          -58.857         435066.195      6478504.687     1.69      
839.70    13.68     199.13    834.64    13.636          -67.417         435063.652      6478496.130     1.61      
880.00    15.14     201.54    873.67    10.142          -76.815         435060.159      6478486.735     1.17      
920.40    13.72     203.30    912.79    6.310           -86.123         435056.328      6478477.430     1.10      
960.80    14.53     201.31    951.97    2.573           -95.245         435052.593      6478468.311     0.70      
1001.10   16.51     200.62    990.80    -1.281          -105.315        435048.740      6478458.245     1.48      
1041.60   16.33     201.19    1029.65   -5.366          -116.010        435044.657      6478447.554     0.18      
1081.90   16.18     205.25    1068.34   -9.809          -126.371        435040.215      6478437.196     0.85      
1122.30   17.54     211.88    1107.01   -15.426         -136.633        435034.600      6478426.938     1.75      
1162.60   17.66     221.21    1145.43   -22.662         -146.390        435027.367      6478417.184     2.10      
1203.00   16.05     230.28    1184.10   -30.997         -154.571        435019.035      6478409.006     2.29      
1243.30   15.33     232.77    1222.90   -39.524         -161.354        435010.511      6478402.225     0.73      
1283.80   18.17     237.03    1261.68   -49.087         -168.032        435000.951      6478395.550     2.29      
1324.10   21.21     241.08    1299.62   -60.743         -174.978        434989.299      6478388.606     2.48      
1364.50   24.71     243.03    1336.81   -74.670         -182.344        434975.377      6478381.242     2.66      
1368.40   24.71     243.03    1340.35   -76.123         -183.084        434973.925      6478380.503     0.00      
1378.40   24.71     243.03    1349.44   -79.848         -184.980        434970.200      6478378.608     0.00      
1380.00   24.60     243.30    1350.89   -80.444         -185.281        434969.605      6478378.307     3.00      
1410.00   22.58     248.86    1378.39   -91.396         -190.165        434958.657      6478373.425     3.00      
1440.00   20.79     255.38    1406.27   -101.921        -193.587        434948.135      6478370.003     3.00      
1470.00   19.28     262.96    1434.46   -111.990        -195.539        434938.070      6478368.053     3.00      
1478.40   18.92     265.28    1442.39   -114.724        -195.821        434935.337      6478367.771     3.00      
1488.40   18.92     265.28    1451.85   -117.956        -196.087        434932.106      6478367.504     0.00      
1500.00   18.38     267.78    1462.84   -121.658        -196.313        434928.406      6478367.279     2.50      
1530.00   17.15     274.92    1491.42   -130.791        -196.116        434919.275      6478367.475     2.50      
1560.00   16.20     282.99    1520.16   -139.277        -194.796        434910.793      6478368.795     2.50      
1590.00   15.59     291.86    1549.02   -147.097        -192.353        434902.975      6478371.237     2.50      
1620.00   15.36     301.20    1577.93   -154.238        -188.794        434895.836      6478374.794     2.50      
1650.00   15.52     310.58    1606.86   -160.686        -184.125        434889.391      6478379.462     2.50      
1680.00   16.06     319.55    1635.73   -166.428        -178.355        434883.651      6478385.230     2.50      
1710.00   16.95     327.78    1664.49   -171.454        -171.494        434878.627      6478392.089     2.50      
1740.00   18.14     335.09    1693.10   -175.753        -163.556        434874.329      6478400.024     2.50      
1770.00   19.57     341.45    1721.49   -179.319        -154.557        434870.764      6478409.020     2.50      
1800.00   21.19     346.93    1749.62   -182.143        -144.512        434867.941      6478419.061     2.50      
1830.00   22.96     351.63    1777.42   -184.222        -133.441        434865.863      6478430.128     2.50      
1860.00   24.85     355.67    1804.85   -185.549        -121.366        434864.536      6478442.199     2.50      
1890.00   26.83     359.16    1831.85   -186.124        -108.309        434863.961      6478455.252     2.50      
1920.00   28.89     2.20      1858.37   -185.945        -94.295         434864.140      6478469.261     2.50      
1935.74   30.00     3.64      1872.08   -185.550        -86.569         434864.535      6478476.984     2.50      
1950.00   30.00     3.64      1884.43   -185.098        -79.454         434864.987      6478484.097     0.00      
1980.00   30.00     3.64      1910.41   -184.147        -64.486         434865.938      6478499.059     0.00      
2010.00   30.00     3.64      1936.39   -183.196        -49.518         434866.889      6478514.022     0.00      
2040.00   30.00     3.64      1962.37   -182.244        -34.550         434867.840      6478528.985     0.00      
2070.00   30.00     3.64      1988.36   -181.293        -19.582         434868.791      6478543.948     0.00      
2100.00   30.00     3.64      2014.34   -180.342        -4.614          434869.742      6478558.910     0.00      
2130.00   30.00     3.64      2040.32   -179.391        10.354          434870.693      6478573.873     0.00      
2160.00   30.00     3.64      2066.30   -178.440        25.321          434871.644      6478588.836     0.00      
2190.00   30.00     3.64      2092.28   -177.488        40.289          434872.594      6478603.798     0.00      
2220.00   30.00     3.64      2118.27   -176.537        55.257          434873.545      6478618.761     0.00      
2250.00   30.00     3.64      2144.25   -175.586        70.225          434874.496      6478633.724     0.00      
2280.00   30.00     3.64      2170.23   -174.635        85.193          434875.447      6478648.686     0.00      
2310.00   30.00     3.64      2196.21   -173.684        100.161         434876.398      6478663.649     0.00      
2340.00   30.00     3.64      2222.19   -172.732        115.129         434877.349      6478678.612     0.00      
2370.00   30.00     3.64      2248.17   -171.781        130.097         434878.300      6478693.575     0.00      
2384.03   30.00     3.64      2260.33   -171.336        137.097         434878.744      6478700.572     0.00      
2400.00   29.79     6.27      2274.17   -170.649        145.025         434879.431      6478708.497     2.50      
2430.00   29.55     11.30     2300.24   -168.385        159.689         434881.695      6478723.156     2.50      
2460.00   29.50     16.38     2326.35   -164.852        174.032         434885.227      6478737.495     2.50      
2490.00   29.64     21.43     2352.45   -160.057        188.027         434890.020      6478751.485     2.50      
2520.00   29.98     26.42     2378.48   -154.010        201.647         434896.064      6478765.100     2.50      
2550.00   30.49     31.28     2404.40   -146.722        214.865         434903.350      6478778.314     2.50      
2580.00   31.18     35.97     2430.17   -138.208        227.658         434911.861      6478791.101     2.50      
2610.00   32.03     40.45     2455.72   -128.482        240.000         434921.583      6478803.439     2.50      
2632.80   32.78     43.71     2474.97   -120.292        249.064         434929.770      6478812.500     2.50      
2640.00   33.48     43.81     2481.00   -117.571        251.906         434932.491      6478815.341     2.90      
2670.00   36.37     44.18     2505.59   -105.641        264.258         434944.417      6478827.689     2.90      
2700.00   39.26     44.51     2529.29   -92.784         277.410         434957.269      6478840.836     2.90      
2730.00   42.16     44.79     2552.03   -79.033         291.328         434971.015      6478854.749     2.90      
2760.00   45.05     45.05     2573.75   -64.423         305.975         434985.620      6478869.392     2.90      
2790.00   47.95     45.28     2594.40   -48.992         321.316         435001.046      6478884.727     2.90      
2820.00   50.84     45.49     2613.92   -32.780         337.309         435017.253      6478900.715     2.90      
2850.00   53.74     45.69     2632.27   -15.826         353.915         435034.200      6478917.315     2.90      
2880.00   56.63     45.87     2649.40   1.824           371.091         435051.844      6478934.484     2.90      
2912.51   59.77     46.05     2666.52   21.683          390.293         435071.696      6478953.680     2.90      
2924.79   59.77     46.05     2672.70   29.322          397.657         435079.333      6478961.041     0.00      
2940.00   59.79     47.75     2680.36   38.921          406.638         435088.928      6478970.020     2.90      
2970.00   59.90     51.11     2695.43   58.621          423.505         435108.622      6478986.881     2.90      
3000.00   60.08     54.45     2710.44   79.304          439.216         435129.297      6479002.586     2.90      
3030.00   60.36     57.77     2725.34   100.915         453.730         435150.900      6479017.095     2.90      
3060.00   60.71     61.08     2740.11   123.399         467.011         435173.377      6479030.371     2.90      
3090.00   61.15     64.36     2754.69   146.699         479.025         435196.669      6479042.381     2.90      
3120.00   61.66     67.61     2769.05   170.756         489.740         435220.717      6479053.092     2.90      
3150.00   62.25     70.83     2783.16   195.507         499.129         435245.459      6479062.478     2.90      
3180.00   62.91     74.01     2796.97   220.889         507.169         435270.833      6479070.515     2.90      
3210.00   63.65     77.15     2810.46   246.837         513.838         435296.772      6479077.182     2.90      
3240.00   64.45     80.25     2823.60   273.285         519.120         435323.211      6479082.463     2.90      
3270.00   65.32     83.31     2836.33   300.165         523.002         435350.081      6479086.342     2.90      
3300.00   66.24     86.32     2848.64   327.408         525.472         435377.315      6479088.812     2.90      
3330.00   67.23     89.29     2860.49   354.944         526.525         435404.842      6479089.864     2.90      
3360.00   68.27     92.21     2871.85   382.703         526.158         435432.591      6479089.498     2.90      
3390.00   69.36     95.10     2882.70   410.614         524.372         435460.492      6479087.712     2.90      
3420.00   70.49     97.94     2893.00   438.605         521.172         435488.474      6479084.513     2.90      
3450.00   71.67     100.74    2902.72   466.605         516.565         435516.463      6479079.908     2.90      
3480.00   72.90     103.50    2911.85   494.541         510.564         435544.390      6479073.909     2.90      
3511.97   74.24     106.40    2920.90   524.162         502.652         435574.000      6479066.000     2.90      
3540.00   74.24     106.40    2928.51   550.040         495.035         435599.870      6479058.385     0.00      
3570.00   74.24     106.40    2936.66   577.737         486.882         435627.557      6479050.235     0.00      
3600.00   74.24     106.40    2944.81   605.434         478.729         435655.244      6479042.086     0.00      
3630.00   74.24     106.40    2952.96   633.131         470.577         435682.931      6479033.936     0.00      
3660.00   74.24     106.40    2961.11   660.828         462.424         435710.619      6479025.786     0.00      
3690.00   74.24     106.40    2969.26   688.525         454.271         435738.306      6479017.636     0.00      
3720.00   74.24     106.40    2977.41   716.221         446.119         435765.993      6479009.486     0.00      
3750.00   74.24     106.40    2985.56   743.918         437.966         435793.680      6479001.336     0.00      
3780.69   74.24     106.40    2993.90   772.251         429.626         435822.003      6478992.999     0.00      
3810.00   74.18     108.94    3001.88   799.122         421.065         435848.865      6478984.442     2.50      
3821.75   74.16     109.96    3005.08   809.778         417.303         435859.517      6478980.681     2.50      
3840.00   74.16     109.96    3010.07   826.284         411.309         435876.017      6478974.689     0.00      
3870.00   74.16     109.96    3018.25   853.412         401.459         435903.136      6478964.842     0.00      
3900.00   74.16     109.96    3026.44   880.540         391.608         435930.254      6478954.995     0.00      
3930.00   74.16     109.96    3034.63   907.668         381.757         435957.372      6478945.147     0.00      
3960.00   74.16     109.96    3042.82   934.795         371.907         435984.491      6478935.300     0.00      
3990.00   74.16     109.96    3051.01   961.923         362.056         436011.609      6478925.453     0.00      
4020.00   74.16     109.96    3059.20   989.051         352.205         436038.727      6478915.606     0.00      
4050.00   74.16     109.96    3067.38   1016.179        342.355         436065.846      6478905.759     0.00      
4080.00   74.16     109.96    3075.57   1043.306        332.504         436092.964      6478895.911     0.00      
4110.00   74.16     109.96    3083.76   1070.434        322.654         436120.082      6478886.064     0.00      
4140.00   74.16     109.96    3091.95   1097.562        312.803         436147.201      6478876.217     0.00      
4143.77   74.16     109.96    3092.98   1100.975        311.564         436150.612      6478874.978     0.00      
4170.00   75.86     108.54    3099.76   1124.891        303.215         436174.520      6478866.632     2.50      
4192.14   77.30     107.35    3104.90   1145.378        296.580         436195.000      6478860.000     2.50      
4200.00   77.30     107.35    3106.63   1152.697        294.293         436202.317      6478857.714     0.00      
4230.00   77.30     107.35    3113.22   1180.632        285.564         436230.241      6478848.987     0.00      
4260.00   77.30     107.35    3119.81   1208.566        276.834         436258.166      6478840.261     0.00      
4290.00   77.30     107.35    3126.41   1236.500        268.105         436286.090      6478831.534     0.00      
4320.00   77.30     107.35    3133.00   1264.434        259.375         436314.015      6478822.808     0.00      
4350.00   77.30     107.35    3139.59   1292.369        250.646         436341.939      6478814.082     0.00      
4380.00   77.30     107.35    3146.19   1320.303        241.916         436369.864      6478805.355     0.00      
4410.00   77.30     107.35    3152.78   1348.237        233.187         436397.789      6478796.629     0.00      
4440.00   77.30     107.35    3159.37   1376.172        224.457         436425.713      6478787.902     0.00      
4470.00   77.30     107.35    3165.97   1404.106        215.728         436453.638      6478779.176     0.00      
4501.54   77.30     107.35    3172.90   1433.476        206.550         436482.998      6478770.001     0.00      
4530.00   77.30     107.35    3179.15   1459.974        198.269         436509.487      6478761.723     0.00      
4560.00   77.30     107.35    3185.75   1487.909        189.540         436537.411      6478752.997     0.00      
4590.00   77.30     107.35    3192.34   1515.843        180.810         436565.336      6478744.270     0.00      
4620.00   77.30     107.35    3198.93   1543.777        172.081         436593.261      6478735.544     0.00      
4650.00   77.30     107.35    3205.53   1571.712        163.351         436621.185      6478726.817     0.00      
4680.00   77.30     107.35    3212.12   1599.646        154.622         436649.110      6478718.091     0.00      
4701.54   77.30     107.35    3216.86   1619.705        148.353         436669.162      6478711.825     0.00      
