HEADER INFORMATION (all units in Statoil default) 
----------------------------------------------------------------
COMPANY: Statoil Norway
FIELD: SLEIPNER
WELL NAME: Relief well location 2
WELLBORE NAME: F-1 A Nortwest Injector 9 5/8" csg. shoe
Drilled From: Well Ref. Point
Kick Off Depth: 145.90m
Survey Name: F-1 A Northwest Injector 9 5/8" csg. shoe revp1
Survey Date: 03.06.2013
Extraction Date: 26.03.2018
----------------------------------------------------------------
Calculation Method: Minimum Curvature
Datum Name: WELL(54.90m)
----------------------------------------------------------------
Surface EW: 434560.000m
Surface NS: 6479405.000m
Surface Latitude: 58° 26' 56.7449 N
Surface Longitude: 1° 52' 43.8534 E
Bottom Hole MD: 3100.66m
Bottom Hole TVD: 2888.09m
Bottom Hole EW: 435392.610m
Bottom Hole NS: 6479243.710m
----------------------------------------------------------------
Survey Program:  
H  146 - 3101 F-1 A NORTHWEST INJECTOR 9 5/8" CSG. SHOE REVP1 : 
----------------------------------------------------------------
Water Depth: 91.00m
KB-WH: 145.90m
KB-MSL: 54.90m
System Datum: Mean Sea Level
----------------------------------------------------------------
Map-Zone: Zone 31N (0 E to 6 E)
North Reference: Grid
Geo Datum: European 1950 - Mean
Vertical Section Direction: 100.96deg
----------------------------------------------------------------
SURVEY LIST
MD        Inc       Azim      TVD       X-Offset (E/W)  Y-Offset (N/S)  UTM E/W         UTM N/S         DLS
m RKB     deg       deg       m RKB     m               m               m               m               deg/30m
145.90    0.00      0.00      145.90    -490.192        841.770         434560.000      6479405.000     0.00      
150.00    0.00      0.00      150.00    -490.192        841.770         434560.000      6479405.000     0.00      
180.00    0.00      0.00      180.00    -490.192        841.770         434560.000      6479405.000     0.00      
210.00    0.00      0.00      210.00    -490.192        841.770         434560.000      6479405.000     0.00      
240.00    0.00      0.00      240.00    -490.192        841.770         434560.000      6479405.000     0.00      
270.00    0.00      0.00      270.00    -490.192        841.770         434560.000      6479405.000     0.00      
300.00    0.00      0.00      300.00    -490.192        841.770         434560.000      6479405.000     0.00      
330.00    0.00      0.00      330.00    -490.192        841.770         434560.000      6479405.000     0.00      
360.00    0.00      0.00      360.00    -490.192        841.770         434560.000      6479405.000     0.00      
390.00    0.00      0.00      390.00    -490.192        841.770         434560.000      6479405.000     0.00      
420.00    0.00      0.00      420.00    -490.192        841.770         434560.000      6479405.000     0.00      
450.00    0.00      0.00      450.00    -490.192        841.770         434560.000      6479405.000     0.00      
480.00    0.00      0.00      480.00    -490.192        841.770         434560.000      6479405.000     0.00      
510.00    0.00      0.00      510.00    -490.192        841.770         434560.000      6479405.000     0.00      
540.00    0.00      0.00      540.00    -490.192        841.770         434560.000      6479405.000     0.00      
545.90    0.00      0.00      545.90    -490.192        841.770         434560.000      6479405.000     0.00      
570.00    0.80      116.52    570.00    -490.040        841.695         434560.151      6479404.925     1.00      
600.00    1.80      116.52    599.99    -489.430        841.390         434560.761      6479404.620     1.00      
630.00    2.80      116.52    629.97    -488.351        840.852         434561.840      6479404.082     1.00      
660.00    3.80      116.52    659.92    -486.804        840.080         434563.386      6479403.310     1.00      
690.00    4.80      116.52    689.83    -484.790        839.075         434565.400      6479402.306     1.00      
720.00    5.80      116.52    719.70    -482.309        837.837         434567.880      6479401.068     1.00      
750.00    6.80      116.52    749.52    -479.362        836.366         434570.826      6479399.598     1.00      
780.00    7.80      116.52    779.28    -475.949        834.664         434574.237      6479397.896     1.00      
810.00    8.80      116.52    808.96    -472.073        832.729         434578.113      6479395.962     1.00      
840.00    9.80      116.52    838.57    -467.733        830.564         434582.451      6479393.798     1.00      
845.90    10.00     116.52    844.38    -466.825        830.111         434583.358      6479393.345     1.00      
870.00    12.01     116.52    868.03    -462.709        828.057         434587.473      6479391.292     2.50      
900.00    14.51     116.52    897.23    -456.553        824.986         434593.627      6479388.221     2.50      
930.00    17.01     116.52    926.10    -449.264        821.348         434600.914      6479384.585     2.50      
960.00    19.51     116.52    954.59    -440.854        817.152         434609.320      6479380.391     2.50      
990.00    22.01     116.52    982.64    -431.341        812.405         434618.830      6479375.645     2.50      
1020.00   24.51     116.52    1010.20   -420.741        807.117         434629.426      6479370.359     2.50      
1036.12   25.85     116.52    1024.79   -414.605        804.055         434635.560      6479367.298     2.50      
1050.00   25.85     116.52    1037.28   -409.189        801.352         434640.974      6479364.596     0.00      
1080.00   25.85     116.52    1064.28   -397.484        795.512         434652.675      6479358.758     0.00      
1110.00   25.85     116.52    1091.28   -385.779        789.672         434664.376      6479352.920     0.00      
1140.00   25.85     116.52    1118.27   -374.074        783.831         434676.077      6479347.081     0.00      
1170.00   25.85     116.52    1145.27   -362.369        777.991         434687.778      6479341.243     0.00      
1200.00   25.85     116.52    1172.27   -350.664        772.150         434699.479      6479335.404     0.00      
1230.00   25.85     116.52    1199.27   -338.959        766.310         434711.180      6479329.566     0.00      
1260.00   25.85     116.52    1226.26   -327.254        760.469         434722.881      6479323.728     0.00      
1290.00   25.85     116.52    1253.26   -315.549        754.629         434734.582      6479317.889     0.00      
1320.00   25.85     116.52    1280.26   -303.843        748.789         434746.283      6479312.051     0.00      
1350.00   25.85     116.52    1307.26   -292.138        742.948         434757.984      6479306.212     0.00      
1380.00   25.85     116.52    1334.26   -280.433        737.108         434769.685      6479300.374     0.00      
1410.00   25.85     116.52    1361.25   -268.728        731.267         434781.386      6479294.536     0.00      
1440.00   25.85     116.52    1388.25   -257.023        725.427         434793.087      6479288.697     0.00      
1470.00   25.85     116.52    1415.25   -245.318        719.586         434804.788      6479282.859     0.00      
1500.00   25.85     116.52    1442.25   -233.613        713.746         434816.489      6479277.020     0.00      
1530.00   25.85     116.52    1469.24   -221.908        707.906         434828.190      6479271.182     0.00      
1560.00   25.85     116.52    1496.24   -210.203        702.065         434839.891      6479265.344     0.00      
1590.00   25.85     116.52    1523.24   -198.498        696.225         434851.592      6479259.505     0.00      
1620.00   25.85     116.52    1550.24   -186.793        690.384         434863.293      6479253.667     0.00      
1650.00   25.85     116.52    1577.24   -175.088        684.544         434874.994      6479247.828     0.00      
1680.00   25.85     116.52    1604.23   -163.383        678.703         434886.695      6479241.990     0.00      
1710.00   25.85     116.52    1631.23   -151.677        672.863         434898.396      6479236.152     0.00      
1740.00   25.85     116.52    1658.23   -139.972        667.023         434910.097      6479230.313     0.00      
1770.00   25.85     116.52    1685.23   -128.267        661.182         434921.798      6479224.475     0.00      
1800.00   25.85     116.52    1712.22   -116.562        655.342         434933.499      6479218.637     0.00      
1830.00   25.85     116.52    1739.22   -104.857        649.501         434945.200      6479212.798     0.00      
1860.00   25.85     116.52    1766.22   -93.152         643.661         434956.901      6479206.960     0.00      
1890.00   25.85     116.52    1793.22   -81.447         637.820         434968.602      6479201.121     0.00      
1920.00   25.85     116.52    1820.22   -69.742         631.980         434980.303      6479195.283     0.00      
1950.00   25.85     116.52    1847.21   -58.037         626.140         434992.004      6479189.445     0.00      
1980.00   25.85     116.52    1874.21   -46.332         620.299         435003.705      6479183.606     0.00      
2010.00   25.85     116.52    1901.21   -34.627         614.459         435015.406      6479177.768     0.00      
2040.00   25.85     116.52    1928.21   -22.922         608.618         435027.107      6479171.929     0.00      
2070.00   25.85     116.52    1955.20   -11.217         602.778         435038.808      6479166.091     0.00      
2100.00   25.85     116.52    1982.20   0.489           596.938         435050.509      6479160.253     0.00      
2130.00   25.85     116.52    2009.20   12.194          591.097         435062.210      6479154.414     0.00      
2160.00   25.85     116.52    2036.20   23.899          585.257         435073.911      6479148.576     0.00      
2190.00   25.85     116.52    2063.20   35.604          579.416         435085.612      6479142.737     0.00      
2220.00   25.85     116.52    2090.19   47.309          573.576         435097.313      6479136.899     0.00      
2250.00   25.85     116.52    2117.19   59.014          567.735         435109.014      6479131.061     0.00      
2280.00   25.85     116.52    2144.19   70.719          561.895         435120.715      6479125.222     0.00      
2310.00   25.85     116.52    2171.19   82.424          556.055         435132.416      6479119.384     0.00      
2329.07   25.85     116.52    2188.35   89.866          552.341         435139.856      6479115.672     0.00      
2340.00   25.38     114.72    2198.20   94.125          550.299         435144.113      6479113.630     2.50      
2370.00   24.20     109.46    2225.44   105.763         545.561         435155.747      6479108.894     2.50      
2400.00   23.21     103.74    2252.92   117.304         542.108         435167.284      6479105.442     2.50      
2430.00   22.45     97.60     2280.57   128.725         539.945         435178.702      6479103.280     2.50      
2460.00   21.93     91.12     2308.35   140.007         539.078         435189.979      6479102.413     2.50      
2490.00   21.68     84.42     2336.21   151.125         539.506         435201.094      6479102.842     2.50      
2520.00   21.70     77.66     2364.09   162.061         541.231         435212.025      6479104.565     2.50      
2550.00   21.99     70.98     2391.94   172.792         544.248         435222.753      6479107.581     2.50      
2580.00   22.55     64.55     2419.70   183.298         548.551         435233.255      6479111.883     2.50      
2610.00   23.35     58.47     2447.33   193.560         554.133         435243.513      6479117.463     2.50      
2640.00   24.36     52.81     2474.77   203.557         560.983         435253.507      6479124.311     2.50      
2670.00   25.57     47.63     2501.97   213.272         569.088         435263.218      6479132.412     2.50      
2700.00   26.95     42.91     2528.88   222.684         578.432         435272.628      6479141.753     2.50      
2730.00   28.47     38.63     2555.44   231.777         588.997         435281.717      6479152.315     2.50      
2758.14   30.00     35.00     2580.00   240.000         600.000         435289.937      6479163.314     2.50      
2760.00   30.00     35.00     2581.61   240.534         600.762         435290.471      6479164.076     0.00      
2790.00   30.00     35.00     2607.59   249.137         613.049         435299.071      6479176.359     0.00      
2820.00   30.00     35.00     2633.57   257.741         625.336         435307.672      6479188.642     0.00      
2850.00   30.00     35.00     2659.55   266.344         637.624         435316.273      6479200.925     0.00      
2880.00   30.00     35.00     2685.53   274.948         649.911         435324.873      6479213.208     0.00      
2910.00   30.00     35.00     2711.51   283.552         662.198         435333.474      6479225.491     0.00      
2913.14   30.00     35.00     2714.23   284.452         663.484         435334.374      6479226.776     0.00      
2925.00   28.19     38.22     2724.60   287.887         668.115         435337.808      6479231.405     6.05      
2940.00   26.04     42.87     2737.95   292.320         673.312         435342.239      6479236.601     6.05      
2955.00   24.05     48.26     2751.54   296.842         677.760         435346.759      6479241.047     6.05      
2970.00   22.28     54.51     2765.33   301.439         681.447         435351.355      6479244.732     6.05      
2985.00   20.79     61.68     2779.29   306.099         684.361         435356.013      6479247.646     6.05      
3000.00   19.64     69.78     2793.37   310.808         686.495         435360.721      6479249.779     6.05      
3015.00   18.88     78.67     2807.53   315.554         687.844         435365.465      6479251.127     6.05      
3030.00   18.58     88.05     2821.74   320.324         688.402         435370.234      6479251.685     6.05      
3045.00   18.75     97.49     2835.95   325.104         688.169         435375.012      6479251.452     6.05      
3060.00   19.38     106.56    2850.13   329.881         687.146         435379.787      6479250.429     6.05      
3075.00   20.42     114.90    2864.24   334.641         685.334         435384.546      6479248.618     6.05      
3090.00   21.83     122.34    2878.23   339.372         682.740         435389.275      6479246.025     6.05      
3100.66   23.00     127.06    2888.09   342.708         680.424         435392.610      6479243.710     6.05      
