HEADER INFORMATION (all units in Statoil default) 
----------------------------------------------------------------
COMPANY: Statoil Norway
FIELD: SLEIPNER
WELL NAME: Relief well location 5
WELLBORE NAME: F-1 B 9 5/8" csg.shoe
Drilled From: F-1 A  Northwest Injector 9 5/8" csg.shoe
Kick Off Depth: 145.00m
Survey Name: F-1 B 9 5/8" csg.shoe revp1
Survey Date: 12.12.2013
Extraction Date: 26.03.2018
----------------------------------------------------------------
Calculation Method: Minimum Curvature
Datum Name: WELL(54.00m)
----------------------------------------------------------------
Surface EW: 434555.000m
Surface NS: 6478831.000m
Surface Latitude: 58° 26' 38.1874 N
Surface Longitude: 1° 52' 44.1353 E
Bottom Hole MD: 3101.70m
Bottom Hole TVD: 2895.90m
Bottom Hole EW: 435396.400m
Bottom Hole NS: 6479243.300m
----------------------------------------------------------------
Survey Program:  
H  145 - 3102 F-1 B 9 5/8" CSG.SHOE REVP1 : 
----------------------------------------------------------------
Water Depth: 91.00m
KB-WH: 145.00m
KB-MSL: 54.00m
System Datum: Mean Sea Level
----------------------------------------------------------------
Map-Zone: Zone 31N (0 E to 6 E)
North Reference: Grid
Geo Datum: European 1950 - Mean
Vertical Section Direction: 63.89deg
----------------------------------------------------------------
SURVEY LIST
MD        Inc       Azim      TVD       X-Offset (E/W)  Y-Offset (N/S)  UTM E/W         UTM N/S         DLS
m RKB     deg       deg       m RKB     m               m               m               m               deg/30m
145.00    0.00      0.00      145.00    -495.193        267.570         434555.000      6478831.000     0.00      
150.00    0.00      0.00      150.00    -495.193        267.570         434555.000      6478831.000     0.00      
180.00    0.00      0.00      180.00    -495.193        267.570         434555.000      6478831.000     0.00      
210.00    0.00      0.00      210.00    -495.193        267.570         434555.000      6478831.000     0.00      
240.00    0.00      0.00      240.00    -495.193        267.570         434555.000      6478831.000     0.00      
270.00    0.00      0.00      270.00    -495.193        267.570         434555.000      6478831.000     0.00      
300.00    0.00      0.00      300.00    -495.193        267.570         434555.000      6478831.000     0.00      
330.00    0.00      0.00      330.00    -495.193        267.570         434555.000      6478831.000     0.00      
360.00    0.00      0.00      360.00    -495.193        267.570         434555.000      6478831.000     0.00      
390.00    0.00      0.00      390.00    -495.193        267.570         434555.000      6478831.000     0.00      
420.00    0.00      0.00      420.00    -495.193        267.570         434555.000      6478831.000     0.00      
450.00    0.00      0.00      450.00    -495.193        267.570         434555.000      6478831.000     0.00      
480.00    0.00      0.00      480.00    -495.193        267.570         434555.000      6478831.000     0.00      
510.00    0.00      0.00      510.00    -495.193        267.570         434555.000      6478831.000     0.00      
540.00    0.00      0.00      540.00    -495.193        267.570         434555.000      6478831.000     0.00      
570.00    0.00      0.00      570.00    -495.193        267.570         434555.000      6478831.000     0.00      
595.90    0.00      0.00      595.90    -495.193        267.570         434555.000      6478831.000     0.00      
600.00    0.14      67.54     600.00    -495.189        267.572         434555.005      6478831.002     1.00      
630.00    1.14      67.54     630.00    -494.881        267.699         434555.312      6478831.129     1.00      
660.00    2.14      67.54     659.99    -494.089        268.027         434556.104      6478831.456     1.00      
690.00    3.14      67.54     689.95    -492.814        268.554         434557.379      6478831.983     1.00      
720.00    4.14      67.54     719.89    -491.055        269.281         434559.137      6478832.710     1.00      
750.00    5.14      67.54     749.79    -488.814        270.207         434561.377      6478833.636     1.00      
780.00    6.14      67.54     779.65    -486.091        271.333         434564.099      6478834.762     1.00      
810.00    7.14      67.54     809.45    -482.887        272.658         434567.302      6478836.086     1.00      
840.00    8.14      67.54     839.18    -479.202        274.181         434570.985      6478837.608     1.00      
870.00    9.14      67.54     868.84    -475.039        275.902         434575.147      6478839.329     1.00      
895.90    10.00     67.54     894.38    -471.061        277.547         434579.124      6478840.973     1.00      
900.00    10.27     67.54     898.42    -470.394        277.822         434579.791      6478841.248     2.00      
930.00    12.27     67.54     927.83    -464.974        280.063         434585.209      6478843.488     2.00      
960.00    14.27     67.54     957.03    -458.609        282.694         434591.572      6478846.119     2.00      
990.00    16.27     67.54     985.97    -451.306        285.713         434598.872      6478849.136     2.00      
1020.00   18.27     67.54     1014.62   -443.074        289.116         434607.101      6478852.538     2.00      
1050.00   20.27     67.54     1042.93   -433.924        292.899         434616.248      6478856.320     2.00      
1080.00   22.27     67.54     1070.89   -423.865        297.057         434626.303      6478860.476     2.00      
1110.00   24.27     67.54     1098.45   -412.911        301.585         434637.253      6478865.003     2.00      
1130.28   25.63     67.54     1116.83   -405.006        304.853         434645.155      6478868.270     2.00      
1140.00   25.63     67.54     1125.60   -401.121        306.459         434649.039      6478869.875     0.00      
1170.00   25.63     67.54     1152.65   -389.131        311.416         434661.026      6478874.830     0.00      
1200.00   25.63     67.54     1179.70   -377.141        316.373         434673.012      6478879.785     0.00      
1230.00   25.63     67.54     1206.74   -365.150        321.329         434684.998      6478884.741     0.00      
1260.00   25.63     67.54     1233.79   -353.160        326.286         434696.984      6478889.696     0.00      
1290.00   25.63     67.54     1260.84   -341.170        331.243         434708.970      6478894.651     0.00      
1320.00   25.63     67.54     1287.89   -329.179        336.200         434720.956      6478899.606     0.00      
1350.00   25.63     67.54     1314.94   -317.189        341.156         434732.943      6478904.561     0.00      
1380.00   25.63     67.54     1341.99   -305.198        346.113         434744.929      6478909.516     0.00      
1410.00   25.63     67.54     1369.04   -293.208        351.070         434756.915      6478914.471     0.00      
1440.00   25.63     67.54     1396.09   -281.218        356.027         434768.901      6478919.426     0.00      
1470.00   25.63     67.54     1423.14   -269.227        360.983         434780.887      6478924.381     0.00      
1500.00   25.63     67.54     1450.19   -257.237        365.940         434792.873      6478929.336     0.00      
1530.00   25.63     67.54     1477.24   -245.247        370.897         434804.860      6478934.291     0.00      
1560.00   25.63     67.54     1504.29   -233.256        375.854         434816.846      6478939.246     0.00      
1590.00   25.63     67.54     1531.34   -221.266        380.810         434828.832      6478944.201     0.00      
1620.00   25.63     67.54     1558.38   -209.276        385.767         434840.818      6478949.156     0.00      
1650.00   25.63     67.54     1585.43   -197.285        390.724         434852.804      6478954.111     0.00      
1680.00   25.63     67.54     1612.48   -185.295        395.681         434864.790      6478959.066     0.00      
1710.00   25.63     67.54     1639.53   -173.305        400.637         434876.777      6478964.021     0.00      
1740.00   25.63     67.54     1666.58   -161.314        405.594         434888.763      6478968.976     0.00      
1770.00   25.63     67.54     1693.63   -149.324        410.551         434900.749      6478973.931     0.00      
1800.00   25.63     67.54     1720.68   -137.334        415.508         434912.735      6478978.886     0.00      
1830.00   25.63     67.54     1747.73   -125.343        420.464         434924.721      6478983.841     0.00      
1860.00   25.63     67.54     1774.78   -113.353        425.421         434936.707      6478988.796     0.00      
1890.00   25.63     67.54     1801.83   -101.363        430.378         434948.694      6478993.751     0.00      
1920.00   25.63     67.54     1828.88   -89.372         435.335         434960.680      6478998.706     0.00      
1950.00   25.63     67.54     1855.93   -77.382         440.291         434972.666      6479003.661     0.00      
1980.00   25.63     67.54     1882.98   -65.392         445.248         434984.652      6479008.616     0.00      
2010.00   25.63     67.54     1910.02   -53.401         450.205         434996.638      6479013.571     0.00      
2040.00   25.63     67.54     1937.07   -41.411         455.162         435008.624      6479018.526     0.00      
2070.00   25.63     67.54     1964.12   -29.420         460.118         435020.611      6479023.481     0.00      
2100.00   25.63     67.54     1991.17   -17.430         465.075         435032.597      6479028.436     0.00      
2130.00   25.63     67.54     2018.22   -5.440          470.032         435044.583      6479033.391     0.00      
2160.00   25.63     67.54     2045.27   6.551           474.989         435056.569      6479038.346     0.00      
2190.00   25.63     67.54     2072.32   18.541          479.945         435068.555      6479043.301     0.00      
2220.00   25.63     67.54     2099.37   30.531          484.902         435080.542      6479048.256     0.00      
2250.00   25.63     67.54     2126.42   42.522          489.859         435092.528      6479053.211     0.00      
2280.00   25.63     67.54     2153.47   54.512          494.816         435104.514      6479058.166     0.00      
2310.00   25.63     67.54     2180.52   66.502          499.772         435116.500      6479063.121     0.00      
2340.00   25.63     67.54     2207.57   78.493          504.729         435128.486      6479068.076     0.00      
2370.00   25.63     67.54     2234.62   90.483          509.686         435140.472      6479073.031     0.00      
2400.00   25.63     67.54     2261.67   102.473         514.643         435152.459      6479077.986     0.00      
2430.00   25.63     67.54     2288.71   114.464         519.599         435164.445      6479082.941     0.00      
2460.00   25.63     67.54     2315.76   126.454         524.556         435176.431      6479087.896     0.00      
2490.00   25.63     67.54     2342.81   138.444         529.513         435188.417      6479092.851     0.00      
2520.00   25.63     67.54     2369.86   150.435         534.470         435200.403      6479097.807     0.00      
2550.00   25.63     67.54     2396.91   162.425         539.426         435212.389      6479102.762     0.00      
2580.00   25.63     67.54     2423.96   174.415         544.383         435224.376      6479107.717     0.00      
2610.00   25.63     67.54     2451.01   186.406         549.340         435236.362      6479112.672     0.00      
2638.74   25.63     67.54     2476.92   197.892         554.088         435247.844      6479117.418     0.00      
2640.00   25.62     67.35     2478.06   198.396         554.297         435248.347      6479117.627     2.00      
2670.00   25.52     62.72     2505.12   210.125         559.758         435260.073      6479123.086     2.00      
2700.00   25.56     58.08     2532.20   221.363         566.143         435271.307      6479129.469     2.00      
2730.00   25.76     53.48     2559.24   232.097         573.446         435282.037      6479136.769     2.00      
2753.07   26.00     50.00     2580.00   240.000         579.680         435289.937      6479143.001     2.00      
2760.00   26.00     50.00     2586.23   242.326         581.632         435292.263      6479144.952     0.00      
2790.00   26.00     50.00     2613.19   252.401         590.085         435302.333      6479153.403     0.00      
2820.00   26.00     50.00     2640.15   262.475         598.539         435312.404      6479161.853     0.00      
2850.00   26.00     50.00     2667.12   272.549         606.992         435322.475      6479170.304     0.00      
2880.00   26.00     50.00     2694.08   282.624         615.445         435332.546      6479178.754     0.00      
2910.00   26.00     50.00     2721.05   292.698         623.899         435342.617      6479187.205     0.00      
2940.00   26.00     50.00     2748.01   302.772         632.352         435352.688      6479195.655     0.00      
2970.00   26.00     50.00     2774.97   312.847         640.806         435362.759      6479204.105     0.00      
2978.07   26.00     50.00     2782.23   315.558         643.080         435365.469      6479206.379     0.00      
3000.00   24.85     46.70     2802.03   322.593         649.330         435372.502      6479212.627     2.49      
3030.00   23.41     41.72     2829.41   331.149         658.102         435381.054      6479221.396     2.49      
3060.00   22.14     36.17     2857.08   338.452         667.116         435388.355      6479230.407     2.49      
3090.00   21.09     30.03     2884.97   344.490         676.354         435394.391      6479239.642     2.49      
3101.70   20.74     27.49     2895.90   346.500         680.014         435396.400      6479243.300     2.49      
