HEADER INFORMATION (all units in Statoil default) 
----------------------------------------------------------------
COMPANY: Statoil Norway
FIELD: SLEIPNER
WELL NAME: Relief well location 1
WELLBORE NAME: F-1 North Upside Pilot 13 3/8" csg. shoe
Drilled From: Well Ref. Point
Kick Off Depth: 145.90m
Survey Name: F-1 North Upside Pilot 13 3/8" csg. revp1
Survey Date: 25.02.2013
Extraction Date: 26.03.2018
----------------------------------------------------------------
Calculation Method: Minimum Curvature
Datum Name: WELL(54.90m)
----------------------------------------------------------------
Surface EW: 434060.000m
Surface NS: 6478920.000m
Surface Latitude: 58° 26' 40.7965 N
Surface Longitude: 1° 52' 13.5242 E
Bottom Hole MD: 2891.16m
Bottom Hole TVD: 2438.00m
Bottom Hole EW: 435223.660m
Bottom Hole NS: 6479097.000m
----------------------------------------------------------------
Survey Program:  
H  146 - 2891 F-1 NORTH UPSIDE PILOT 13 3/8" CSG. REVP1 : 
----------------------------------------------------------------
Water Depth: 91.00m
KB-WH: 145.90m
KB-MSL: 54.90m
System Datum: Mean Sea Level
----------------------------------------------------------------
Map-Zone: Zone 31N (0 E to 6 E)
North Reference: Grid
Geo Datum: European 1950 - Mean
Vertical Section Direction: 81.35deg
----------------------------------------------------------------
SURVEY LIST
MD        Inc       Azim      TVD       X-Offset (E/W)  Y-Offset (N/S)  UTM E/W         UTM N/S         DLS
m RKB     deg       deg       m RKB     m               m               m               m               deg/30m
145.90    0.00      0.00      145.90    -990.366        356.601         434060.000      6478920.000     0.00      
150.00    0.00      0.00      150.00    -990.366        356.601         434060.000      6478920.000     0.00      
180.00    0.00      0.00      180.00    -990.366        356.601         434060.000      6478920.000     0.00      
210.00    0.00      0.00      210.00    -990.366        356.601         434060.000      6478920.000     0.00      
240.00    0.00      0.00      240.00    -990.366        356.601         434060.000      6478920.000     0.00      
270.00    0.00      0.00      270.00    -990.366        356.601         434060.000      6478920.000     0.00      
300.00    0.00      0.00      300.00    -990.366        356.601         434060.000      6478920.000     0.00      
330.00    0.00      0.00      330.00    -990.366        356.601         434060.000      6478920.000     0.00      
360.00    0.00      0.00      360.00    -990.366        356.601         434060.000      6478920.000     0.00      
390.00    0.00      0.00      390.00    -990.366        356.601         434060.000      6478920.000     0.00      
420.00    0.00      0.00      420.00    -990.366        356.601         434060.000      6478920.000     0.00      
450.00    0.00      0.00      450.00    -990.366        356.601         434060.000      6478920.000     0.00      
480.00    0.00      0.00      480.00    -990.366        356.601         434060.000      6478920.000     0.00      
510.00    0.00      0.00      510.00    -990.366        356.601         434060.000      6478920.000     0.00      
540.00    0.00      0.00      540.00    -990.366        356.601         434060.000      6478920.000     0.00      
545.90    0.00      0.00      545.90    -990.366        356.601         434060.000      6478920.000     0.00      
570.00    0.80      90.20     570.00    -990.197        356.601         434060.169      6478919.999     1.00      
600.00    1.80      90.20     599.99    -989.515        356.598         434060.851      6478919.997     1.00      
630.00    2.80      90.20     629.97    -988.309        356.594         434062.056      6478919.993     1.00      
660.00    3.80      90.20     659.92    -986.580        356.588         434063.784      6478919.987     1.00      
690.00    4.80      90.20     689.83    -984.329        356.581         434066.035      6478919.979     1.00      
720.00    5.80      90.20     719.70    -981.556        356.571         434068.806      6478919.970     1.00      
750.00    6.80      90.20     749.52    -978.263        356.560         434072.099      6478919.959     1.00      
780.00    7.80      90.20     779.28    -974.449        356.547         434075.911      6478919.946     1.00      
810.00    8.80      90.20     808.96    -970.117        356.532         434080.242      6478919.931     1.00      
840.00    9.80      90.20     838.57    -965.267        356.515         434085.090      6478919.914     1.00      
845.90    10.00     90.20     844.38    -964.252        356.512         434086.104      6478919.911     1.00      
870.00    12.01     90.61     868.03    -959.653        356.478         434090.702      6478919.877     2.50      
900.00    14.51     90.96     897.23    -952.775        356.382         434097.578      6478919.781     2.50      
930.00    17.00     91.21     926.10    -944.631        356.226         434105.718      6478919.625     2.50      
960.00    19.50     91.40     954.59    -935.238        356.011         434115.109      6478919.410     2.50      
990.00    22.00     91.55     982.64    -924.612        355.737         434125.731      6478919.136     2.50      
1020.00   24.50     91.67     1010.20   -912.773        355.404         434137.565      6478918.803     2.50      
1050.00   27.00     91.77     1037.22   -899.746        355.013         434150.589      6478918.412     2.50      
1080.00   29.50     91.85     1063.65   -885.553        354.565         434164.776      6478917.964     2.50      
1110.00   32.00     91.92     1089.43   -870.223        354.060         434180.101      6478917.460     2.50      
1140.00   34.50     91.98     1114.51   -853.784        353.501         434196.534      6478916.900     2.50      
1170.00   37.00     92.03     1138.86   -836.268        352.886         434214.044      6478916.287     2.50      
1200.00   39.50     92.08     1162.41   -817.708        352.219         434232.598      6478915.620     2.50      
1230.00   42.00     92.13     1185.14   -798.140        351.500         434252.159      6478914.901     2.50      
1260.00   44.50     92.17     1206.99   -777.600        350.730         434272.692      6478914.131     2.50      
1285.26   46.61     92.20     1224.67   -759.583        350.044         434290.702      6478913.446     2.50      
1290.00   46.61     92.20     1227.93   -756.139        349.912         434294.145      6478913.314     0.00      
1320.00   46.61     92.20     1248.54   -734.356        349.077         434315.921      6478912.479     0.00      
1350.00   46.61     92.20     1269.15   -712.572        348.242         434337.697      6478911.644     0.00      
1380.00   46.61     92.20     1289.76   -690.789        347.407         434359.473      6478910.809     0.00      
1410.00   46.61     92.20     1310.37   -669.006        346.572         434381.248      6478909.974     0.00      
1440.00   46.61     92.20     1330.98   -647.222        345.737         434403.024      6478909.139     0.00      
1470.00   46.61     92.20     1351.59   -625.439        344.902         434424.800      6478908.305     0.00      
1500.00   46.61     92.20     1372.20   -603.656        344.067         434446.575      6478907.470     0.00      
1530.00   46.61     92.20     1392.82   -581.873        343.231         434468.351      6478906.635     0.00      
1560.00   46.61     92.20     1413.43   -560.089        342.396         434490.127      6478905.800     0.00      
1590.00   46.61     92.20     1434.04   -538.306        341.561         434511.902      6478904.965     0.00      
1620.00   46.61     92.20     1454.65   -516.523        340.726         434533.678      6478904.130     0.00      
1650.00   46.61     92.20     1475.26   -494.740        339.891         434555.454      6478903.295     0.00      
1680.00   46.61     92.20     1495.87   -472.956        339.056         434577.229      6478902.461     0.00      
1710.00   46.61     92.20     1516.48   -451.173        338.221         434599.005      6478901.626     0.00      
1740.00   46.61     92.20     1537.09   -429.390        337.385         434620.781      6478900.791     0.00      
1770.00   46.61     92.20     1557.70   -407.607        336.550         434642.556      6478899.956     0.00      
1800.00   46.61     92.20     1578.31   -385.823        335.715         434664.332      6478899.121     0.00      
1830.00   46.61     92.20     1598.92   -364.040        334.880         434686.108      6478898.286     0.00      
1860.00   46.61     92.20     1619.53   -342.257        334.045         434707.883      6478897.452     0.00      
1890.00   46.61     92.20     1640.14   -320.474        333.210         434729.659      6478896.617     0.00      
1920.00   46.61     92.20     1660.75   -298.690        332.375         434751.435      6478895.782     0.00      
1950.00   46.61     92.20     1681.36   -276.907        331.540         434773.210      6478894.947     0.00      
1980.00   46.61     92.20     1701.97   -255.124        330.704         434794.986      6478894.112     0.00      
2010.00   46.61     92.20     1722.58   -233.341        329.869         434816.762      6478893.277     0.00      
2040.00   46.61     92.20     1743.19   -211.557        329.034         434838.537      6478892.443     0.00      
2070.00   46.61     92.20     1763.80   -189.774        328.199         434860.313      6478891.608     0.00      
2100.00   46.61     92.20     1784.41   -167.991        327.364         434882.089      6478890.773     0.00      
2130.00   46.61     92.20     1805.02   -146.207        326.529         434903.864      6478889.938     0.00      
2146.08   46.61     92.20     1816.07   -134.532        326.081         434915.536      6478889.491     0.00      
2160.00   45.77     91.07     1825.71   -124.491        325.794         434925.573      6478889.203     2.50      
2190.00   44.02     88.55     1846.96   -103.320        325.856         434946.737      6478889.266     2.50      
2220.00   42.33     85.86     1868.84   -82.822         326.850         434967.228      6478890.259     2.50      
2250.00   40.70     83.00     1891.30   -63.036         328.772         434987.007      6478892.180     2.50      
2280.00   39.15     79.94     1914.31   -44.000         331.620         435006.037      6478895.027     2.50      
2310.00   37.68     76.68     1937.82   -25.749         335.387         435024.281      6478898.793     2.50      
2340.00   36.31     73.20     1961.78   -8.319          340.067         435041.705      6478903.472     2.50      
2370.00   35.05     69.50     1986.15   8.257           345.651         435058.275      6478909.054     2.50      
2400.00   33.91     65.58     2010.88   23.948          352.129         435073.961      6478915.529     2.50      
2430.00   32.90     61.42     2035.93   38.724          359.487         435088.731      6478922.885     2.50      
2460.00   32.03     57.05     2061.25   52.556          367.712         435102.559      6478931.107     2.50      
2490.00   31.32     52.49     2086.78   65.419          376.788         435115.417      6478940.180     2.50      
2520.00   30.78     47.75     2112.49   77.287          386.698         435127.281      6478950.086     2.50      
2550.00   30.41     42.89     2138.32   88.139          397.423         435138.129      6478960.808     2.50      
2580.00   30.23     37.95     2164.22   97.953          408.943         435147.940      6478972.324     2.50      
2586.69   30.21     36.84     2170.00   100.000         411.620         435149.986      6478975.000     2.50      
2610.00   30.21     36.84     2190.14   107.033         421.006         435157.017      6478984.382     0.00      
2640.00   30.21     36.84     2216.06   116.086         433.088         435166.067      6478996.460     0.00      
2670.00   30.21     36.84     2241.99   125.139         445.170         435175.117      6479008.537     0.00      
2700.00   30.21     36.84     2267.91   134.193         457.251         435184.167      6479020.615     0.00      
2731.69   30.21     36.84     2295.30   143.757         470.016         435193.728      6479033.375     0.00      
2760.00   28.69     33.05     2319.95   151.735         481.412         435201.703      6479044.768     2.55      
2790.00   27.21     28.63     2346.45   158.950         493.471         435208.916      6479056.822     2.55      
2820.00   25.88     23.76     2373.29   164.874         505.484         435214.837      6479068.831     2.55      
2850.00   24.72     18.43     2400.42   169.495         517.429         435219.457      6479080.772     2.55      
2880.00   23.77     12.66     2427.78   172.805         529.282         435222.765      6479092.621     2.55      
2891.16   23.48     10.41     2438.00   173.700         533.663         435223.660      6479097.000     2.55      
