HEADER INFORMATION (all units in Statoil default) 
----------------------------------------------------------------
COMPANY: Statoil Norway
FIELD: SLEIPNER
WELL NAME: F-11
WELLBORE NAME: 15/9-F-11 T2
Drilled From: 15/9-F-11
Kick Off Depth: 202.00m
Survey Name: 15/9-F-11 T2 rev0
Survey Date: 01.07.2013
Extraction Date: 03.04.2018
----------------------------------------------------------------
Calculation Method: Minimum Curvature
Datum Name: MI(54.90m)
----------------------------------------------------------------
Surface EW: 435049.095m
Surface NS: 6478568.172m
Surface Latitude: 58° 26' 29.9566 N
Surface Longitude: 1° 53' 14.8667 E
Bottom Hole MD: 4550.81m
Bottom Hole TVD: 3394.00m
Bottom Hole EW: 436158.057m
Bottom Hole NS: 6479148.375m
----------------------------------------------------------------
Survey Program:  
H  148 - 193 F-11 GYRO SDC : GYRO, OLD
H  202 - 202 F-11 GYRO SDC 202-306M AFTER REAMING : GYRO, OLD
H  202 - 650 15/9-F-11 T2 REV0 : NOT_USEMWD GYRO, BAKER HUGHES(GYROTRAK)
H  650 - 1368 15/9-F-11 T2 REV0 : MAGNETIC, IFR, MAG-CORR
H  1368 - 2570 15/9-F-11 T2 REV0 : MAGN, IFR, MAG-CORR, DUAL INCL
H  2570 - 4551 15/9-F-11 T2 REV0 : MAGN, IFR, NON-MAG, DUAL INCL
----------------------------------------------------------------
Water Depth: 91.00m
KB-WH: 145.90m
KB-MSL: 54.90m
System Datum: Mean Sea Level
----------------------------------------------------------------
Map-Zone: Zone 31N (0 E to 6 E)
North Reference: Grid
Geo Datum: European 1950 - Mean
Vertical Section Direction: 62.38deg
----------------------------------------------------------------
SURVEY LIST
MD        Inc       Azim      TVD       X-Offset (E/W)  Y-Offset (N/S)  UTM E/W         UTM N/S         DLS
m RKB     deg       deg       m RKB     m               m               m               m               deg/30m
145.90    0.00      0.00      145.90    -0.926          4.651           435049.095      6478568.172     0.00      
147.70    0.21      232.99    147.70    -0.929          4.649           435049.092      6478568.170     3.50      
167.70    0.29      246.72    167.70    -1.005          4.607           435049.017      6478568.128     0.15      
180.00    0.20      214.07    180.00    -1.045          4.576           435048.976      6478568.098     0.40      
193.00    0.34      211.45    193.00    -1.078          4.525           435048.943      6478568.046     0.32      
202.00    0.26      233.95    202.00    -1.109          4.490           435048.913      6478568.011     0.47      
209.00    0.26      233.95    209.00    -1.134          4.471           435048.887      6478567.993     0.00      
210.00    0.24      239.89    210.00    -1.138          4.469           435048.883      6478567.990     1.00      
240.00    0.88      353.46    240.00    -1.218          4.666           435048.803      6478568.188     1.00      
243.67    1.00      355.00    243.67    -1.224          4.726           435048.797      6478568.248     1.00      
270.00    1.00      355.00    269.99    -1.264          5.184           435048.757      6478568.705     0.00      
300.00    1.00      355.00    299.99    -1.310          5.706           435048.712      6478569.227     0.00      
330.00    1.00      355.00    329.98    -1.355          6.227           435048.666      6478569.748     0.00      
360.00    1.00      355.00    359.98    -1.401          6.749           435048.620      6478570.270     0.00      
390.00    1.00      355.00    389.98    -1.447          7.270           435048.575      6478570.791     0.00      
420.00    1.00      355.00    419.97    -1.492          7.792           435048.529      6478571.312     0.00      
423.67    1.00      355.00    423.64    -1.498          7.856           435048.523      6478571.376     0.00      
450.00    0.11      263.28    449.97    -1.543          8.082           435048.479      6478571.602     1.15      
473.02    0.90      188.09    472.99    -1.590          7.899           435048.431      6478571.420     1.15      
480.00    0.90      188.09    479.97    -1.606          7.790           435048.416      6478571.311     0.00      
510.00    0.90      188.09    509.96    -1.672          7.322           435048.349      6478570.842     0.00      
540.00    0.90      188.09    539.96    -1.739          6.853           435048.283      6478570.374     0.00      
565.55    0.90      188.09    565.51    -1.796          6.454           435048.226      6478569.975     0.00      
570.00    0.86      198.84    569.96    -1.811          6.387           435048.210      6478569.908     1.15      
600.00    1.33      257.47    599.95    -2.225          6.098           435047.797      6478569.619     1.15      
630.00    2.33      275.88    629.94    -3.173          6.085           435046.849      6478569.606     1.15      
660.00    3.43      282.93    659.90    -4.656          6.348           435045.367      6478569.869     1.15      
690.00    4.55      286.54    689.82    -6.672          6.888           435043.351      6478570.409     1.15      
720.00    5.69      288.71    719.70    -9.221          7.704           435040.803      6478571.224     1.15      
745.90    6.67      290.00    745.45    -11.850         8.630           435038.175      6478572.150     1.15      
750.00    6.80      288.64    749.52    -12.304         8.789           435037.721      6478572.309     1.50      
780.00    7.85      280.19    779.28    -16.003         9.719           435034.024      6478573.239     1.50      
810.00    9.02      273.81    808.96    -20.365         10.237          435029.663      6478573.757     1.50      
840.00    10.28     268.93    838.53    -25.389         10.344          435024.641      6478573.863     1.50      
870.00    11.60     265.13    867.99    -31.070         10.038          435018.962      6478573.557     1.50      
896.73    12.80     262.41    894.11    -36.682         9.418           435013.351      6478572.938     1.50      
900.00    12.80     262.41    897.30    -37.401         9.323           435012.633      6478572.842     0.00      
930.00    12.80     262.41    926.56    -43.990         8.444           435006.046      6478571.964     0.00      
960.00    12.80     262.41    955.81    -50.580         7.566           434999.459      6478571.086     0.00      
990.00    12.80     262.41    985.06    -57.169         6.687           434992.872      6478570.208     0.00      
1020.00   12.80     262.41    1014.32   -63.758         5.808           434986.285      6478569.329     0.00      
1050.00   12.80     262.41    1043.57   -70.348         4.930           434979.698      6478568.451     0.00      
1077.10   12.80     262.41    1070.00   -76.301         4.136           434973.747      6478567.658     0.00      
1080.00   13.04     262.48    1072.83   -76.943         4.051           434973.104      6478567.572     2.50      
1110.00   15.54     263.09    1101.89   -84.290         3.124           434965.760      6478566.646     2.50      
1140.00   18.04     263.54    1130.61   -92.895         2.119           434957.158      6478565.641     2.50      
1170.00   20.53     263.89    1158.93   -102.743        1.036           434947.314      6478564.559     2.50      
1200.00   23.03     264.16    1186.78   -113.814        -0.122          434936.247      6478563.401     2.50      
1230.00   25.53     264.38    1214.13   -126.087        -1.353          434923.978      6478562.171     2.50      
1257.28   27.80     264.55    1238.50   -138.271        -2.533          434911.798      6478560.991     2.50      
1260.00   27.80     264.55    1240.91   -139.535        -2.654          434910.535      6478560.870     0.00      
1290.00   27.80     264.55    1267.45   -153.464        -3.983          434896.611      6478559.541     0.00      
1320.00   27.80     264.55    1293.99   -167.393        -5.313          434882.687      6478558.212     0.00      
1350.00   27.80     264.55    1320.52   -181.321        -6.642          434868.763      6478556.883     0.00      
1380.00   27.80     264.55    1347.06   -195.250        -7.972          434854.839      6478555.554     0.00      
1410.00   27.80     264.55    1373.60   -209.179        -9.301          434840.915      6478554.225     0.00      
1440.00   27.80     264.55    1400.13   -223.108        -10.631         434826.991      6478552.896     0.00      
1470.00   27.80     264.55    1426.67   -237.037        -11.960         434813.067      6478551.567     0.00      
1500.00   27.80     264.55    1453.21   -250.966        -13.290         434799.143      6478550.238     0.00      
1530.00   27.80     264.55    1479.75   -264.895        -14.620         434785.219      6478548.909     0.00      
1560.00   27.80     264.55    1506.28   -278.824        -15.949         434771.294      6478547.579     0.00      
1590.00   27.80     264.55    1532.82   -292.752        -17.279         434757.370      6478546.250     0.00      
1620.00   27.80     264.55    1559.36   -306.681        -18.608         434743.446      6478544.921     0.00      
1650.00   27.80     264.55    1585.89   -320.610        -19.938         434729.522      6478543.592     0.00      
1680.00   27.80     264.55    1612.43   -334.539        -21.267         434715.598      6478542.263     0.00      
1710.00   27.80     264.55    1638.97   -348.468        -22.597         434701.674      6478540.934     0.00      
1740.00   27.80     264.55    1665.51   -362.397        -23.926         434687.750      6478539.605     0.00      
1770.00   27.80     264.55    1692.04   -376.326        -25.256         434673.826      6478538.276     0.00      
1797.15   27.80     264.55    1716.06   -388.931        -26.459         434661.225      6478537.073     0.00      
1800.00   27.57     264.64    1718.58   -390.250        -26.584         434659.907      6478536.948     2.50      
1830.00   25.11     265.66    1745.47   -403.510        -27.715         434646.652      6478535.818     2.50      
1860.00   22.66     266.89    1772.90   -415.629        -28.510         434634.537      6478535.022     2.50      
1890.00   20.22     268.40    1800.82   -426.583        -28.969         434623.586      6478534.564     2.50      
1920.00   17.80     270.30    1829.18   -436.352        -29.090         434613.821      6478534.443     2.50      
1950.00   15.40     272.78    1857.93   -444.917        -28.873         434605.259      6478534.660     2.50      
1980.00   13.04     276.13    1887.01   -452.261        -28.318         434597.917      6478535.215     2.50      
2010.00   10.74     280.92    1916.36   -458.371        -27.427         434591.809      6478536.106     2.50      
2040.00   8.55      288.19    1945.94   -463.235        -26.200         434586.947      6478537.332     2.50      
2070.00   6.59      300.06    1975.68   -466.844        -24.642         434583.339      6478538.890     2.50      
2100.00   5.11      320.12    2005.52   -469.191        -22.754         434580.993      6478540.777     2.50      
2130.00   4.62      349.36    2035.42   -470.271        -20.539         434579.913      6478542.991     2.50      
2160.00   5.39      16.98     2065.31   -470.083        -18.004         434580.102      6478545.526     2.50      
2190.00   7.02      34.78     2095.13   -468.626        -15.151         434581.558      6478548.377     2.50      
2220.00   9.05      45.30     2124.84   -465.904        -11.987         434584.279      6478551.541     2.50      
2250.00   11.27     51.86     2154.37   -461.922        -8.517          434588.260      6478555.009     2.50      
2280.00   13.58     56.24     2183.66   -456.687        -4.748          434593.493      6478558.776     2.50      
2310.00   15.96     59.36     2212.67   -450.209        -0.688          434599.969      6478562.835     2.50      
2340.00   18.36     61.68     2241.34   -442.501        3.656           434607.674      6478567.178     2.50      
2370.00   20.79     63.48     2269.60   -433.577        8.276           434616.595      6478571.796     2.50      
2400.00   23.23     64.91     2297.41   -423.454        13.162          434626.714      6478576.681     2.50      
2430.00   25.68     66.09     2324.72   -412.152        18.307          434638.013      6478581.823     2.50      
2460.00   28.14     67.07     2351.47   -399.692        23.699          434650.468      6478587.213     2.50      
2490.00   30.61     67.91     2377.61   -386.097        29.328          434664.058      6478592.841     2.50      
2520.00   33.08     68.63     2403.09   -371.394        35.185          434678.756      6478598.695     2.50      
2550.00   35.55     69.26     2427.87   -355.611        41.257          434694.534      6478604.765     2.50      
2567.53   37.00     69.60     2442.00   -345.900        44.900          434704.241      6478608.407     2.50      
2577.53   37.00     69.60     2449.99   -340.259        46.998          434709.880      6478610.504     0.00      
2580.00   37.25     69.60     2451.96   -338.862        47.517          434711.277      6478611.024     3.00      
2610.00   40.25     69.60     2475.35   -321.265        54.062          434728.867      6478617.566     3.00      
2640.00   43.25     69.60     2497.73   -302.545        61.024          434747.581      6478624.525     3.00      
2670.00   46.25     69.60     2519.03   -282.752        68.384          434767.367      6478631.884     3.00      
2700.00   49.25     69.60     2539.20   -261.942        76.124          434788.170      6478639.620     3.00      
2730.00   52.25     69.60     2558.19   -240.171        84.220          434809.934      6478647.714     3.00      
2760.00   55.25     69.60     2575.92   -217.498        92.652          434832.598      6478656.143     3.00      
2790.00   58.25     69.60     2592.37   -193.987        101.396         434856.102      6478664.884     3.00      
2820.00   61.25     69.60     2607.48   -169.700        110.428         434880.380      6478673.913     3.00      
2850.00   64.25     69.60     2621.22   -144.706        119.723         434905.365      6478683.205     3.00      
2880.00   67.25     69.60     2633.54   -119.072        129.256         434930.990      6478692.734     3.00      
2910.00   70.25     69.60     2644.42   -92.869         139.001         434957.184      6478702.476     3.00      
2940.00   73.25     69.60     2653.81   -66.169         148.931         434983.875      6478712.402     3.00      
2970.00   76.25     69.60     2661.70   -39.044         159.019         435010.991      6478722.486     3.00      
3000.00   79.25     69.60     2668.07   -11.569         169.237         435038.456      6478732.701     3.00      
3009.43   80.19     69.60     2669.75   -2.872          172.471         435047.149      6478735.934     3.00      
3030.00   80.19     69.60     2673.26   16.125          179.536         435066.141      6478742.997     0.00      
3060.00   80.19     69.60     2678.37   43.833          189.840         435093.838      6478753.297     0.00      
3090.00   80.19     69.60     2683.48   71.540          200.145         435121.536      6478763.598     0.00      
3120.00   80.19     69.60     2688.59   99.247          210.449         435149.234      6478773.899     0.00      
3150.00   80.19     69.60     2693.70   126.955         220.753         435176.931      6478784.199     0.00      
3180.00   80.19     69.60     2698.81   154.662         231.057         435204.629      6478794.500     0.00      
3210.00   80.19     69.60     2703.93   182.369         241.362         435232.327      6478804.801     0.00      
3240.00   80.19     69.60     2709.04   210.077         251.666         435260.024      6478815.101     0.00      
3270.00   80.19     69.60     2714.15   237.784         261.970         435287.722      6478825.402     0.00      
3300.00   80.19     69.60     2719.26   265.491         272.274         435315.420      6478835.703     0.00      
3330.00   80.19     69.60     2724.37   293.199         282.579         435343.117      6478846.003     0.00      
3360.00   80.19     69.60     2729.48   320.906         292.883         435370.815      6478856.304     0.00      
3390.00   80.19     69.60     2734.59   348.613         303.187         435398.513      6478866.605     0.00      
3420.00   80.19     69.60     2739.71   376.321         313.491         435426.210      6478876.905     0.00      
3450.00   80.19     69.60     2744.82   404.028         323.796         435453.908      6478887.206     0.00      
3480.00   80.19     69.60     2749.93   431.735         334.100         435481.606      6478897.507     0.00      
3510.00   80.19     69.60     2755.04   459.442         344.404         435509.303      6478907.807     0.00      
3540.00   80.19     69.60     2760.15   487.150         354.708         435537.001      6478918.108     0.00      
3570.00   80.19     69.60     2765.26   514.857         365.013         435564.699      6478928.409     0.00      
3600.00   80.19     69.60     2770.37   542.564         375.317         435592.396      6478938.709     0.00      
3630.00   80.19     69.60     2775.49   570.272         385.621         435620.094      6478949.010     0.00      
3660.00   80.19     69.60     2780.60   597.979         395.925         435647.792      6478959.311     0.00      
3690.00   80.19     69.60     2785.71   625.686         406.230         435675.489      6478969.611     0.00      
3708.79   80.19     69.60     2788.91   643.041         412.684         435692.838      6478976.063     0.00      
3720.00   79.05     69.60     2790.93   653.375         416.527         435703.169      6478979.905     3.06      
3750.00   75.98     69.61     2797.42   680.827         426.732         435730.610      6478990.107     3.06      
3780.00   72.92     69.62     2805.46   707.915         436.799         435757.689      6479000.170     3.06      
3810.00   69.85     69.63     2815.03   734.563         446.698         435784.328      6479010.065     3.06      
3840.00   66.79     69.63     2826.11   760.695         456.401         435810.451      6479019.765     3.06      
3870.00   63.73     69.64     2838.67   786.235         465.880         435835.982      6479029.241     3.06      
3900.00   60.66     69.65     2852.66   811.111         475.110         435860.849      6479038.467     3.06      
3930.00   57.60     69.66     2868.05   835.251         484.063         435884.981      6479047.417     3.06      
3960.00   54.53     69.66     2884.79   858.587         492.714         435908.309      6479056.065     3.06      
3990.00   51.47     69.67     2902.85   881.052         501.038         435930.766      6479064.387     3.06      
4020.00   48.41     69.68     2922.15   902.580         509.013         435952.287      6479072.358     3.06      
4050.00   45.34     69.69     2942.66   923.112         516.615         435972.811      6479079.958     3.06      
4080.00   42.28     69.69     2964.30   942.587         523.823         435992.279      6479087.163     3.06      
4110.00   39.22     69.70     2987.03   960.950         530.616         436010.636      6479093.955     3.06      
4140.00   36.15     69.71     3010.77   978.149         536.977         436027.829      6479100.313     3.06      
4170.00   33.09     69.72     3035.45   994.133         542.886         436043.808      6479106.220     3.06      
4200.00   30.02     69.72     3061.01   1008.859        548.327         436058.528      6479111.659     3.06      
4230.00   26.96     69.73     3087.38   1022.282        553.285         436071.947      6479116.615     3.06      
4260.00   23.90     69.74     3114.47   1034.365        557.746         436084.026      6479121.075     3.06      
4290.00   20.83     69.75     3142.21   1045.073        561.698         436094.730      6479125.026     3.06      
4320.00   17.77     69.75     3170.52   1054.375        565.130         436104.029      6479128.456     3.06      
4350.00   14.71     69.76     3199.32   1062.245        568.032         436111.896      6479131.357     3.06      
4355.15   14.18     69.76     3204.30   1063.449        568.476         436113.100      6479131.801     3.06      
4380.00   14.18     69.76     3228.40   1069.162        570.582         436118.810      6479133.906     0.00      
4410.00   14.18     69.76     3257.48   1076.057        573.124         436125.703      6479136.448     0.00      
4440.00   14.18     69.76     3286.57   1082.952        575.666         436132.596      6479138.989     0.00      
4470.00   14.18     69.76     3315.65   1089.848        578.208         436139.489      6479141.530     0.00      
4500.00   14.18     69.76     3344.74   1096.743        580.750         436146.382      6479144.071     0.00      
4530.00   14.18     69.76     3373.83   1103.639        583.293         436153.275      6479146.612     0.00      
4550.81   14.18     69.76     3394.00   1108.422        585.056         436158.057      6479148.375     0.00      
