HEADER INFORMATION (all units in Statoil default) 
----------------------------------------------------------------
COMPANY: Statoil Norway
FIELD: SLEIPNER
WELL NAME: Relief well location 3
WELLBORE NAME: F-1 C
Drilled From: Well Ref. Point
Kick Off Depth: 145.90m
Survey Name: F-1 C Relief Well 9 5/8" csg. shoe revp1
Survey Date: 28.11.2013
Extraction Date: 26.03.2018
----------------------------------------------------------------
Calculation Method: Minimum Curvature
Datum Name: WELL(54.90m)
----------------------------------------------------------------
Surface EW: 434552.000m
Surface NS: 6478471.000m
Surface Latitude: 58° 26' 26.5485 N
Surface Longitude: 1° 52' 44.3204 E
Bottom Hole MD: 3018.35m
Bottom Hole TVD: 2880.50m
Bottom Hole EW: 434901.300m
Bottom Hole NS: 6478814.400m
----------------------------------------------------------------
Survey Program:  
H  146 - 3018 F-1 C RELIEF WELL 9 5/8" CSG. SHOE REVP1 : 
----------------------------------------------------------------
Water Depth: 91.00m
KB-WH: 145.90m
KB-MSL: 54.90m
System Datum: Mean Sea Level
----------------------------------------------------------------
Map-Zone: Zone 31N (0 E to 6 E)
North Reference: Grid
Geo Datum: European 1950 - Mean
Vertical Section Direction: 45.49deg
----------------------------------------------------------------
SURVEY LIST
MD        Inc       Azim      TVD       X-Offset (E/W)  Y-Offset (N/S)  UTM E/W         UTM N/S         DLS
m RKB     deg       deg       m RKB     m               m               m               m               deg/30m
145.90    0.00      0.00      145.90    -498.194        -92.555         434552.000      6478471.000     0.00      
150.00    0.00      0.00      150.00    -498.194        -92.555         434552.000      6478471.000     0.00      
180.00    0.00      0.00      180.00    -498.194        -92.555         434552.000      6478471.000     0.00      
210.00    0.00      0.00      210.00    -498.194        -92.555         434552.000      6478471.000     0.00      
240.00    0.00      0.00      240.00    -498.194        -92.555         434552.000      6478471.000     0.00      
270.00    0.00      0.00      270.00    -498.194        -92.555         434552.000      6478471.000     0.00      
300.00    0.00      0.00      300.00    -498.194        -92.555         434552.000      6478471.000     0.00      
330.00    0.00      0.00      330.00    -498.194        -92.555         434552.000      6478471.000     0.00      
360.00    0.00      0.00      360.00    -498.194        -92.555         434552.000      6478471.000     0.00      
390.00    0.00      0.00      390.00    -498.194        -92.555         434552.000      6478471.000     0.00      
420.00    0.00      0.00      420.00    -498.194        -92.555         434552.000      6478471.000     0.00      
450.00    0.00      0.00      450.00    -498.194        -92.555         434552.000      6478471.000     0.00      
480.00    0.00      0.00      480.00    -498.194        -92.555         434552.000      6478471.000     0.00      
510.00    0.00      0.00      510.00    -498.194        -92.555         434552.000      6478471.000     0.00      
540.00    0.00      0.00      540.00    -498.194        -92.555         434552.000      6478471.000     0.00      
570.00    0.00      0.00      570.00    -498.194        -92.555         434552.000      6478471.000     0.00      
600.00    0.00      0.00      600.00    -498.194        -92.555         434552.000      6478471.000     0.00      
630.00    0.00      0.00      630.00    -498.194        -92.555         434552.000      6478471.000     0.00      
645.90    0.00      0.00      645.90    -498.194        -92.555         434552.000      6478471.000     0.00      
660.00    0.71      69.60     660.00    -498.113        -92.525         434552.081      6478471.030     1.50      
690.00    2.21      69.60     689.99    -497.399        -92.259         434552.795      6478471.296     1.50      
720.00    3.71      69.60     719.95    -495.950        -91.720         434554.244      6478471.835     1.50      
744.06    4.91      69.60     743.94    -494.256        -91.090         434555.937      6478472.464     1.50      
750.00    4.91      69.60     749.86    -493.780        -90.913         434556.413      6478472.641     0.00      
780.00    4.91      69.60     779.75    -491.374        -90.018         434558.818      6478473.536     0.00      
810.00    4.91      69.60     809.64    -488.969        -89.124         434561.222      6478474.430     0.00      
840.00    4.91      69.60     839.53    -486.563        -88.229         434563.627      6478475.325     0.00      
870.00    4.91      69.60     869.42    -484.158        -87.334         434566.032      6478476.219     0.00      
900.00    4.91      69.60     899.31    -481.752        -86.439         434568.437      6478477.114     0.00      
930.00    4.91      69.60     929.20    -479.346        -85.544         434570.842      6478478.008     0.00      
960.00    4.91      69.60     959.09    -476.941        -84.650         434573.246      6478478.903     0.00      
990.00    4.91      69.60     988.98    -474.535        -83.755         434575.651      6478479.797     0.00      
1020.00   4.91      69.60     1018.87   -472.129        -82.860         434578.056      6478480.692     0.00      
1050.00   4.91      69.60     1048.76   -469.724        -81.965         434580.461      6478481.586     0.00      
1080.00   4.91      69.60     1078.65   -467.318        -81.070         434582.865      6478482.481     0.00      
1110.00   4.91      69.60     1108.54   -464.913        -80.176         434585.270      6478483.375     0.00      
1140.00   4.91      69.60     1138.43   -462.507        -79.281         434587.675      6478484.270     0.00      
1170.00   4.91      69.60     1168.32   -460.101        -78.386         434590.080      6478485.164     0.00      
1200.00   4.91      69.60     1198.21   -457.696        -77.491         434592.485      6478486.059     0.00      
1230.00   4.91      69.60     1228.10   -455.290        -76.596         434594.889      6478486.953     0.00      
1260.00   4.91      69.60     1257.99   -452.884        -75.702         434597.294      6478487.848     0.00      
1290.00   4.91      69.60     1287.88   -450.479        -74.807         434599.699      6478488.742     0.00      
1320.00   4.91      69.60     1317.77   -448.073        -73.912         434602.104      6478489.637     0.00      
1350.00   4.91      69.60     1347.66   -445.668        -73.017         434604.509      6478490.531     0.00      
1380.00   4.91      69.60     1377.55   -443.262        -72.122         434606.913      6478491.426     0.00      
1410.00   4.91      69.60     1407.44   -440.856        -71.228         434609.318      6478492.320     0.00      
1440.00   4.91      69.60     1437.33   -438.451        -70.333         434611.723      6478493.215     0.00      
1470.00   4.91      69.60     1467.22   -436.045        -69.438         434614.128      6478494.109     0.00      
1500.00   4.91      69.60     1497.11   -433.639        -68.543         434616.532      6478495.004     0.00      
1530.00   4.91      69.60     1527.00   -431.234        -67.648         434618.937      6478495.898     0.00      
1560.00   4.91      69.60     1556.89   -428.828        -66.754         434621.342      6478496.793     0.00      
1590.00   4.91      69.60     1586.78   -426.423        -65.859         434623.747      6478497.687     0.00      
1620.00   4.91      69.60     1616.67   -424.017        -64.964         434626.152      6478498.582     0.00      
1650.00   4.91      69.60     1646.56   -421.611        -64.069         434628.556      6478499.476     0.00      
1680.00   4.91      69.60     1676.45   -419.206        -63.174         434630.961      6478500.371     0.00      
1710.00   4.91      69.60     1706.34   -416.800        -62.280         434633.366      6478501.265     0.00      
1740.00   4.91      69.60     1736.23   -414.394        -61.385         434635.771      6478502.159     0.00      
1770.00   4.91      69.60     1766.12   -411.989        -60.490         434638.176      6478503.054     0.00      
1800.00   4.91      69.60     1796.01   -409.583        -59.595         434640.580      6478503.948     0.00      
1830.00   4.91      69.60     1825.90   -407.178        -58.700         434642.985      6478504.843     0.00      
1860.00   4.91      69.60     1855.79   -404.772        -57.806         434645.390      6478505.737     0.00      
1890.00   4.91      69.60     1885.68   -402.366        -56.911         434647.795      6478506.632     0.00      
1920.00   4.91      69.60     1915.57   -399.961        -56.016         434650.200      6478507.526     0.00      
1950.00   4.91      69.60     1945.46   -397.555        -55.121         434652.604      6478508.421     0.00      
1980.00   4.91      69.60     1975.35   -395.149        -54.226         434655.009      6478509.315     0.00      
2010.00   4.91      69.60     2005.24   -392.744        -53.332         434657.414      6478510.210     0.00      
2040.00   4.91      69.60     2035.13   -390.338        -52.437         434659.819      6478511.104     0.00      
2070.00   4.91      69.60     2065.02   -387.933        -51.542         434662.223      6478511.999     0.00      
2100.00   4.91      69.60     2094.91   -385.527        -50.647         434664.628      6478512.893     0.00      
2130.00   4.91      69.60     2124.80   -383.121        -49.752         434667.033      6478513.788     0.00      
2160.00   4.91      69.60     2154.69   -380.716        -48.858         434669.438      6478514.682     0.00      
2190.00   4.91      69.60     2184.58   -378.310        -47.963         434671.843      6478515.577     0.00      
2220.00   4.91      69.60     2214.47   -375.904        -47.068         434674.247      6478516.471     0.00      
2250.00   4.91      69.60     2244.36   -373.499        -46.173         434676.652      6478517.366     0.00      
2280.00   4.91      69.60     2274.25   -371.093        -45.278         434679.057      6478518.260     0.00      
2293.59   4.91      69.60     2287.79   -370.003        -44.873         434680.146      6478518.665     0.00      
2310.00   6.03      61.28     2304.12   -368.590        -44.214         434681.559      6478519.324     2.50      
2340.00   8.27      52.23     2333.89   -365.504        -42.137         434684.644      6478521.401     2.50      
2370.00   10.62     47.09     2363.48   -361.774        -38.933         434688.373      6478524.604     2.50      
2400.00   13.03     43.81     2392.84   -357.407        -34.609         434692.738      6478528.926     2.50      
2430.00   15.47     41.55     2421.92   -352.412        -29.173         434697.732      6478534.360     2.50      
2460.00   17.92     39.89     2450.65   -346.798        -22.636         434703.344      6478540.894     2.50      
2490.00   20.39     38.62     2478.99   -340.575        -15.011         434709.564      6478548.517     2.50      
2520.00   22.86     37.61     2506.88   -333.756        -6.311          434716.381      6478557.215     2.50      
2550.00   25.34     36.80     2534.26   -326.353        3.447           434723.781      6478566.969     2.50      
2580.00   27.82     36.11     2561.09   -318.381        14.245          434731.751      6478577.763     2.50      
2610.00   30.30     35.54     2587.31   -309.854        26.060          434740.274      6478589.574     2.50      
2642.53   33.00     35.00     2615.00   -300.000        40.000          434750.125      6478603.509     2.50      
2652.53   33.00     35.00     2623.39   -296.876        44.461          434753.248      6478607.969     0.00      
2670.00   33.47     37.75     2638.00   -291.200        52.166          434758.923      6478615.671     2.71      
2701.59   34.46     42.53     2664.20   -279.824        65.642          434770.294      6478629.142     2.71      
2718.55   34.46     42.53     2678.19   -273.336        72.715          434776.781      6478636.213     0.00      
2730.00   35.40     41.79     2687.57   -268.937        77.574          434781.178      6478641.070     2.71      
2760.00   37.89     40.02     2711.64   -257.219        91.111          434792.891      6478654.603     2.71      
2790.00   40.41     38.43     2734.90   -245.250        105.787         434804.856      6478669.273     2.71      
2820.00   42.94     36.99     2757.31   -233.056        121.569         434817.046      6478685.050     2.71      
2850.00   45.49     35.69     2778.81   -220.664        138.422         434829.434      6478701.897     2.71      
2880.00   48.06     34.50     2799.36   -208.101        156.308         434841.992      6478719.777     2.71      
2910.00   50.63     33.40     2818.90   -195.397        175.187         434854.692      6478738.649     2.71      
2940.00   53.21     32.38     2837.40   -182.578        195.018         434867.506      6478758.473     2.71      
2970.00   55.81     31.42     2854.82   -169.674        215.755         434880.406      6478779.203     2.71      
3000.00   58.41     30.52     2871.11   -156.714        237.353         434893.362      6478800.793     2.71      
3018.35   60.00     30.00     2880.50   -148.773        250.964         434901.300      6478814.400     2.71      
