HEADER INFORMATION (all units in Statoil default) 
----------------------------------------------------------------
COMPANY: Statoil Norway
FIELD: SLEIPNER
WELL NAME: F-8
WELLBORE NAME: F-8 A
Drilled From: F-8
Kick Off Depth: 1350.00m
Survey Name: F-8 A IOR Fallback AMAP 200110 ks
Survey Date: 20.01.2010
Extraction Date: 03.04.2018
----------------------------------------------------------------
Calculation Method: Minimum Curvature
Datum Name: Rotary Table(54.90m)
----------------------------------------------------------------
Surface EW: 435050.021m
Surface NS: 6478563.523m
Surface Latitude: 58° 26' 29.8068 N
Surface Longitude: 1° 53' 14.9285 E
Bottom Hole MD: 3436.43m
Bottom Hole TVD: 2958.55m
Bottom Hole EW: 435491.774m
Bottom Hole NS: 6478541.022m
----------------------------------------------------------------
Survey Program:  
H  146 - 255 F8 NORTH PRODUCER AMAP 200110 KS : NOTUSE_WELLBORE SURVEYOR, CONT
H  255 - 1350 F8 NORTH PRODUCER AMAP 200110 KS : MAGNETIC, STD, NON-MAG
H  1350 - 3436 F-8 A IOR FALLBACK AMAP 200110 KS : MAGNETIC, IFR, MAG-CORR
----------------------------------------------------------------
Water Depth: 91.00m
KB-WH: 145.90m
KB-MSL: 54.90m
System Datum: Mean Sea Level
----------------------------------------------------------------
Map-Zone: Zone 31N (0 E to 6 E)
North Reference: Grid
Geo Datum: European 1950 - Mean
Vertical Section Direction: 92.92deg
----------------------------------------------------------------
SURVEY LIST
MD        Inc       Azim      TVD       X-Offset (E/W)  Y-Offset (N/S)  UTM E/W         UTM N/S         DLS
m RKB     deg       deg       m RKB     m               m               m               m               deg/30m
145.90    0.00      0.00      145.90    0.000           0.000           435050.021      6478563.523     0.00      
150.90    0.00      360.00    150.90    0.000           0.000           435050.021      6478563.523     0.00      
180.90    0.00      360.00    180.90    0.000           0.000           435050.021      6478563.523     0.00      
210.90    0.00      360.00    210.90    0.000           0.000           435050.021      6478563.523     0.00      
240.90    0.00      360.00    240.90    0.000           0.000           435050.021      6478563.523     0.00      
254.90    0.00      360.00    254.90    0.000           0.000           435050.021      6478563.523     0.00      
270.90    0.00      360.00    270.90    0.000           0.000           435050.021      6478563.523     0.00      
300.90    0.00      360.00    300.90    0.000           0.000           435050.021      6478563.523     0.00      
330.90    0.00      360.00    330.90    0.000           0.000           435050.021      6478563.523     0.00      
360.90    0.00      360.00    360.90    0.000           0.000           435050.021      6478563.523     0.00      
390.90    0.00      360.00    390.90    0.000           0.000           435050.021      6478563.523     0.00      
420.90    0.00      360.00    420.90    0.000           0.000           435050.021      6478563.523     0.00      
450.90    0.00      360.00    450.90    0.000           0.000           435050.021      6478563.523     0.00      
480.90    0.00      360.00    480.90    0.000           0.000           435050.021      6478563.523     0.00      
510.90    0.00      360.00    510.90    0.000           0.000           435050.021      6478563.523     0.00      
540.90    0.00      360.00    540.90    0.000           0.000           435050.021      6478563.523     0.00      
570.90    0.00      360.00    570.90    0.000           0.000           435050.021      6478563.523     0.00      
600.90    0.00      360.00    600.90    0.000           0.000           435050.021      6478563.523     0.00      
630.90    0.00      360.00    630.90    0.000           0.000           435050.021      6478563.523     0.00      
660.90    0.00      360.00    660.90    0.000           0.000           435050.021      6478563.523     0.00      
690.90    0.00      360.00    690.90    0.000           0.000           435050.021      6478563.523     0.00      
720.90    0.00      360.00    720.90    0.000           0.000           435050.021      6478563.523     0.00      
750.90    0.00      360.00    750.90    0.000           0.000           435050.021      6478563.523     0.00      
780.90    0.00      360.00    780.90    0.000           0.000           435050.021      6478563.523     0.00      
810.90    0.00      360.00    810.90    0.000           0.000           435050.021      6478563.523     0.00      
840.90    0.00      360.00    840.90    0.000           0.000           435050.021      6478563.523     0.00      
870.90    0.00      360.00    870.90    0.000           0.000           435050.021      6478563.523     0.00      
900.90    0.00      360.00    900.90    0.000           0.000           435050.021      6478563.523     0.00      
930.90    0.00      360.00    930.90    0.000           0.000           435050.021      6478563.523     0.00      
960.90    0.00      360.00    960.90    0.000           0.000           435050.021      6478563.523     0.00      
990.90    0.00      360.00    990.90    0.000           0.000           435050.021      6478563.523     0.00      
1020.90   0.00      360.00    1020.90   0.000           0.000           435050.021      6478563.523     0.00      
1050.90   0.00      360.00    1050.90   0.000           0.000           435050.021      6478563.523     0.00      
1080.90   0.00      360.00    1080.90   0.000           0.000           435050.021      6478563.523     0.00      
1110.90   0.00      360.00    1110.90   0.000           0.000           435050.021      6478563.523     0.00      
1140.90   0.00      360.00    1140.90   0.000           0.000           435050.021      6478563.523     0.00      
1170.90   0.00      360.00    1170.90   0.000           0.000           435050.021      6478563.523     0.00      
1200.90   0.00      360.00    1200.90   0.000           0.000           435050.021      6478563.523     0.00      
1230.90   0.00      360.00    1230.90   0.000           0.000           435050.021      6478563.523     0.00      
1260.90   0.00      360.00    1260.90   0.000           0.000           435050.021      6478563.523     0.00      
1290.90   0.00      360.00    1290.90   0.000           0.000           435050.021      6478563.523     0.00      
1320.90   0.00      360.00    1320.90   0.000           0.000           435050.021      6478563.523     0.00      
1350.00   0.00      360.00    1350.00   0.000           0.000           435050.021      6478563.523     0.00      
1380.00   2.98      311.23    1379.99   -0.586          0.514           435049.435      6478564.037     2.98      
1410.00   5.96      311.23    1409.89   -2.343          2.053           435047.679      6478565.576     2.98      
1440.00   8.93      311.23    1439.64   -5.266          4.615           435044.757      6478568.136     2.98      
1470.00   11.91     311.23    1469.14   -9.347          8.191           435040.677      6478571.712     2.98      
1500.00   14.89     311.23    1498.32   -14.575         12.773          435035.451      6478576.292     2.98      
1530.00   17.87     311.23    1527.10   -20.936         18.348          435029.093      6478581.864     2.98      
1556.46   20.49     311.23    1552.09   -27.474         24.078          435022.557      6478587.592     2.98      
1560.00   20.49     311.23    1555.40   -28.405         24.894          435021.626      6478588.408     0.00      
1590.00   20.49     311.23    1583.50   -36.303         31.816          435013.730      6478595.328     0.00      
1620.00   20.49     311.23    1611.60   -44.202         38.738          435005.834      6478602.248     0.00      
1650.00   20.49     311.23    1639.71   -52.101         45.661          434997.938      6478609.168     0.00      
1680.00   20.49     311.23    1667.81   -60.000         52.583          434990.042      6478616.088     0.00      
1710.00   20.49     311.23    1695.91   -67.898         59.506          434982.146      6478623.008     0.00      
1740.00   20.49     311.23    1724.01   -75.797         66.428          434974.250      6478629.928     0.00      
1770.00   20.49     311.23    1752.11   -83.696         73.351          434966.354      6478636.848     0.00      
1800.00   20.49     311.23    1780.21   -91.595         80.273          434958.458      6478643.768     0.00      
1830.00   20.49     311.23    1808.31   -99.494         87.195          434950.562      6478650.688     0.00      
1860.00   20.49     311.23    1836.42   -107.392        94.118          434942.666      6478657.608     0.00      
1890.00   20.49     311.23    1864.52   -115.291        101.040         434934.770      6478664.528     0.00      
1920.00   20.49     311.23    1892.62   -123.190        107.963         434926.874      6478671.448     0.00      
1950.00   20.49     311.23    1920.72   -131.089        114.885         434918.978      6478678.368     0.00      
1980.00   20.49     311.23    1948.82   -138.987        121.808         434911.082      6478685.288     0.00      
2010.00   20.49     311.23    1976.92   -146.886        128.730         434903.186      6478692.208     0.00      
2040.00   20.49     311.23    2005.02   -154.785        135.652         434895.290      6478699.128     0.00      
2070.00   20.49     311.23    2033.13   -162.684        142.575         434887.394      6478706.048     0.00      
2100.00   20.49     311.23    2061.23   -170.583        149.497         434879.498      6478712.968     0.00      
2130.00   20.49     311.23    2089.33   -178.481        156.420         434871.602      6478719.888     0.00      
2160.00   20.49     311.23    2117.43   -186.380        163.342         434863.706      6478726.808     0.00      
2190.00   20.49     311.23    2145.53   -194.279        170.265         434855.810      6478733.728     0.00      
2220.00   20.49     311.23    2173.63   -202.178        177.187         434847.914      6478740.648     0.00      
2228.17   20.49     311.23    2181.29   -204.329        179.073         434845.763      6478742.533     0.00      
2250.00   18.33     313.47    2201.87   -209.694        183.952         434840.400      6478747.411     3.15      
2280.00   15.40     317.51    2230.58   -215.809        190.136         434834.287      6478753.593     3.15      
2310.00   12.58     323.36    2259.69   -220.451        195.697         434829.646      6478759.152     3.15      
2340.00   9.96      332.36    2289.11   -223.606        200.620         434826.493      6478764.073     3.15      
2370.00   7.74      347.02    2318.76   -225.264        204.889         434824.835      6478768.340     3.15      
2400.00   6.35      10.32     2348.54   -225.421        208.491         434824.678      6478771.941     3.15      
2430.00   6.37      39.06     2378.36   -224.076        211.415         434826.023      6478774.865     3.15      
2460.00   7.77      62.20     2408.14   -221.232        213.653         434828.866      6478777.102     3.15      
2490.00   10.01     76.73     2437.78   -216.899        215.199         434833.197      6478778.647     3.15      
2520.00   12.63     85.65     2467.19   -211.090        216.046         434839.005      6478779.494     3.15      
2550.00   15.45     91.46     2496.29   -203.822        216.193         434846.270      6478779.640     3.15      
2580.00   18.38     95.48     2524.99   -195.117        215.639         434854.972      6478779.087     3.15      
2610.00   21.36     98.43     2553.21   -185.001        214.386         434865.084      6478777.834     3.15      
2640.00   24.39     100.67    2580.84   -173.505        212.437         434876.576      6478775.886     3.15      
2670.00   27.44     102.45    2607.82   -160.664        209.800         434889.413      6478773.250     3.15      
2700.00   30.51     103.89    2634.06   -146.517        206.480         434903.555      6478769.931     3.15      
2730.00   33.60     105.09    2659.49   -131.105        202.489         434918.961      6478765.942     3.15      
2760.00   36.69     106.11    2684.02   -114.477        197.839         434935.584      6478761.293     3.15      
2790.00   39.79     107.00    2707.58   -96.681         192.544         434953.374      6478756.000     3.15      
2820.00   42.90     107.77    2730.09   -77.772         186.619         434972.276      6478750.077     3.15      
2850.00   46.01     108.46    2751.51   -57.807         180.082         434992.234      6478743.542     3.15      
2880.00   49.13     109.08    2771.74   -36.846         172.954         435013.188      6478736.417     3.15      
2910.00   52.25     109.65    2790.75   -14.952         165.256         435035.074      6478728.721     3.15      
2940.00   55.37     110.17    2808.46   7.808           157.010         435057.827      6478720.478     3.15      
2970.00   58.49     110.65    2824.83   31.366          148.243         435081.376      6478711.714     3.15      
3000.00   61.62     111.10    2839.80   55.651          138.980         435105.652      6478702.454     3.15      
3030.00   64.74     111.52    2853.34   80.589          129.249         435130.582      6478692.727     3.15      
3060.00   67.87     111.93    2865.39   106.105         119.080         435156.089      6478682.562     3.15      
3090.00   71.00     112.31    2875.93   132.121         108.504         435182.096      6478671.989     3.15      
3120.00   74.13     112.69    2884.92   158.560         97.552          435208.526      6478661.041     3.15      
3144.09   76.64     112.98    2891.00   180.042         88.508          435230.000      6478652.000     3.15      
3144.62   76.64     112.98    2891.12   180.516         88.307          435230.474      6478651.799     0.01      
3150.00   76.64     112.98    2892.37   185.336         86.263          435235.293      6478649.756     0.00      
3180.00   76.64     112.98    2899.30   212.209         74.870          435262.156      6478638.367     0.00      
3210.00   76.64     112.98    2906.23   239.082         63.477          435289.019      6478626.978     0.00      
3240.00   76.64     112.98    2913.16   265.954         52.084          435315.883      6478615.589     0.00      
3270.00   76.64     112.98    2920.10   292.827         40.691          435342.746      6478604.200     0.00      
3300.00   76.64     112.98    2927.03   319.699         29.298          435369.609      6478592.810     0.00      
3330.00   76.64     112.98    2933.96   346.572         17.905          435396.472      6478581.421     0.00      
3360.00   76.64     112.98    2940.89   373.445         6.511           435423.336      6478570.032     0.00      
3370.42   76.64     112.98    2943.30   382.781         2.553           435432.669      6478566.075     0.00      
3386.43   76.64     112.97    2947.00   397.117         -3.524          435447.000      6478560.000     0.01      
3390.00   76.64     112.97    2947.83   400.318         -4.881          435450.199      6478558.644     0.00      
3420.00   76.64     112.97    2954.76   427.192         -16.271         435477.064      6478547.257     0.00      
3436.43   76.64     112.97    2958.55   441.907         -22.509         435491.774      6478541.022     0.00      
