HEADER INFORMATION (all units in Statoil default) 
----------------------------------------------------------------
COMPANY: Statoil Norway
FIELD: SLEIPNER
WELL NAME: F-11
WELLBORE NAME: Relief well 1352m South
Drilled From: Relief well 508m West
Kick Off Depth: 145.90m
Survey Name: Relief well F-11 N Pilot 1352m South 14" csg shoe
Survey Date: 13.11.2012
Extraction Date: 03.04.2018
----------------------------------------------------------------
Calculation Method: Minimum Curvature
Datum Name: MI(54.90m)
----------------------------------------------------------------
Surface EW: 435049.095m
Surface NS: 6478568.172m
Surface Latitude: 58° 26' 29.9566 N
Surface Longitude: 1° 53' 14.8667 E
Bottom Hole MD: 3053.68m
Bottom Hole TVD: 2442.00m
Bottom Hole EW: 434704.240m
Bottom Hole NS: 6478608.405m
----------------------------------------------------------------
Survey Program:  
H  146 - 3054 RELIEF WELL F-11 N PILOT 1352M SOUTH 14" CSG SHOE : 
----------------------------------------------------------------
Water Depth: 91.00m
KB-WH: 145.90m
KB-MSL: 54.90m
System Datum: Mean Sea Level
----------------------------------------------------------------
Map-Zone: Zone 31N (0 E to 6 E)
North Reference: Grid
Geo Datum: European 1950 - Mean
Vertical Section Direction: 276.65deg
----------------------------------------------------------------
SURVEY LIST
MD        Inc       Azim      TVD       X-Offset (E/W)  Y-Offset (N/S)  UTM E/W         UTM N/S         DLS
m RKB     deg       deg       m RKB     m               m               m               m               deg/30m
145.90    0.00      0.00      145.90    -20.030         -1343.930       435029.998      6477220.061     0.00      
150.00    0.00      360.00    150.00    -20.030         -1343.930       435029.998      6477220.061     0.00      
180.00    0.00      360.00    180.00    -20.030         -1343.930       435029.998      6477220.061     0.00      
210.00    0.00      360.00    210.00    -20.030         -1343.930       435029.998      6477220.061     0.00      
240.00    0.00      360.00    240.00    -20.030         -1343.930       435029.998      6477220.061     0.00      
270.00    0.00      360.00    270.00    -20.030         -1343.930       435029.998      6477220.061     0.00      
300.00    0.00      360.00    300.00    -20.030         -1343.930       435029.998      6477220.061     0.00      
330.00    0.00      360.00    330.00    -20.030         -1343.930       435029.998      6477220.061     0.00      
360.00    0.00      360.00    360.00    -20.030         -1343.930       435029.998      6477220.061     0.00      
390.00    0.00      360.00    390.00    -20.030         -1343.930       435029.998      6477220.061     0.00      
420.00    0.00      360.00    420.00    -20.030         -1343.930       435029.998      6477220.061     0.00      
450.00    0.00      360.00    450.00    -20.030         -1343.930       435029.998      6477220.061     0.00      
480.00    0.00      360.00    480.00    -20.030         -1343.930       435029.998      6477220.061     0.00      
510.00    0.00      360.00    510.00    -20.030         -1343.930       435029.998      6477220.061     0.00      
540.00    0.00      360.00    540.00    -20.030         -1343.930       435029.998      6477220.061     0.00      
545.90    0.00      360.00    545.90    -20.030         -1343.930       435029.998      6477220.061     0.00      
570.00    2.01      338.71    570.00    -20.183         -1343.536       435029.845      6477220.454     2.50      
600.00    4.51      338.71    599.94    -20.802         -1341.948       435029.226      6477222.043     2.50      
630.00    7.01      338.71    629.79    -21.895         -1339.144       435028.133      6477224.846     2.50      
660.00    9.51      338.71    659.48    -23.460         -1335.129       435026.569      6477228.859     2.50      
690.00    12.01     338.71    688.95    -25.493         -1329.912       435024.536      6477234.075     2.50      
720.00    14.51     338.71    718.15    -27.992         -1323.502       435022.039      6477240.482     2.50      
750.00    17.01     338.71    747.02    -30.950         -1315.911       435019.082      6477248.070     2.50      
780.00    19.51     338.71    775.50    -34.363         -1307.154       435015.670      6477256.824     2.50      
810.00    22.01     338.71    803.55    -38.224         -1297.248       435011.811      6477266.727     2.50      
840.00    24.51     338.71    831.11    -42.525         -1286.211       435007.511      6477277.760     2.50      
870.00    27.01     338.71    858.13    -47.259         -1274.065       435002.779      6477289.902     2.50      
900.00    29.51     338.71    884.55    -52.416         -1260.832       434997.623      6477303.130     2.50      
930.00    32.01     338.71    910.33    -57.987         -1246.538       434992.054      6477317.419     2.50      
960.00    34.51     338.71    935.41    -63.961         -1231.210       434986.082      6477332.742     2.50      
990.00    37.01     338.71    959.76    -70.326         -1214.877       434979.719      6477349.070     2.50      
1020.00   39.51     338.71    983.31    -77.071         -1197.570       434972.976      6477366.370     2.50      
1050.00   42.01     338.71    1006.03   -84.183         -1179.322       434965.867      6477384.612     2.50      
1080.00   44.51     338.71    1027.88   -91.648         -1160.168       434958.405      6477403.759     2.50      
1110.00   47.01     338.71    1048.81   -99.452         -1140.145       434950.604      6477423.775     2.50      
1140.00   49.51     338.71    1068.78   -107.580        -1119.290       434942.479      6477444.623     2.50      
1145.44   49.96     338.71    1072.30   -109.086        -1115.425       434940.973      6477448.487     2.50      
1170.00   49.96     338.71    1088.10   -115.915        -1097.902       434934.146      6477466.003     0.00      
1200.00   49.96     338.71    1107.40   -124.255        -1076.502       434925.809      6477487.396     0.00      
1230.00   49.96     338.71    1126.70   -132.596        -1055.101       434917.471      6477508.789     0.00      
1260.00   49.96     338.71    1145.99   -140.936        -1033.701       434909.134      6477530.182     0.00      
1290.00   49.96     338.71    1165.29   -149.277        -1012.300       434900.796      6477551.575     0.00      
1320.00   49.96     338.71    1184.59   -157.617        -990.900        434892.459      6477572.968     0.00      
1350.00   49.96     338.71    1203.89   -165.958        -969.499        434884.121      6477594.361     0.00      
1380.00   49.96     338.71    1223.19   -174.298        -948.099        434875.783      6477615.754     0.00      
1410.00   49.96     338.71    1242.49   -182.639        -926.698        434867.446      6477637.147     0.00      
1440.00   49.96     338.71    1261.79   -190.979        -905.298        434859.108      6477658.540     0.00      
1470.00   49.96     338.71    1281.09   -199.320        -883.897        434850.771      6477679.933     0.00      
1500.00   49.96     338.71    1300.39   -207.660        -862.497        434842.433      6477701.326     0.00      
1530.00   49.96     338.71    1319.69   -216.000        -841.096        434834.096      6477722.720     0.00      
1560.00   49.96     338.71    1338.99   -224.341        -819.696        434825.758      6477744.113     0.00      
1590.00   49.96     338.71    1358.28   -232.681        -798.295        434817.421      6477765.506     0.00      
1620.00   49.96     338.71    1377.58   -241.022        -776.895        434809.083      6477786.899     0.00      
1650.00   49.96     338.71    1396.88   -249.362        -755.495        434800.745      6477808.292     0.00      
1680.00   49.96     338.71    1416.18   -257.703        -734.094        434792.408      6477829.685     0.00      
1710.00   49.96     338.71    1435.48   -266.043        -712.694        434784.070      6477851.078     0.00      
1740.00   49.96     338.71    1454.78   -274.384        -691.293        434775.733      6477872.471     0.00      
1770.00   49.96     338.71    1474.08   -282.724        -669.893        434767.395      6477893.864     0.00      
1800.00   49.96     338.71    1493.38   -291.065        -648.492        434759.058      6477915.257     0.00      
1830.00   49.96     338.71    1512.68   -299.405        -627.092        434750.720      6477936.650     0.00      
1860.00   49.96     338.71    1531.98   -307.746        -605.691        434742.383      6477958.043     0.00      
1890.00   49.96     338.71    1551.28   -316.086        -584.291        434734.045      6477979.436     0.00      
1920.00   49.96     338.71    1570.58   -324.426        -562.890        434725.707      6478000.829     0.00      
1950.00   49.96     338.71    1589.87   -332.767        -541.490        434717.370      6478022.222     0.00      
1980.00   49.96     338.71    1609.17   -341.107        -520.089        434709.032      6478043.615     0.00      
2010.00   49.96     338.71    1628.47   -349.448        -498.689        434700.695      6478065.008     0.00      
2040.00   49.96     338.71    1647.77   -357.788        -477.288        434692.357      6478086.401     0.00      
2070.00   49.96     338.71    1667.07   -366.129        -455.888        434684.020      6478107.794     0.00      
2100.00   49.96     338.71    1686.37   -374.469        -434.487        434675.682      6478129.187     0.00      
2130.00   49.96     338.71    1705.67   -382.810        -413.087        434667.345      6478150.580     0.00      
2160.00   49.96     338.71    1724.97   -391.150        -391.686        434659.007      6478171.973     0.00      
2190.00   49.96     338.71    1744.27   -399.491        -370.286        434650.669      6478193.366     0.00      
2220.00   49.96     338.71    1763.57   -407.831        -348.885        434642.332      6478214.759     0.00      
2250.00   49.96     338.71    1782.87   -416.171        -327.485        434633.994      6478236.152     0.00      
2280.00   49.96     338.71    1802.16   -424.512        -306.084        434625.657      6478257.545     0.00      
2310.00   49.96     338.71    1821.46   -432.852        -284.684        434617.319      6478278.938     0.00      
2340.00   49.96     338.71    1840.76   -441.193        -263.283        434608.982      6478300.331     0.00      
2345.90   49.96     338.71    1844.56   -442.832        -259.078        434607.343      6478304.535     0.00      
2370.00   47.87     340.29    1860.40   -449.198        -242.064        434600.979      6478321.543     3.00      
2400.00   45.29     342.41    1881.02   -456.173        -221.425        434594.007      6478342.175     3.00      
2430.00   42.76     344.73    1902.59   -462.079        -201.435        434588.103      6478362.158     3.00      
2460.00   40.28     347.27    1925.05   -466.899        -182.147        434583.284      6478381.439     3.00      
2490.00   37.86     350.09    1948.34   -470.621        -163.615        434579.563      6478399.965     3.00      
2520.00   35.52     353.22    1972.40   -473.235        -145.889        434576.951      6478417.685     3.00      
2550.00   33.26     356.73    1997.16   -474.732        -129.019        434575.454      6478434.549     3.00      
2580.00   31.12     0.68      2022.55   -475.109        -113.049        434575.077      6478450.513     3.00      
2610.00   29.11     5.12      2048.50   -474.366        -98.025         434575.820      6478465.532     3.00      
2640.00   27.27     10.14     2074.94   -472.503        -83.987         434577.683      6478479.566     3.00      
2670.00   25.63     15.79     2101.80   -469.526        -70.973         434580.658      6478492.574     3.00      
2700.00   24.24     22.09     2129.01   -465.444        -59.020         434584.739      6478504.523     3.00      
2730.00   23.13     29.04     2156.49   -460.267        -48.160         434589.914      6478515.379     3.00      
2760.00   22.35     36.54     2184.16   -454.010        -38.423         434596.170      6478525.113     3.00      
2790.00   21.94     44.43     2211.96   -446.689        -29.836         434603.488      6478533.697     3.00      
2820.00   21.91     52.47     2239.79   -438.325        -22.422         434611.848      6478541.109     3.00      
2831.01   22.00     55.40     2250.00   -435.000        -20.000         434615.172      6478543.530     3.00      
2850.00   22.00     55.40     2267.61   -429.143        -15.959         434621.027      6478547.569     0.00      
2869.01   22.00     55.40     2285.23   -423.283        -11.917         434626.886      6478551.610     0.00      
2880.00   23.13     55.13     2295.39   -419.816        -9.513          434630.351      6478554.014     3.09      
2910.00   26.21     54.51     2322.65   -409.586        -2.297          434640.578      6478561.227     3.09      
2940.00   29.29     54.01     2349.19   -398.251        5.862           434651.908      6478569.383     3.09      
2970.00   32.37     53.60     2374.95   -385.846        14.942          434664.309      6478578.460     3.09      
3000.00   35.46     53.26     2399.84   -372.406        24.915          434677.744      6478588.430     3.09      
3030.00   38.54     52.96     2423.80   -357.971        35.754          434692.175      6478599.264     3.09      
3053.68   40.98     52.75     2442.00   -345.902        44.897          434704.240      6478608.405     3.09      
