HEADER INFORMATION (all units in Statoil default) 
----------------------------------------------------------------
COMPANY: Statoil Norway
FIELD: SLEIPNER
WELL NAME: F-11
WELLBORE NAME: Relief well 1352m South
Drilled From: Relief well 508m West
Kick Off Depth: 145.90m
Survey Name: Relief well F-11 B IOR 1352m South 9 5/8" csg shoe
Survey Date: 13.11.2012
Extraction Date: 03.04.2018
----------------------------------------------------------------
Calculation Method: Minimum Curvature
Datum Name: MI(54.90m)
----------------------------------------------------------------
Surface EW: 435049.095m
Surface NS: 6478568.172m
Surface Latitude: 58° 26' 29.9566 N
Surface Longitude: 1° 53' 14.8667 E
Bottom Hole MD: 3529.38m
Bottom Hole TVD: 2722.70m
Bottom Hole EW: 435095.000m
Bottom Hole NS: 6478689.582m
----------------------------------------------------------------
Survey Program:  
H  146 - 3529 RELIEF WELL F-11 B IOR 1352M SOUTH 9 5/8" CSG SHOE : 
----------------------------------------------------------------
Water Depth: 91.00m
KB-WH: 145.90m
KB-MSL: 54.90m
System Datum: Mean Sea Level
----------------------------------------------------------------
Map-Zone: Zone 31N (0 E to 6 E)
North Reference: Grid
Geo Datum: European 1950 - Mean
Vertical Section Direction: 20.71deg
----------------------------------------------------------------
SURVEY LIST
MD        Inc       Azim      TVD       X-Offset (E/W)  Y-Offset (N/S)  UTM E/W         UTM N/S         DLS
m RKB     deg       deg       m RKB     m               m               m               m               deg/30m
145.90    0.00      0.00      145.90    -20.030         -1343.990       435029.998      6477220.001     0.00      
150.00    0.00      360.00    150.00    -20.030         -1343.990       435029.998      6477220.001     0.00      
180.00    0.00      360.00    180.00    -20.030         -1343.990       435029.998      6477220.001     0.00      
210.00    0.00      360.00    210.00    -20.030         -1343.990       435029.998      6477220.001     0.00      
240.00    0.00      360.00    240.00    -20.030         -1343.990       435029.998      6477220.001     0.00      
270.00    0.00      360.00    270.00    -20.030         -1343.990       435029.998      6477220.001     0.00      
300.00    0.00      360.00    300.00    -20.030         -1343.990       435029.998      6477220.001     0.00      
330.00    0.00      360.00    330.00    -20.030         -1343.990       435029.998      6477220.001     0.00      
360.00    0.00      360.00    360.00    -20.030         -1343.990       435029.998      6477220.001     0.00      
390.00    0.00      360.00    390.00    -20.030         -1343.990       435029.998      6477220.001     0.00      
420.00    0.00      360.00    420.00    -20.030         -1343.990       435029.998      6477220.001     0.00      
450.00    0.00      360.00    450.00    -20.030         -1343.990       435029.998      6477220.001     0.00      
480.00    0.00      360.00    480.00    -20.030         -1343.990       435029.998      6477220.001     0.00      
510.00    0.00      360.00    510.00    -20.030         -1343.990       435029.998      6477220.001     0.00      
540.00    0.00      360.00    540.00    -20.030         -1343.990       435029.998      6477220.001     0.00      
545.90    0.00      360.00    545.90    -20.030         -1343.990       435029.998      6477220.001     0.00      
570.00    2.01      335.83    570.00    -20.203         -1343.605       435029.825      6477220.386     2.50      
600.00    4.51      335.83    599.94    -20.901         -1342.049       435029.127      6477221.941     2.50      
630.00    7.01      335.83    629.79    -22.134         -1339.303       435027.895      6477224.686     2.50      
660.00    9.51      335.83    659.48    -23.898         -1335.373       435026.131      6477228.616     2.50      
690.00    12.01     335.83    688.95    -26.191         -1330.264       435023.839      6477233.722     2.50      
720.00    14.51     335.83    718.15    -29.009         -1323.988       435021.022      6477239.996     2.50      
750.00    17.01     335.83    747.02    -32.345         -1316.555       435017.687      6477247.426     2.50      
780.00    19.51     335.83    775.50    -36.194         -1307.981       435013.840      6477255.997     2.50      
810.00    22.01     335.83    803.55    -40.548         -1298.282       435009.487      6477265.693     2.50      
840.00    24.51     335.83    831.11    -45.399         -1287.475       435004.638      6477276.496     2.50      
870.00    27.01     335.83    858.13    -50.737         -1275.582       434999.301      6477288.385     2.50      
900.00    29.51     335.83    884.55    -56.553         -1262.625       434993.487      6477301.337     2.50      
930.00    32.01     335.83    910.33    -62.836         -1248.630       434987.207      6477315.328     2.50      
960.00    34.51     335.83    935.41    -69.573         -1233.621       434980.472      6477330.332     2.50      
990.00    37.01     335.83    959.76    -76.752         -1217.629       434973.296      6477346.318     2.50      
1020.00   39.51     335.83    983.31    -84.359         -1200.683       434965.692      6477363.258     2.50      
1050.00   42.01     335.83    1006.03   -92.379         -1182.816       434957.674      6477381.119     2.50      
1067.00   43.43     335.83    1018.53   -97.102         -1172.294       434952.953      6477391.637     2.50      
1080.00   43.43     335.83    1027.97   -100.761        -1164.143       434949.295      6477399.786     0.00      
1110.00   43.43     335.83    1049.75   -109.206        -1145.329       434940.853      6477418.593     0.00      
1140.00   43.43     335.83    1071.54   -117.651        -1126.515       434932.410      6477437.400     0.00      
1170.00   43.43     335.83    1093.33   -126.097        -1107.702       434923.968      6477456.207     0.00      
1200.00   43.43     335.83    1115.12   -134.542        -1088.888       434915.526      6477475.014     0.00      
1230.00   43.43     335.83    1136.91   -142.987        -1070.074       434907.084      6477493.821     0.00      
1260.00   43.43     335.83    1158.70   -151.432        -1051.261       434898.641      6477512.628     0.00      
1290.00   43.43     335.83    1180.48   -159.877        -1032.447       434890.199      6477531.435     0.00      
1320.00   43.43     335.83    1202.27   -168.323        -1013.634       434881.757      6477550.243     0.00      
1350.00   43.43     335.83    1224.06   -176.768        -994.820        434873.315      6477569.050     0.00      
1380.00   43.43     335.83    1245.85   -185.213        -976.006        434864.872      6477587.857     0.00      
1410.00   43.43     335.83    1267.64   -193.658        -957.193        434856.430      6477606.664     0.00      
1440.00   43.43     335.83    1289.42   -202.103        -938.379        434847.988      6477625.471     0.00      
1470.00   43.43     335.83    1311.21   -210.549        -919.565        434839.546      6477644.278     0.00      
1500.00   43.43     335.83    1333.00   -218.994        -900.752        434831.103      6477663.085     0.00      
1530.00   43.43     335.83    1354.79   -227.439        -881.938        434822.661      6477681.892     0.00      
1560.00   43.43     335.83    1376.58   -235.884        -863.124        434814.219      6477700.699     0.00      
1590.00   43.43     335.83    1398.37   -244.329        -844.311        434805.777      6477719.506     0.00      
1620.00   43.43     335.83    1420.15   -252.775        -825.497        434797.334      6477738.313     0.00      
1650.00   43.43     335.83    1441.94   -261.220        -806.683        434788.892      6477757.121     0.00      
1680.00   43.43     335.83    1463.73   -269.665        -787.870        434780.450      6477775.928     0.00      
1710.00   43.43     335.83    1485.52   -278.110        -769.056        434772.008      6477794.735     0.00      
1740.00   43.43     335.83    1507.31   -286.555        -750.242        434763.565      6477813.542     0.00      
1770.00   43.43     335.83    1529.09   -295.001        -731.429        434755.123      6477832.349     0.00      
1800.00   43.43     335.83    1550.88   -303.446        -712.615        434746.681      6477851.156     0.00      
1830.00   43.43     335.83    1572.67   -311.891        -693.801        434738.239      6477869.963     0.00      
1860.00   43.43     335.83    1594.46   -320.336        -674.988        434729.796      6477888.770     0.00      
1890.00   43.43     335.83    1616.25   -328.781        -656.174        434721.354      6477907.577     0.00      
1920.00   43.43     335.83    1638.04   -337.227        -637.361        434712.912      6477926.384     0.00      
1950.00   43.43     335.83    1659.82   -345.672        -618.547        434704.469      6477945.192     0.00      
1980.00   43.43     335.83    1681.61   -354.117        -599.733        434696.027      6477963.999     0.00      
2010.00   43.43     335.83    1703.40   -362.562        -580.920        434687.585      6477982.806     0.00      
2040.00   43.43     335.83    1725.19   -371.007        -562.106        434679.143      6478001.613     0.00      
2070.00   43.43     335.83    1746.98   -379.453        -543.292        434670.700      6478020.420     0.00      
2100.00   43.43     335.83    1768.76   -387.898        -524.479        434662.258      6478039.227     0.00      
2130.00   43.43     335.83    1790.55   -396.343        -505.665        434653.816      6478058.034     0.00      
2160.00   43.43     335.83    1812.34   -404.788        -486.851        434645.374      6478076.841     0.00      
2190.00   43.43     335.83    1834.13   -413.233        -468.038        434636.931      6478095.648     0.00      
2220.00   43.43     335.83    1855.92   -421.679        -449.224        434628.489      6478114.455     0.00      
2250.00   43.43     335.83    1877.71   -430.124        -430.410        434620.047      6478133.263     0.00      
2280.00   43.43     335.83    1899.49   -438.569        -411.597        434611.605      6478152.070     0.00      
2310.00   43.43     335.83    1921.28   -447.014        -392.783        434603.162      6478170.877     0.00      
2340.00   43.43     335.83    1943.07   -455.459        -373.969        434594.720      6478189.684     0.00      
2370.00   43.43     335.83    1964.86   -463.905        -355.156        434586.278      6478208.491     0.00      
2400.00   43.43     335.83    1986.65   -472.350        -336.342        434577.836      6478227.298     0.00      
2430.00   43.43     335.83    2008.43   -480.795        -317.529        434569.393      6478246.105     0.00      
2443.52   43.43     335.83    2018.26   -484.602        -309.047        434565.587      6478254.584     0.00      
2460.00   42.65     337.96    2030.30   -489.016        -298.706        434561.175      6478264.921     3.00      
2490.00   41.36     342.00    2052.60   -495.894        -279.855        434554.299      6478283.766     3.00      
2520.00   40.21     346.25    2075.31   -501.260        -261.018        434548.935      6478302.596     3.00      
2550.00   39.22     350.68    2098.40   -505.099        -242.247        434545.098      6478321.360     3.00      
2580.00   38.41     355.29    2121.77   -507.401        -223.594        434542.797      6478340.007     3.00      
2610.00   37.79     0.05      2145.39   -508.158        -205.110        434542.039      6478358.484     3.00      
2640.00   37.36     4.92      2169.17   -507.371        -186.845        434542.827      6478376.743     3.00      
2670.00   37.14     9.86      2193.05   -505.039        -168.850        434545.158      6478394.731     3.00      
2700.00   37.12     14.83     2216.98   -501.170        -151.174        434549.025      6478412.401     3.00      
2730.00   37.31     19.78     2240.88   -495.775        -133.866        434554.419      6478429.704     3.00      
2760.00   37.70     24.67     2264.68   -488.868        -116.972        434561.323      6478446.592     3.00      
2790.00   38.29     29.45     2288.33   -480.468        -100.539        434569.721      6478463.019     3.00      
2820.00   39.07     34.09     2311.75   -470.598        -84.612         434579.587      6478478.940     3.00      
2850.00   40.02     38.55     2334.89   -459.285        -69.235         434590.896      6478494.312     3.00      
2880.00   41.14     42.83     2357.68   -446.560        -54.450         434603.616      6478509.092     3.00      
2910.00   42.42     46.91     2380.05   -432.459        -40.298         434617.713      6478523.239     3.00      
2940.00   43.82     50.79     2401.96   -417.019        -26.817         434633.147      6478536.715     3.00      
2970.00   45.36     54.46     2423.32   -400.283        -14.044         434649.877      6478549.484     3.00      
3000.00   47.00     57.94     2444.10   -382.297        -2.014          434667.857      6478561.509     3.00      
3030.00   48.75     61.23     2464.22   -363.110        9.239           434687.037      6478572.759     3.00      
3060.00   50.58     64.35     2483.64   -342.775        19.686          434707.365      6478583.202     3.00      
3090.00   52.49     67.30     2502.31   -321.348        29.297          434728.785      6478592.809     3.00      
3120.00   54.47     70.10     2520.16   -298.887        38.045          434751.238      6478601.555     3.00      
3150.00   56.52     72.77     2537.15   -275.453        45.908          434774.664      6478609.415     3.00      
3180.00   58.61     75.31     2553.25   -251.112        52.863          434798.997      6478616.368     3.00      
3210.00   60.76     77.74     2568.39   -225.929        58.892          434824.170      6478622.394     3.00      
3213.31   61.00     78.00     2570.00   -223.100        59.500          434826.999      6478623.002     3.00      
3240.00   61.00     78.00     2582.94   -200.269        64.353          434849.822      6478627.854     0.00      
3270.00   61.00     78.00     2597.48   -174.604        69.808          434875.478      6478633.307     0.00      
3300.00   61.00     78.00     2612.03   -148.938        75.264          434901.134      6478638.760     0.00      
3330.00   61.00     78.00     2626.57   -123.273        80.719          434926.791      6478644.214     0.00      
3360.00   61.00     78.00     2641.12   -97.608         86.174          434952.447      6478649.667     0.00      
3390.00   61.00     78.00     2655.66   -71.943         91.629          434978.103      6478655.121     0.00      
3420.00   61.00     78.00     2670.20   -46.277         97.085          435003.760      6478660.574     0.00      
3425.31   61.00     78.00     2672.78   -41.732         98.051          435008.303      6478661.540     0.00      
3450.00   61.11     75.19     2684.73   -20.721         103.060         435029.307      6478666.547     3.00      
3480.00   61.31     71.78     2699.18   4.480           110.535         435054.499      6478674.019     3.00      
3510.00   61.61     68.38     2713.52   29.251          119.514         435079.262      6478682.995     3.00      
3529.38   61.84     66.20     2722.70   44.995          126.103         435095.000      6478689.582     3.00      
