HEADER INFORMATION (all units in Statoil default) 
----------------------------------------------------------------
COMPANY: Statoil Norway
FIELD: SLEIPNER
WELL NAME: F-13
WELLBORE NAME: F-13
Drilled From: Well Ref. Point
Kick Off Depth: 145.90m
Survey Name: F-13 Main field rev#4 STGAL 300915
Survey Date: 23.09.2015
Extraction Date: 03.04.2018
----------------------------------------------------------------
Calculation Method: Minimum Curvature
Datum Name: Rotary table(54.90m)
----------------------------------------------------------------
Surface EW: 435051.324m
Surface NS: 6478564.265m
Surface Latitude: 58° 26' 29.8315 N
Surface Longitude: 1° 53' 15.0081 E
Bottom Hole MD: 5245.72m
Bottom Hole TVD: 3148.00m
Bottom Hole EW: 436431.000m
Bottom Hole NS: 6478725.000m
----------------------------------------------------------------
Survey Program:  
H  146 - 220 F-13 MAIN FIELD REV#4 STGAL 300915 : INCLINATION ONLY
H  220 - 550 F-13 MAIN FIELD REV#4 STGAL 300915 : KEEPER, SIGHTLINE
H  550 - 670 F-13 MAIN FIELD REV#4 STGAL 300915 : NOT_USEMWD GYRO, BAKER HUGHES(GYROTRAK)
H  670 - 1449 F-13 MAIN FIELD REV#4 STGAL 300915 : MAGN, IFR, MAG-CORR, REDUCED QC
H  1449 - 2832 F-13 MAIN FIELD REV#4 STGAL 300915 : NOTUSE_MAGN,IFR,MAG-COR,REDQC,MSA DUALIN
H  2832 - 3433 F-13 MAIN FIELD REV#4 STGAL 300915 : NOTUSE_MAGN,IFR,MAG-COR,REDQC,MSA DUALIN
H  3433 - 5246 F-13 MAIN FIELD REV#4 STGAL 300915 : NOTUSE_MAGN,IFR,MAG-COR,REDQC,MSA DUALIN
----------------------------------------------------------------
Water Depth: 91.00m
KB-WH: 145.90m
KB-MSL: 54.90m
System Datum: Mean Sea Level
----------------------------------------------------------------
Map-Zone: Zone 31N (0 E to 6 E)
North Reference: Grid
Geo Datum: European 1950 - Mean
Vertical Section Direction: 83.35deg
----------------------------------------------------------------
SURVEY LIST
MD        Inc       Azim      TVD       X-Offset (E/W)  Y-Offset (N/S)  UTM E/W         UTM N/S         DLS
m RKB     deg       deg       m RKB     m               m               m               m               deg/30m
0.00      0.00      0.00      0.00      1.304           0.742           435051.324      6478564.265     0.00      
145.90    0.00      360.00    145.90    1.304           0.742           435051.324      6478564.265     0.00      
150.00    0.00      360.00    150.00    1.304           0.742           435051.324      6478564.265     0.00      
180.00    0.00      360.00    180.00    1.304           0.742           435051.324      6478564.265     0.00      
210.00    0.00      360.00    210.00    1.304           0.742           435051.324      6478564.265     0.00      
240.00    0.00      360.00    240.00    1.304           0.742           435051.324      6478564.265     0.00      
245.90    0.00      360.00    245.90    1.304           0.742           435051.324      6478564.265     0.00      
270.00    0.40      241.00    270.00    1.230           0.701           435051.250      6478564.224     0.50      
300.00    0.90      241.00    300.00    0.931           0.536           435050.952      6478564.059     0.50      
330.00    1.40      241.00    329.99    0.404           0.244           435050.425      6478563.766     0.50      
360.00    1.90      241.00    359.98    -0.352          -0.176          435049.669      6478563.347     0.50      
365.90    2.00      241.00    365.88    -0.528          -0.273          435049.493      6478563.250     0.50      
390.00    2.80      242.91    389.95    -1.420          -0.745          435048.602      6478562.778     1.00      
420.00    3.80      244.16    419.90    -2.966          -1.512          435047.056      6478562.012     1.00      
450.00    4.80      244.89    449.82    -4.995          -2.477          435045.027      6478561.047     1.00      
456.14    5.00      245.00    455.94    -5.470          -2.699          435044.552      6478560.825     1.00      
480.00    6.59      245.00    479.67    -7.654          -3.717          435042.370      6478559.807     2.00      
510.00    8.59      245.00    509.41    -11.245         -5.392          435038.780      6478558.133     2.00      
531.14    10.00     245.00    530.27    -14.340         -6.835          435035.686      6478556.690     2.00      
540.00    10.26     241.98    538.99    -15.733         -7.530          435034.293      6478555.995     2.00      
570.00    11.32     232.89    568.47    -20.439         -10.561         435029.589      6478552.965     2.00      
600.00    12.60     225.49    597.82    -25.121         -14.632         435024.908      6478548.896     2.00      
630.00    14.06     219.51    627.01    -29.774         -19.738         435020.258      6478543.792     2.00      
660.00    15.63     214.67    656.01    -34.391         -25.872         435015.642      6478537.660     2.00      
690.00    17.29     210.72    684.78    -38.967         -33.027         435011.068      6478530.508     2.00      
720.00    19.01     207.45    713.29    -43.496         -41.194         435006.540      6478522.343     2.00      
750.00    20.78     204.72    741.50    -47.974         -50.364         435002.064      6478513.177     2.00      
780.00    22.58     202.39    769.37    -52.394         -60.525         434997.645      6478503.019     2.00      
810.00    24.42     200.40    796.88    -56.751         -71.665         434993.290      6478491.883     2.00      
840.00    26.28     198.67    823.99    -61.040         -83.770         434989.003      6478479.782     2.00      
870.00    28.16     197.16    850.67    -65.255         -96.826         434984.789      6478466.731     2.00      
900.00    30.05     195.82    876.88    -69.392         -110.816        434980.653      6478452.745     2.00      
903.67    30.28     195.67    880.06    -69.892         -112.592        434980.153      6478450.970     2.00      
930.00    30.28     195.67    902.79    -73.478         -125.374        434976.569      6478438.193     0.00      
960.00    30.28     195.67    928.70    -77.563         -139.938        434972.485      6478423.634     0.00      
990.00    30.28     195.67    954.61    -81.649         -154.502        434968.401      6478409.075     0.00      
1020.00   30.28     195.67    980.52    -85.734         -169.066        434964.317      6478394.516     0.00      
1050.00   30.28     195.67    1006.42   -89.819         -183.631        434960.233      6478379.956     0.00      
1080.00   30.28     195.67    1032.33   -93.905         -198.195        434956.149      6478365.397     0.00      
1110.00   30.28     195.67    1058.24   -97.990         -212.759        434952.065      6478350.838     0.00      
1123.62   30.28     195.67    1070.00   -99.845         -219.371        434950.211      6478344.228     0.00      
1140.00   31.33     195.07    1084.07   -102.067        -227.459        434947.989      6478336.143     2.00      
1170.00   33.25     194.05    1109.43   -106.092        -242.970        434943.966      6478320.637     2.00      
1200.00   35.18     193.14    1134.23   -110.054        -259.368        434940.005      6478304.246     2.00      
1230.00   37.12     192.31    1158.46   -113.949        -276.631        434936.112      6478286.988     2.00      
1249.74   38.40     191.80    1174.06   -116.473        -288.454        434933.589      6478275.170     2.00      
1260.00   38.40     191.80    1182.10   -117.776        -294.692        434932.286      6478268.934     0.00      
1290.00   38.40     191.80    1205.61   -121.586        -312.934        434928.477      6478250.698     0.00      
1320.00   38.40     191.80    1229.12   -125.397        -331.176        434924.668      6478232.463     0.00      
1350.00   38.40     191.80    1252.63   -129.208        -349.417        434920.858      6478214.227     0.00      
1380.00   38.40     191.80    1276.14   -133.018        -367.659        434917.049      6478195.992     0.00      
1410.00   38.40     191.80    1299.65   -136.829        -385.901        434913.240      6478177.757     0.00      
1440.00   38.40     191.80    1323.16   -140.639        -404.142        434909.430      6478159.521     0.00      
1470.00   38.40     191.80    1346.67   -144.450        -422.384        434905.621      6478141.286     0.00      
1500.00   38.40     191.80    1370.18   -148.261        -440.626        434901.812      6478123.051     0.00      
1530.00   38.40     191.80    1393.69   -152.071        -458.868        434898.003      6478104.815     0.00      
1560.00   38.40     191.80    1417.20   -155.882        -477.109        434894.193      6478086.580     0.00      
1590.00   38.40     191.80    1440.71   -159.692        -495.351        434890.384      6478068.345     0.00      
1620.00   38.40     191.80    1464.22   -163.503        -513.593        434886.575      6478050.109     0.00      
1650.00   38.40     191.80    1487.73   -167.314        -531.834        434882.766      6478031.874     0.00      
1680.00   38.40     191.80    1511.24   -171.124        -550.076        434878.956      6478013.638     0.00      
1710.00   38.40     191.80    1534.75   -174.935        -568.318        434875.147      6477995.403     0.00      
1740.00   38.40     191.80    1558.26   -178.746        -586.560        434871.338      6477977.168     0.00      
1770.00   38.40     191.80    1581.77   -182.556        -604.801        434867.528      6477958.932     0.00      
1800.00   38.40     191.80    1605.28   -186.367        -623.043        434863.719      6477940.697     0.00      
1830.00   38.40     191.80    1628.79   -190.177        -641.285        434859.910      6477922.462     0.00      
1860.00   38.40     191.80    1652.30   -193.988        -659.526        434856.101      6477904.226     0.00      
1890.00   38.40     191.80    1675.81   -197.799        -677.768        434852.291      6477885.991     0.00      
1920.00   38.40     191.80    1699.32   -201.609        -696.010        434848.482      6477867.756     0.00      
1950.00   38.40     191.80    1722.83   -205.420        -714.252        434844.673      6477849.520     0.00      
1980.00   38.40     191.80    1746.34   -209.230        -732.493        434840.863      6477831.285     0.00      
2010.00   38.40     191.80    1769.85   -213.041        -750.735        434837.054      6477813.049     0.00      
2040.00   38.40     191.80    1793.36   -216.852        -768.977        434833.245      6477794.814     0.00      
2070.00   38.40     191.80    1816.87   -220.662        -787.218        434829.436      6477776.579     0.00      
2100.00   38.40     191.80    1840.38   -224.473        -805.460        434825.626      6477758.343     0.00      
2130.00   38.40     191.80    1863.89   -228.283        -823.702        434821.817      6477740.108     0.00      
2160.00   38.40     191.80    1887.40   -232.094        -841.944        434818.008      6477721.873     0.00      
2190.00   38.40     191.80    1910.91   -235.905        -860.185        434814.198      6477703.637     0.00      
2220.00   38.40     191.80    1934.42   -239.715        -878.427        434810.389      6477685.402     0.00      
2250.00   38.40     191.80    1957.93   -243.526        -896.669        434806.580      6477667.167     0.00      
2280.00   38.40     191.80    1981.44   -247.337        -914.910        434802.771      6477648.931     0.00      
2310.00   38.40     191.80    2004.95   -251.147        -933.152        434798.961      6477630.696     0.00      
2340.00   38.40     191.80    2028.46   -254.958        -951.394        434795.152      6477612.461     0.00      
2370.00   38.40     191.80    2051.97   -258.768        -969.636        434791.343      6477594.225     0.00      
2400.00   38.40     191.80    2075.48   -262.579        -987.877        434787.533      6477575.990     0.00      
2430.00   38.40     191.80    2098.99   -266.390        -1006.119       434783.724      6477557.754     0.00      
2460.00   38.40     191.80    2122.50   -270.200        -1024.361       434779.915      6477539.519     0.00      
2483.31   38.40     191.80    2140.77   -273.160        -1038.532       434776.956      6477525.353     0.00      
2490.00   37.86     191.16    2146.03   -273.983        -1042.583       434776.133      6477521.303     3.00      
2520.00   35.50     188.07    2170.09   -276.988        -1060.243       434773.130      6477503.649     3.00      
2550.00   33.22     184.61    2194.86   -278.871        -1077.061       434771.247      6477486.837     3.00      
2580.00   31.05     180.72    2220.26   -279.628        -1092.991       434770.490      6477470.913     3.00      
2610.00   29.01     176.31    2246.24   -279.257        -1107.988       434770.861      6477455.921     3.00      
2640.00   27.13     171.34    2272.71   -277.759        -1122.013       434772.358      6477441.901     3.00      
2670.00   25.45     165.72    2299.61   -275.138        -1135.025       434774.979      6477428.893     3.00      
2700.00   24.02     159.42    2326.87   -271.401        -1146.990       434778.715      6477416.933     3.00      
2730.00   22.86     152.45    2354.39   -266.558        -1157.875       434783.556      6477406.051     3.00      
2760.00   22.04     144.89    2382.13   -260.622        -1167.650       434789.489      6477396.280     3.00      
2790.00   21.59     136.90    2409.98   -253.611        -1176.288       434796.498      6477387.645     3.00      
2820.00   21.53     128.73    2437.89   -245.542        -1183.765       434804.564      6477380.170     3.00      
2850.00   21.87     120.67    2465.77   -236.439        -1190.062       434813.664      6477373.876     3.00      
2880.00   22.59     112.96    2493.55   -226.326        -1195.160       434823.774      6477368.779     3.00      
2910.00   23.64     105.80    2521.14   -215.231        -1199.047       434834.865      6477364.894     3.00      
2940.00   25.00     99.30     2548.48   -203.184        -1201.710       434846.908      6477362.232     3.00      
2970.00   26.61     93.48     2575.50   -190.218        -1203.143       434859.869      6477360.799     3.00      
3000.00   28.43     88.32     2602.10   -176.369        -1203.342       434873.713      6477360.600     3.00      
3030.00   30.43     83.76     2628.23   -161.675        -1202.307       434888.402      6477361.635     3.00      
3060.00   32.56     79.72     2653.82   -146.176        -1200.039       434903.896      6477363.902     3.00      
3090.00   34.81     76.14     2678.78   -129.914        -1196.546       434920.152      6477367.393     3.00      
3120.00   37.16     72.95     2703.05   -112.935        -1191.837       434937.126      6477372.101     3.00      
3150.00   39.58     70.09     2726.58   -95.284         -1185.925       434954.770      6477378.011     3.00      
3180.00   42.06     67.51     2749.28   -77.010         -1178.826       434973.038      6477385.107     3.00      
3210.00   44.59     65.18     2771.10   -58.163         -1170.560       434991.878      6477393.371     3.00      
3240.00   47.17     63.04     2791.99   -38.796         -1161.149       435011.239      6477402.778     3.00      
3270.00   49.79     61.08     2811.87   -18.960         -1150.619       435031.068      6477413.305     3.00      
3300.00   52.43     59.26     2830.71   1.290           -1138.999       435051.311      6477424.921     3.00      
3330.00   55.11     57.57     2848.44   21.898          -1126.320       435071.912      6477437.595     3.00      
3360.00   57.80     55.98     2865.02   42.808          -1112.618       435092.814      6477451.292     3.00      
3390.00   60.51     54.49     2880.40   63.963          -1097.930       435113.961      6477465.975     3.00      
3420.00   63.24     53.08     2894.54   85.303          -1082.296       435135.295      6477481.603     3.00      
3450.00   65.98     51.73     2907.40   106.772         -1065.760       435156.756      6477498.134     3.00      
3480.00   68.74     50.44     2918.95   128.310         -1048.366       435178.286      6477515.522     3.00      
3510.00   71.50     49.19     2929.15   149.858         -1030.162       435199.827      6477533.720     3.00      
3540.00   74.27     47.99     2937.98   171.357         -1011.198       435221.319      6477552.677     3.00      
3570.00   77.05     46.82     2945.41   192.749         -991.526        435242.702      6477572.342     3.00      
3600.00   79.83     45.67     2951.42   213.973         -971.200        435263.920      6477592.661     3.00      
3630.00   82.61     44.54     2956.00   234.973         -950.276        435284.912      6477613.578     3.00      
3647.45   84.23     43.89     2958.00   247.065         -937.850        435297.000      6477626.000     3.00      
3660.00   84.23     43.89     2959.26   255.720         -928.855        435305.651      6477634.992     0.00      
3690.00   84.23     43.89     2962.27   276.414         -907.345        435326.339      6477656.494     0.00      
3720.00   84.23     43.89     2965.29   297.109         -885.836        435347.026      6477677.996     0.00      
3750.00   84.23     43.89     2968.30   317.803         -864.326        435367.714      6477699.498     0.00      
3780.00   84.23     43.89     2971.31   338.498         -842.817        435388.401      6477721.000     0.00      
3810.00   84.23     43.89     2974.33   359.192         -821.308        435409.088      6477742.501     0.00      
3840.00   84.23     43.89     2977.34   379.887         -799.798        435429.776      6477764.003     0.00      
3870.00   84.23     43.89     2980.35   400.582         -778.289        435450.463      6477785.505     0.00      
3900.00   84.23     43.89     2983.37   421.276         -756.780        435471.150      6477807.007     0.00      
3930.00   84.23     43.89     2986.38   441.971         -735.270        435491.838      6477828.509     0.00      
3960.00   84.23     43.89     2989.39   462.665         -713.761        435512.525      6477850.011     0.00      
3990.00   84.23     43.89     2992.41   483.360         -692.251        435533.213      6477871.513     0.00      
4015.80   84.23     43.89     2995.00   501.159         -673.752        435551.005      6477890.006     0.00      
4020.00   84.40     44.03     2995.42   504.059         -670.745        435553.904      6477893.012     1.50      
4050.00   85.54     45.00     2998.05   525.010         -649.437        435574.848      6477914.313     1.50      
4080.00   86.69     45.97     3000.08   546.353         -628.453        435596.184      6477935.289     1.50      
4110.00   87.84     46.94     3001.51   568.072         -607.809        435617.895      6477955.926     1.50      
4140.00   88.99     47.90     3002.34   590.153         -587.519        435639.968      6477976.209     1.50      
4155.09   89.56     48.39     3002.54   601.393         -577.449        435651.204      6477986.275     1.50      
4170.00   89.56     48.39     3002.65   612.538         -567.549        435662.346      6477996.172     0.00      
4200.00   89.56     48.39     3002.88   634.967         -547.626        435684.766      6478016.087     0.00      
4230.00   89.56     48.39     3003.11   657.395         -527.704        435707.187      6478036.003     0.00      
4260.00   89.56     48.39     3003.33   679.824         -507.781        435729.608      6478055.918     0.00      
4290.00   89.56     48.39     3003.56   702.252         -487.859        435752.029      6478075.834     0.00      
4320.00   89.56     48.39     3003.79   724.681         -467.936        435774.449      6478095.750     0.00      
4348.51   89.56     48.39     3004.01   745.996         -449.003        435795.757      6478114.676     0.00      
4350.00   89.50     48.35     3004.02   747.109         -448.013        435796.870      6478115.666     1.50      
4380.00   88.17     47.65     3004.63   769.398         -427.944        435819.151      6478135.728     1.50      
4410.00   86.85     46.95     3005.93   791.424         -407.619        435841.169      6478156.046     1.50      
4440.00   85.52     46.24     3007.93   813.170         -387.050        435862.908      6478176.608     1.50      
4470.00   84.20     45.53     3010.62   834.622         -366.253        435884.353      6478197.397     1.50      
4473.73   84.03     45.45     3011.00   837.271         -363.650        435887.000      6478200.000     1.50      
4500.00   84.03     45.45     3013.73   855.887         -345.321        435905.609      6478218.322     0.00      
4530.00   84.03     45.45     3016.85   877.148         -324.388        435926.864      6478239.248     0.00      
4560.00   84.03     45.45     3019.97   898.410         -303.455        435948.118      6478260.174     0.00      
4590.00   84.03     45.45     3023.09   919.672         -282.521        435969.373      6478281.100     0.00      
4620.00   84.03     45.45     3026.21   940.934         -261.588        435990.627      6478302.026     0.00      
4650.00   84.03     45.45     3029.32   962.196         -240.654        436011.882      6478322.952     0.00      
4680.00   84.03     45.45     3032.44   983.458         -219.721        436033.136      6478343.879     0.00      
4710.00   84.03     45.45     3035.56   1004.720        -198.788        436054.391      6478364.805     0.00      
4740.00   84.03     45.45     3038.68   1025.982        -177.854        436075.645      6478385.731     0.00      
4770.00   84.03     45.45     3041.80   1047.243        -156.921        436096.900      6478406.657     0.00      
4800.00   84.03     45.45     3044.92   1068.505        -135.987        436118.154      6478427.583     0.00      
4830.00   84.03     45.45     3048.04   1089.767        -115.054        436139.408      6478448.509     0.00      
4839.27   84.03     45.45     3049.00   1096.340        -108.583        436145.979      6478454.978     0.00      
4860.00   83.20     45.56     3051.30   1111.031        -94.146         436160.665      6478469.410     1.22      
4890.00   81.99     45.72     3055.17   1132.299        -73.345         436181.926      6478490.203     1.22      
4920.00   80.78     45.88     3059.66   1153.562        -52.665         436203.181      6478510.876     1.22      
4950.00   79.58     46.04     3064.78   1174.811        -32.116         436224.423      6478531.419     1.22      
4980.00   78.37     46.20     3070.52   1196.035        -11.706         436245.640      6478551.821     1.22      
5010.00   77.16     46.37     3076.88   1217.226        8.555           436266.823      6478572.075     1.22      
5040.00   75.95     46.53     3083.85   1238.373        28.658          436287.963      6478592.171     1.22      
5070.00   74.75     46.70     3091.44   1259.467        48.593          436309.050      6478612.099     1.22      
5100.00   73.54     46.87     3099.64   1280.499        68.352          436330.074      6478631.851     1.22      
5130.00   72.33     47.04     3108.44   1301.459        87.926          436351.027      6478651.419     1.22      
5160.00   71.12     47.22     3117.85   1322.338        107.306         436371.898      6478670.792     1.22      
5190.00   69.92     47.40     3127.85   1343.125        126.484         436392.679      6478689.963     1.22      
5220.00   68.71     47.58     3138.45   1363.813        145.450         436413.359      6478708.922     1.22      
5245.72   67.68     47.73     3148.00   1381.460        161.533         436431.000      6478725.000     1.22      
