HEADER INFORMATION (all units in Statoil default) 
----------------------------------------------------------------
COMPANY: Statoil Norway
FIELD: SLEIPNER
WELL NAME: F-13
WELLBORE NAME: F-13
Drilled From: Well Ref. Point
Kick Off Depth: 145.90m
Survey Name: F-13 Main field rev#2 STGAL 250915
Survey Date: 23.09.2015
Extraction Date: 03.04.2018
----------------------------------------------------------------
Calculation Method: Minimum Curvature
Datum Name: Rotary table(54.90m)
----------------------------------------------------------------
Surface EW: 435051.324m
Surface NS: 6478564.265m
Surface Latitude: 58° 26' 29.8315 N
Surface Longitude: 1° 53' 15.0081 E
Bottom Hole MD: 5240.03m
Bottom Hole TVD: 3139.00m
Bottom Hole EW: 436431.016m
Bottom Hole NS: 6478725.013m
----------------------------------------------------------------
Survey Program:  
H  146 - 203 F-13 MAIN FIELD REV#2 STGAL 250915 : INCLINATION ONLY
H  203 - 550 F-13 MAIN FIELD REV#2 STGAL 250915 : KEEPER, SIGHTLINE
H  550 - 670 F-13 MAIN FIELD REV#2 STGAL 250915 : NOT_USEMWD GYRO, BAKER HUGHES(GYROTRAK)
H  670 - 1470 F-13 MAIN FIELD REV#2 STGAL 250915 : MAGN, IFR, MAG-CORR, REDUCED QC
H  1470 - 2650 F-13 MAIN FIELD REV#2 STGAL 250915 : NOTUSE_MAGN,IFR,MAG-COR,REDQC,MSA DUALIN
H  2650 - 3430 F-13 MAIN FIELD REV#2 STGAL 250915 : NOTUSE_MAGN,IFR,MAG-COR,REDQC,MSA DUALIN
H  3430 - 5240 F-13 MAIN FIELD REV#2 STGAL 250915 : NOTUSE_MAGN,IFR,MAG-COR,REDQC,MSA DUALIN
----------------------------------------------------------------
Water Depth: 91.00m
KB-WH: 145.90m
KB-MSL: 54.90m
System Datum: Mean Sea Level
----------------------------------------------------------------
Map-Zone: Zone 31N (0 E to 6 E)
North Reference: Grid
Geo Datum: European 1950 - Mean
Vertical Section Direction: 83.35deg
----------------------------------------------------------------
SURVEY LIST
MD        Inc       Azim      TVD       X-Offset (E/W)  Y-Offset (N/S)  UTM E/W         UTM N/S         DLS
m RKB     deg       deg       m RKB     m               m               m               m               deg/30m
145.90    0.00      0.00      145.90    1.304           0.742           435051.324      6478564.265     0.00      
150.00    0.00      360.00    150.00    1.304           0.742           435051.324      6478564.265     0.00      
180.00    0.00      360.00    180.00    1.304           0.742           435051.324      6478564.265     0.00      
210.00    0.00      360.00    210.00    1.304           0.742           435051.324      6478564.265     0.00      
240.00    0.00      360.00    240.00    1.304           0.742           435051.324      6478564.265     0.00      
245.90    0.00      360.00    245.90    1.304           0.742           435051.324      6478564.265     0.00      
270.00    0.40      241.00    270.00    1.230           0.701           435051.250      6478564.224     0.50      
300.00    0.90      241.00    300.00    0.931           0.536           435050.952      6478564.059     0.50      
330.00    1.40      241.00    329.99    0.404           0.244           435050.425      6478563.766     0.50      
360.00    1.90      241.00    359.98    -0.352          -0.176          435049.669      6478563.347     0.50      
365.90    2.00      241.00    365.88    -0.528          -0.273          435049.493      6478563.250     0.50      
390.00    2.80      242.91    389.95    -1.420          -0.745          435048.602      6478562.778     1.00      
420.00    3.80      244.16    419.90    -2.966          -1.512          435047.056      6478562.012     1.00      
450.00    4.80      244.89    449.82    -4.995          -2.477          435045.027      6478561.047     1.00      
456.14    5.00      245.00    455.94    -5.470          -2.699          435044.552      6478560.825     1.00      
480.00    6.59      245.00    479.67    -7.654          -3.717          435042.370      6478559.807     2.00      
510.00    8.59      245.00    509.41    -11.245         -5.392          435038.780      6478558.133     2.00      
531.14    10.00     245.00    530.27    -14.340         -6.835          435035.686      6478556.690     2.00      
540.00    10.26     241.98    538.99    -15.733         -7.530          435034.293      6478555.995     2.00      
570.00    11.32     232.89    568.47    -20.439         -10.561         435029.589      6478552.965     2.00      
600.00    12.60     225.48    597.82    -25.119         -14.632         435024.910      6478548.896     2.00      
630.00    14.05     219.50    627.01    -29.770         -19.738         435020.261      6478543.792     2.00      
660.00    15.62     214.66    656.01    -34.384         -25.872         435015.648      6478537.660     2.00      
690.00    17.28     210.70    684.78    -38.957         -33.027         435011.077      6478530.508     2.00      
720.00    19.00     207.43    713.29    -43.483         -41.194         435006.553      6478522.343     2.00      
750.00    20.77     204.69    741.50    -47.955         -50.364         435002.082      6478513.177     2.00      
780.00    22.58     202.37    769.38    -52.370         -60.525         434997.669      6478503.019     2.00      
810.00    24.42     200.37    796.89    -56.721         -71.665         434993.320      6478491.883     2.00      
840.00    26.27     198.65    824.00    -61.003         -83.770         434989.039      6478479.782     2.00      
870.00    28.15     197.13    850.68    -65.211         -96.826         434984.833      6478466.731     2.00      
900.00    30.04     195.79    876.89    -69.340         -110.816        434980.705      6478452.746     2.00      
930.00    31.94     194.60    902.61    -73.384         -125.724        434976.662      6478437.843     2.00      
960.00    33.86     193.53    927.79    -77.339         -141.531        434972.708      6478422.041     2.00      
990.00    35.78     192.55    952.42    -81.201         -158.218        434968.848      6478405.360     2.00      
1015.20   37.40     191.81    972.65    -84.368         -172.899        434965.683      6478390.684     2.00      
1020.00   37.40     191.81    976.47    -84.965         -175.755        434965.086      6478387.829     0.00      
1050.00   37.40     191.81    1000.30   -88.693         -193.590        434961.359      6478370.000     0.00      
1080.00   37.40     191.81    1024.13   -92.421         -211.426        434957.632      6478352.171     0.00      
1110.00   37.40     191.81    1047.97   -96.149         -229.262        434953.905      6478334.341     0.00      
1140.00   37.40     191.81    1071.80   -99.877         -247.097        434950.179      6478316.512     0.00      
1170.00   37.40     191.81    1095.63   -103.605        -264.933        434946.452      6478298.683     0.00      
1200.00   37.40     191.81    1119.46   -107.333        -282.768        434942.725      6478280.853     0.00      
1230.00   37.40     191.81    1143.30   -111.062        -300.604        434938.998      6478263.024     0.00      
1260.00   37.40     191.81    1167.13   -114.790        -318.439        434935.271      6478245.195     0.00      
1290.00   37.40     191.81    1190.96   -118.518        -336.275        434931.544      6478227.365     0.00      
1320.00   37.40     191.81    1214.79   -122.246        -354.110        434927.818      6478209.536     0.00      
1350.00   37.40     191.81    1238.63   -125.974        -371.946        434924.091      6478191.707     0.00      
1380.00   37.40     191.81    1262.46   -129.702        -389.782        434920.364      6478173.877     0.00      
1410.00   37.40     191.81    1286.29   -133.430        -407.617        434916.637      6478156.048     0.00      
1440.00   37.40     191.81    1310.13   -137.158        -425.453        434912.910      6478138.218     0.00      
1470.00   37.40     191.81    1333.96   -140.887        -443.288        434909.183      6478120.389     0.00      
1500.00   37.40     191.81    1357.79   -144.615        -461.124        434905.457      6478102.560     0.00      
1530.00   37.40     191.81    1381.62   -148.343        -478.959        434901.730      6478084.730     0.00      
1560.00   37.40     191.81    1405.46   -152.071        -496.795        434898.003      6478066.901     0.00      
1590.00   37.40     191.81    1429.29   -155.799        -514.630        434894.276      6478049.072     0.00      
1620.00   37.40     191.81    1453.12   -159.527        -532.466        434890.549      6478031.242     0.00      
1650.00   37.40     191.81    1476.95   -163.255        -550.302        434886.822      6478013.413     0.00      
1680.00   37.40     191.81    1500.79   -166.983        -568.137        434883.096      6477995.584     0.00      
1710.00   37.40     191.81    1524.62   -170.712        -585.973        434879.369      6477977.754     0.00      
1740.00   37.40     191.81    1548.45   -174.440        -603.808        434875.642      6477959.925     0.00      
1770.00   37.40     191.81    1572.28   -178.168        -621.644        434871.915      6477942.096     0.00      
1800.00   37.40     191.81    1596.12   -181.896        -639.479        434868.188      6477924.266     0.00      
1830.00   37.40     191.81    1619.95   -185.624        -657.315        434864.461      6477906.437     0.00      
1860.00   37.40     191.81    1643.78   -189.352        -675.150        434860.735      6477888.608     0.00      
1890.00   37.40     191.81    1667.61   -193.080        -692.986        434857.008      6477870.778     0.00      
1920.00   37.40     191.81    1691.45   -196.809        -710.822        434853.281      6477852.949     0.00      
1950.00   37.40     191.81    1715.28   -200.537        -728.657        434849.554      6477835.120     0.00      
1980.00   37.40     191.81    1739.11   -204.265        -746.493        434845.827      6477817.290     0.00      
2010.00   37.40     191.81    1762.94   -207.993        -764.328        434842.100      6477799.461     0.00      
2040.00   37.40     191.81    1786.78   -211.721        -782.164        434838.374      6477781.632     0.00      
2070.00   37.40     191.81    1810.61   -215.449        -799.999        434834.647      6477763.802     0.00      
2100.00   37.40     191.81    1834.44   -219.177        -817.835        434830.920      6477745.973     0.00      
2130.00   37.40     191.81    1858.28   -222.905        -835.671        434827.193      6477728.144     0.00      
2160.00   37.40     191.81    1882.11   -226.634        -853.506        434823.466      6477710.314     0.00      
2190.00   37.40     191.81    1905.94   -230.362        -871.342        434819.739      6477692.485     0.00      
2220.00   37.40     191.81    1929.77   -234.090        -889.177        434816.013      6477674.656     0.00      
2250.00   37.40     191.81    1953.61   -237.818        -907.013        434812.286      6477656.826     0.00      
2280.00   37.40     191.81    1977.44   -241.546        -924.848        434808.559      6477638.997     0.00      
2310.00   37.40     191.81    2001.27   -245.274        -942.684        434804.832      6477621.167     0.00      
2340.00   37.40     191.81    2025.10   -249.002        -960.519        434801.105      6477603.338     0.00      
2370.00   37.40     191.81    2048.94   -252.731        -978.355        434797.378      6477585.509     0.00      
2400.00   37.40     191.81    2072.77   -256.459        -996.191        434793.652      6477567.679     0.00      
2430.00   37.40     191.81    2096.60   -260.187        -1014.026       434789.925      6477549.850     0.00      
2460.00   37.40     191.81    2120.43   -263.915        -1031.862       434786.198      6477532.021     0.00      
2489.30   37.40     191.81    2143.71   -267.556        -1049.283       434782.558      6477514.606     0.00      
2490.00   37.34     191.74    2144.27   -267.643        -1049.697       434782.471      6477514.192     3.00      
2520.00   34.95     188.67    2168.49   -270.789        -1067.105       434779.326      6477496.790     3.00      
2550.00   32.65     185.21    2193.42   -272.819        -1083.662       434777.296      6477480.238     3.00      
2580.00   30.45     181.30    2218.99   -273.727        -1099.325       434776.389      6477464.581     3.00      
2610.00   28.39     176.87    2245.12   -273.510        -1114.049       434776.606      6477449.863     3.00      
2640.00   26.49     171.83    2271.75   -272.170        -1127.794       434777.946      6477436.122     3.00      
2670.00   24.79     166.11    2298.80   -269.708        -1140.523       434780.407      6477423.397     3.00      
2700.00   23.33     159.67    2326.20   -266.133        -1152.200       434783.980      6477411.724     3.00      
2730.00   22.17     152.51    2353.87   -261.454        -1162.795       434788.658      6477401.133     3.00      
2760.00   21.35     144.71    2381.74   -255.684        -1172.277       434794.426      6477391.654     3.00      
2790.00   20.92     136.48    2409.72   -248.839        -1180.621       434801.268      6477383.313     3.00      
2820.00   20.89     128.06    2437.76   -240.937        -1187.804       434809.167      6477376.133     3.00      
2850.00   21.27     119.78    2465.75   -232.001        -1193.806       434818.101      6477370.133     3.00      
2880.00   22.04     111.92    2493.64   -222.054        -1198.611       434828.044      6477365.330     3.00      
2910.00   23.15     104.66    2521.35   -211.124        -1202.205       434838.970      6477361.737     3.00      
2940.00   24.57     98.12     2548.79   -199.241        -1204.579       434850.849      6477359.364     3.00      
2970.00   26.24     92.30     2575.89   -186.438        -1205.726       434863.648      6477358.217     3.00      
3000.00   28.11     87.17     2602.58   -172.749        -1205.643       434877.332      6477358.299     3.00      
3030.00   30.16     82.66     2628.78   -158.212        -1204.331       434891.864      6477359.612     3.00      
3060.00   32.34     78.68     2654.43   -142.867        -1201.792       434907.203      6477362.149     3.00      
3090.00   34.63     75.17     2679.46   -126.757        -1198.035       434923.309      6477365.906     3.00      
3120.00   37.01     72.04     2703.78   -109.924        -1193.068       434940.135      6477370.871     3.00      
3150.00   39.46     69.25     2727.35   -92.415         -1186.906       434957.638      6477377.030     3.00      
3180.00   41.97     66.74     2750.09   -74.279         -1179.566       434975.768      6477384.368     3.00      
3210.00   44.54     64.47     2771.93   -55.565         -1171.067       434994.475      6477392.863     3.00      
3240.00   47.14     62.39     2792.83   -36.324         -1161.434       435013.709      6477402.494     3.00      
3270.00   49.78     60.48     2812.73   -16.609         -1150.692       435033.417      6477413.232     3.00      
3300.00   52.45     58.72     2831.56   3.526           -1138.871       435053.545      6477425.049     3.00      
3330.00   55.14     57.08     2849.28   24.025          -1126.003       435074.038      6477437.912     3.00      
3360.00   57.85     55.54     2865.84   44.833          -1112.124       435094.839      6477451.786     3.00      
3390.00   60.58     54.09     2881.19   65.893          -1097.271       435115.891      6477466.634     3.00      
3420.00   63.33     52.72     2895.29   87.147          -1081.486       435137.137      6477482.414     3.00      
3450.00   66.09     51.41     2908.11   108.536         -1064.811       435158.519      6477499.082     3.00      
3480.00   68.85     50.16     2919.60   130.002         -1047.293       435179.977      6477516.595     3.00      
3510.00   71.63     48.96     2929.74   151.486         -1028.979       435201.454      6477534.902     3.00      
3540.00   74.42     47.79     2938.50   172.929         -1009.919       435222.890      6477553.955     3.00      
3570.00   77.21     46.65     2945.85   194.273         -990.167        435244.226      6477573.701     3.00      
3600.00   80.00     45.54     2951.78   215.458         -969.775        435265.404      6477594.086     3.00      
3630.00   82.80     44.45     2956.27   236.428         -948.799        435286.366      6477615.054     3.00      
3645.36   84.23     43.89     2958.00   247.065         -937.850        435297.000      6477626.000     3.00      
3660.00   84.23     43.89     2959.47   257.161         -927.356        435307.092      6477636.490     0.00      
3690.00   84.23     43.89     2962.48   277.855         -905.847        435327.780      6477657.991     0.00      
3720.00   84.23     43.89     2965.50   298.550         -884.338        435348.467      6477679.493     0.00      
3750.00   84.23     43.89     2968.51   319.245         -862.828        435369.154      6477700.995     0.00      
3780.00   84.23     43.89     2971.52   339.939         -841.319        435389.842      6477722.497     0.00      
3810.00   84.23     43.89     2974.54   360.634         -819.810        435410.529      6477743.999     0.00      
3840.00   84.23     43.89     2977.55   381.328         -798.300        435431.216      6477765.501     0.00      
3870.00   84.23     43.89     2980.56   402.023         -776.791        435451.904      6477787.003     0.00      
3900.00   84.23     43.89     2983.58   422.718         -755.281        435472.591      6477808.505     0.00      
3930.00   84.23     43.89     2986.59   443.412         -733.772        435493.279      6477830.006     0.00      
3960.00   84.23     43.89     2989.60   464.107         -712.263        435513.966      6477851.508     0.00      
3990.00   84.23     43.89     2992.62   484.801         -690.753        435534.653      6477873.010     0.00      
4013.71   84.23     43.89     2995.00   501.159         -673.752        435551.005      6477890.006     0.00      
4020.00   84.48     44.09     2995.62   505.505         -669.251        435555.350      6477894.506     1.50      
4050.00   85.65     45.04     2998.20   526.478         -647.957        435576.315      6477915.792     1.50      
4080.00   86.82     45.98     3000.17   547.831         -626.979        435597.661      6477936.763     1.50      
4110.00   87.99     46.92     3001.53   569.551         -606.331        435619.374      6477957.404     1.50      
4140.00   89.16     47.86     3002.28   591.622         -586.027        435641.437      6477977.701     1.50      
4159.76   89.93     48.47     3002.44   606.346         -572.846        435656.156      6477990.877     1.50      
4170.00   89.93     48.47     3002.45   614.011         -566.059        435663.818      6477997.661     0.00      
4200.00   89.93     48.47     3002.49   636.470         -546.170        435686.270      6478017.543     0.00      
4230.00   89.93     48.47     3002.52   658.930         -526.282        435708.722      6478037.424     0.00      
4260.00   89.93     48.47     3002.56   681.390         -506.393        435731.174      6478057.306     0.00      
4290.00   89.93     48.47     3002.60   703.850         -486.505        435753.626      6478077.188     0.00      
4320.00   89.93     48.47     3002.64   726.310         -466.616        435776.078      6478097.069     0.00      
4337.46   89.93     48.47     3002.66   739.385         -455.038        435789.148      6478108.643     0.00      
4350.00   89.28     48.19     3002.75   748.749         -446.705        435798.509      6478116.974     1.70      
4380.00   87.72     47.52     3003.53   770.985         -426.583        435820.737      6478137.089     1.70      
4410.00   86.15     46.84     3005.14   792.958         -406.223        435842.703      6478157.442     1.70      
4440.00   84.59     46.17     3007.56   814.649         -385.642        435864.387      6478178.015     1.70      
4471.74   82.94     45.45     3011.00   837.271         -363.650        435887.000      6478200.000     1.70      
4500.00   82.94     45.45     3014.47   857.257         -343.972        435906.979      6478219.671     0.00      
4530.00   82.94     45.45     3018.16   878.473         -323.084        435928.188      6478240.551     0.00      
4560.00   82.94     45.45     3021.84   899.689         -302.196        435949.396      6478261.432     0.00      
4590.00   82.94     45.45     3025.53   920.904         -281.308        435970.605      6478282.313     0.00      
4620.00   82.94     45.45     3029.21   942.120         -260.420        435991.813      6478303.194     0.00      
4650.00   82.94     45.45     3032.89   963.336         -239.532        436013.021      6478324.075     0.00      
4680.00   82.94     45.45     3036.58   984.552         -218.644        436034.230      6478344.955     0.00      
4710.00   82.94     45.45     3040.26   1005.768        -197.756        436055.438      6478365.836     0.00      
4740.00   82.94     45.45     3043.95   1026.984        -176.868        436076.647      6478386.717     0.00      
4770.00   82.94     45.45     3047.63   1048.199        -155.980        436097.855      6478407.598     0.00      
4800.00   82.94     45.45     3051.32   1069.415        -135.091        436119.064      6478428.479     0.00      
4830.00   82.94     45.45     3055.00   1090.631        -114.203        436140.272      6478449.359     0.00      
4838.10   82.94     45.45     3056.00   1096.359        -108.564        436145.998      6478454.997     0.00      
4860.00   82.41     45.56     3058.79   1111.853        -93.340         436161.487      6478470.215     0.75      
4890.00   81.68     45.73     3062.94   1133.098        -72.569         436182.724      6478490.979     0.75      
4920.00   80.96     45.89     3067.46   1154.363        -51.898         436203.981      6478511.643     0.75      
4950.00   80.23     46.06     3072.37   1175.643        -31.329         436225.254      6478532.205     0.75      
4980.00   79.50     46.22     3077.65   1196.936        -10.866         436246.540      6478552.661     0.75      
5010.00   78.77     46.39     3083.30   1218.237        9.488           436267.834      6478573.008     0.75      
5040.00   78.04     46.55     3089.33   1239.544        29.728          436289.133      6478593.241     0.75      
5070.00   77.32     46.72     3095.73   1260.852        49.852          436310.434      6478613.358     0.75      
5100.00   76.59     46.89     3102.50   1282.158        69.857          436331.732      6478633.355     0.75      
5130.00   75.86     47.06     3109.65   1303.458        89.737          436353.025      6478653.229     0.75      
5160.00   75.13     47.23     3117.16   1324.750        109.492         436374.309      6478672.977     0.75      
5190.00   74.41     47.40     3125.04   1346.028        129.116         436395.580      6478692.594     0.75      
5220.00   73.68     47.57     3133.29   1367.290        148.607         436416.834      6478712.078     0.75      
5240.03   73.19     47.69     3139.00   1381.476        161.546         436431.016      6478725.013     0.75      
