HEADER INFORMATION (all units in Statoil default) 
----------------------------------------------------------------
COMPANY: Statoil Norway
FIELD: SLEIPNER
WELL NAME: F-13
WELLBORE NAME: F-13
Drilled From: Well Ref. Point
Kick Off Depth: 145.90m
Survey Name: AB DG2_F-13_Target btw F12_F14 Rev2,3 141210-Final
Survey Date: 18.01.2011
Extraction Date: 03.04.2018
----------------------------------------------------------------
Calculation Method: Minimum Curvature
Datum Name: MI(54.90m)
----------------------------------------------------------------
Surface EW: 435051.324m
Surface NS: 6478564.265m
Surface Latitude: 58° 26' 29.8315 N
Surface Longitude: 1° 53' 15.0081 E
Bottom Hole MD: 3647.55m
Bottom Hole TVD: 2942.33m
Bottom Hole EW: 435756.885m
Bottom Hole NS: 6478389.837m
----------------------------------------------------------------
Survey Program:  
H  146 - 555 AB DG2_F-13_TARGET BTW F12_F14 REV2,3 141210-FINAL : WELLBORE SURVEYOR, STAT
H  555 - 3416 AB DG2_F-13_TARGET BTW F12_F14 REV2,3 141210-FINAL : MAGNETIC, STD, NON-MAG
H  555 - 3416 AB DG2_F-13_TARGET BTW F12_F14 REV2,3 141210-FINAL : NOTUSE_WELLBORE SURVEYOR, CONT
H  3416 - 3648 AB DG2_F-13_TARGET BTW F12_F14 REV2,3 141210-FINAL : MAGNETIC, STD, NON-MAG
----------------------------------------------------------------
Water Depth: 91.00m
KB-WH: 145.90m
KB-MSL: 54.90m
System Datum: Mean Sea Level
----------------------------------------------------------------
Map-Zone: Zone 31N (0 E to 6 E)
North Reference: Grid
Geo Datum: European 1950 - Mean
Vertical Section Direction: 103.89deg
----------------------------------------------------------------
SURVEY LIST
MD        Inc       Azim      TVD       X-Offset (E/W)  Y-Offset (N/S)  UTM E/W         UTM N/S         DLS
m RKB     deg       deg       m RKB     m               m               m               m               deg/30m
0.00      0.00      0.00      0.00      1.304           0.742           435051.324      6478564.265     0.00      
145.90    0.00      0.00      145.90    1.304           0.742           435051.324      6478564.265     0.00      
150.00    0.00      0.00      150.00    1.304           0.742           435051.324      6478564.265     0.00      
180.00    0.00      0.00      180.00    1.304           0.742           435051.324      6478564.265     0.00      
200.00    0.00      0.00      200.00    1.304           0.742           435051.324      6478564.265     0.00      
210.00    0.33      230.00    210.00    1.281           0.724           435051.302      6478564.246     1.00      
240.00    1.33      230.00    240.00    0.947           0.443           435050.968      6478563.966     1.00      
260.00    2.00      230.00    259.99    0.502           0.069           435050.522      6478563.592     1.00      
270.00    2.01      235.41    269.98    0.224           -0.143          435050.244      6478563.381     0.57      
300.00    2.14      250.73    299.96    -0.739          -0.626          435049.282      6478562.897     0.57      
330.00    2.41      263.46    329.94    -1.896          -0.884          435048.126      6478562.640     0.57      
360.00    2.77      273.30    359.91    -3.245          -0.914          435046.777      6478562.610     0.57      
390.00    3.19      280.72    389.87    -4.787          -0.717          435045.236      6478562.806     0.57      
420.00    3.65      286.35    419.81    -6.521          -0.294          435043.502      6478563.230     0.57      
450.00    4.13      290.68    449.75    -8.449          0.357           435041.575      6478563.880     0.57      
480.00    4.64      294.09    479.66    -10.568         1.234           435039.456      6478564.757     0.57      
510.00    5.16      296.82    509.55    -12.880         2.338           435037.145      6478565.860     0.57      
540.00    5.69      299.05    539.41    -15.384         3.668           435034.643      6478567.190     0.57      
570.00    6.22      300.89    569.25    -18.079         5.225           435031.948      6478568.746     0.57      
600.00    6.77      302.45    599.06    -20.965         7.008           435029.063      6478570.529     0.57      
630.00    7.31      303.77    628.83    -24.043         9.018           435025.986      6478572.537     0.57      
660.00    7.86      304.92    658.57    -27.312         11.253          435022.719      6478574.772     0.57      
690.00    8.41      305.91    688.27    -30.771         13.714          435019.261      6478577.232     0.57      
720.00    8.96      306.78    717.92    -34.420         16.400          435015.613      6478579.917     0.57      
750.00    9.52      307.55    747.53    -38.259         19.311          435011.775      6478582.828     0.57      
780.00    10.08     308.24    777.10    -42.288         22.448          435007.748      6478585.963     0.57      
810.00    10.64     308.85    806.61    -46.505         25.809          435003.532      6478589.323     0.57      
840.00    11.19     309.41    836.06    -50.911         29.394          434999.128      6478592.907     0.57      
870.00    11.75     309.91    865.46    -55.505         33.203          434994.535      6478596.715     0.57      
900.00    12.32     310.37    894.81    -60.287         37.236          434989.755      6478600.746     0.57      
930.00    12.88     310.78    924.08    -65.256         41.492          434984.788      6478605.000     0.57      
960.00    13.44     311.17    953.30    -70.412         45.970          434979.634      6478609.477     0.57      
990.00    14.00     311.52    982.44    -75.754         50.671          434974.293      6478614.176     0.57      
1020.00   14.57     311.85    1011.51   -81.282         55.594          434968.768      6478619.097     0.57      
1050.00   15.13     312.15    1040.51   -86.995         60.738          434963.057      6478624.239     0.57      
1080.00   15.69     312.43    1069.43   -92.892         66.102          434957.161      6478629.602     0.57      
1110.00   16.26     312.69    1098.27   -98.974         71.687          434951.082      6478635.185     0.57      
1140.00   16.82     312.94    1127.03   -105.239        77.492          434944.819      6478640.988     0.57      
1170.00   17.39     313.17    1155.70   -111.686        83.516          434938.373      6478647.010     0.57      
1200.00   17.95     313.38    1184.29   -118.316        89.759          434931.746      6478653.250     0.57      
1230.00   18.52     313.58    1212.78   -125.128        96.219          434924.937      6478659.708     0.57      
1260.00   19.08     313.78    1241.18   -132.120        102.897         434917.947      6478666.384     0.57      
1290.00   19.65     313.96    1269.48   -139.292        109.791         434910.777      6478673.276     0.57      
1320.00   20.22     314.13    1297.68   -146.644        116.902         434903.428      6478680.384     0.57      
1350.00   20.78     314.29    1325.78   -154.175        124.227         434895.900      6478687.707     0.57      
1353.06   20.84     314.31    1328.64   -154.952        124.985         434895.123      6478688.465     0.57      
1380.00   20.84     314.31    1353.82   -161.812        131.681         434888.266      6478695.158     0.00      
1410.00   20.84     314.31    1381.86   -169.450        139.136         434880.630      6478702.610     0.00      
1440.00   20.84     314.31    1409.90   -177.087        146.591         434872.995      6478710.063     0.00      
1470.00   20.84     314.31    1437.93   -184.725        154.046         434865.360      6478717.515     0.00      
1500.00   20.84     314.31    1465.97   -192.363        161.501         434857.725      6478724.967     0.00      
1530.00   20.84     314.31    1494.01   -200.001        168.955         434850.090      6478732.420     0.00      
1560.00   20.84     314.31    1522.05   -207.638        176.410         434842.455      6478739.872     0.00      
1590.00   20.84     314.31    1550.08   -215.276        183.865         434834.820      6478747.324     0.00      
1620.00   20.84     314.31    1578.12   -222.914        191.320         434827.184      6478754.776     0.00      
1650.00   20.84     314.31    1606.16   -230.552        198.775         434819.549      6478762.229     0.00      
1680.00   20.84     314.31    1634.20   -238.190        206.230         434811.914      6478769.681     0.00      
1700.52   20.84     314.31    1653.38   -243.415        211.330         434806.691      6478774.779     0.00      
1710.00   20.29     314.78    1662.25   -245.787        213.665         434804.319      6478777.113     1.82      
1740.00   18.56     316.45    1690.54   -252.769        220.789         434797.340      6478784.235     1.82      
1770.00   16.84     318.45    1719.12   -258.940        227.501         434791.171      6478790.945     1.82      
1800.00   15.15     320.89    1747.96   -264.295        233.794         434785.818      6478797.236     1.82      
1830.00   13.49     323.92    1777.03   -268.827        239.663         434781.287      6478803.103     1.82      
1860.00   11.87     327.77    1806.29   -272.533        245.101         434777.582      6478808.539     1.82      
1890.00   10.33     332.78    1835.73   -275.409        250.102         434774.708      6478813.538     1.82      
1920.00   8.88      339.46    1865.31   -277.452        254.663         434772.666      6478818.097     1.82      
1950.00   7.60      348.53    1895.00   -278.659        258.777         434771.459      6478822.210     1.82      
1980.00   6.58      0.00      1924.78   -279.030        262.441         434771.088      6478825.872     1.74      
2010.00   5.95      16.52     1954.60   -278.564        265.651         434771.554      6478829.081     1.90      
2040.00   5.84      34.28     1984.44   -277.262        268.404         434772.856      6478831.833     1.82      
2070.00   6.28      51.08     2014.28   -275.124        270.697         434774.993      6478834.126     1.82      
2100.00   7.17      64.72     2044.07   -272.154        272.528         434777.962      6478835.956     1.82      
2130.00   8.36      74.93     2073.80   -268.353        273.895         434781.761      6478837.323     1.82      
2160.00   9.75      82.44     2103.42   -263.727        274.797         434786.386      6478838.224     1.82      
2190.00   11.26     88.03     2132.92   -258.279        275.232         434791.832      6478838.659     1.82      
2220.00   12.86     92.27     2162.26   -252.016        275.200         434798.093      6478838.627     1.82      
2250.00   14.50     95.59     2191.41   -244.942        274.702         434805.164      6478838.129     1.82      
2280.00   16.18     98.23     2220.34   -237.067        273.738         434813.037      6478837.165     1.82      
2310.00   17.89     100.39    2249.02   -228.397        272.308         434821.704      6478835.736     1.82      
2340.00   19.62     102.18    2277.43   -218.941        270.414         434831.156      6478833.843     1.82      
2370.00   21.36     103.69    2305.53   -208.709        268.059         434841.385      6478831.488     1.82      
2400.00   23.11     104.98    2333.29   -197.711        265.244         434852.379      6478828.674     1.82      
2430.00   24.88     106.10    2360.70   -185.958        261.972         434864.128      6478825.404     1.82      
2460.00   26.65     107.07    2387.72   -173.463        258.247         434876.619      6478821.680     1.82      
2490.00   28.43     107.94    2414.32   -160.237        254.073         434889.840      6478817.507     1.82      
2520.00   30.21     108.71    2440.48   -146.294        249.452         434903.777      6478812.889     1.82      
2550.00   31.99     109.40    2466.16   -131.649        244.392         434918.418      6478807.830     1.82      
2580.00   33.78     110.03    2491.35   -116.316        238.895         434933.746      6478802.335     1.82      
2610.00   35.57     110.60    2516.02   -100.310        232.969         434949.746      6478796.411     1.82      
2640.00   37.37     111.12    2540.15   -83.648         226.618         434966.402      6478790.062     1.82      
2670.00   39.16     111.60    2563.70   -66.346         219.850         434983.698      6478783.297     1.82      
2700.00   40.96     112.05    2586.66   -48.422         212.671         435001.616      6478776.120     1.82      
2730.00   42.76     112.46    2609.00   -29.894         205.089         435020.137      6478768.540     1.82      
2760.00   44.56     112.85    2630.70   -10.781         197.110         435039.243      6478760.564     1.82      
2790.00   46.37     113.21    2651.74   8.898           188.744         435058.915      6478752.201     1.82      
2820.00   48.17     113.55    2672.10   29.123          179.998         435079.133      6478743.458     1.82      
2850.00   49.97     113.88    2691.75   49.873          170.882         435099.877      6478734.345     1.82      
2880.00   51.78     114.18    2710.68   71.128          161.404         435121.125      6478724.871     1.82      
2910.00   53.59     114.48    2728.87   92.867          151.574         435142.856      6478715.045     1.82      
2940.00   55.39     114.75    2746.29   115.067         141.403         435165.048      6478704.877     1.82      
2970.00   57.20     115.02    2762.94   137.705         130.900         435187.678      6478694.377     1.82      
3000.00   59.01     115.28    2778.79   160.760         120.076         435210.725      6478683.557     1.82      
3030.00   60.82     115.52    2793.83   184.207         108.942         435234.164      6478672.427     1.82      
3060.00   62.62     115.76    2808.04   208.023         97.509          435257.972      6478660.998     1.82      
3090.00   64.43     115.99    2821.41   232.184         85.789          435282.124      6478649.282     1.82      
3120.00   66.24     116.21    2833.93   256.666         73.793          435306.597      6478637.291     1.82      
3150.00   68.05     116.43    2845.58   281.443         61.534          435331.366      6478625.036     1.82      
3180.00   69.86     116.64    2856.35   306.492         49.025          435356.406      6478612.531     1.82      
3210.00   71.67     116.85    2866.23   331.785         36.277          435381.691      6478599.787     1.82      
3231.97   73.00     117.00    2872.90   350.451         26.796          435400.350      6478590.310     1.82      
3240.00   73.68     117.44    2875.20   357.291         23.278          435407.187      6478586.793     3.00      
3270.00   76.25     119.05    2882.98   382.811         9.568           435432.699      6478573.087     3.00      
3282.26   77.30     119.69    2885.79   393.210         3.715           435443.093      6478567.237     3.00      
3300.00   77.30     119.69    2889.69   408.245         -4.859          435458.124      6478558.666     0.00      
3330.00   77.30     119.69    2896.28   433.668         -19.357         435483.538      6478544.173     0.00      
3360.00   77.30     119.69    2902.87   459.091         -33.854         435508.952      6478529.681     0.00      
3363.10   77.30     119.69    2903.56   461.716         -35.351         435511.576      6478528.184     0.00      
3390.00   79.99     119.54    2908.85   484.644         -48.385         435534.496      6478515.155     3.00      
3416.86   82.67     119.39    2912.90   507.756         -61.444         435557.600      6478502.100     3.00      
3420.00   82.67     119.39    2913.30   510.473         -62.975         435560.316      6478500.570     0.00      
3450.00   82.67     119.39    2917.13   536.397         -77.579         435586.231      6478485.971     0.00      
3480.00   82.67     119.39    2920.96   562.322         -92.183         435612.147      6478471.372     0.00      
3510.00   82.67     119.39    2924.78   588.246         -106.787        435638.062      6478456.773     0.00      
3540.00   82.67     119.39    2928.61   614.170         -121.391        435663.977      6478442.174     0.00      
3547.55   82.67     119.39    2929.57   620.695         -125.067        435670.500      6478438.500     0.00      
3570.00   82.67     119.39    2932.44   640.095         -135.995        435689.893      6478427.575     0.00      
3600.00   82.67     119.39    2936.27   666.019         -150.599        435715.808      6478412.976     0.00      
3630.00   82.67     119.39    2940.09   691.944         -165.203        435741.724      6478398.378     0.00      
3647.55   82.67     119.39    2942.33   707.110         -173.747        435756.885      6478389.837     0.00      
