HEADER INFORMATION (all units in Statoil default) 
----------------------------------------------------------------
COMPANY: Statoil Norway
FIELD: SLEIPNER
WELL NAME: F-13
WELLBORE NAME: F-13
Drilled From: Well Ref. Point
Kick Off Depth: 145.90m
Survey Name: AB DG2_F-13_Target F14N Rev1,2 141210-Final
Survey Date: 18.01.2011
Extraction Date: 03.04.2018
----------------------------------------------------------------
Calculation Method: Minimum Curvature
Datum Name: MI(54.90m)
----------------------------------------------------------------
Surface EW: 435051.324m
Surface NS: 6478564.265m
Surface Latitude: 58° 26' 29.8315 N
Surface Longitude: 1° 53' 15.0081 E
Bottom Hole MD: 3616.06m
Bottom Hole TVD: 2972.86m
Bottom Hole EW: 435747.618m
Bottom Hole NS: 6479180.201m
----------------------------------------------------------------
Survey Program:  
H  146 - 738 AB DG2_F-13_TARGET F14N REV1,2 141210-FINAL : WELLBORE SURVEYOR, STAT
H  750 - 3194 AB DG2_F-13_TARGET F14N REV1,2 141210-FINAL : MAGNETIC, STD, NON-MAG
H  750 - 3194 AB DG2_F-13_TARGET F14N REV1,2 141210-FINAL : NOTUSE_WELLBORE SURVEYOR, CONT
H  3194 - 3616 AB DG2_F-13_TARGET F14N REV1,2 141210-FINAL : MAGNETIC, STD, NON-MAG
----------------------------------------------------------------
Water Depth: 91.00m
KB-WH: 145.90m
KB-MSL: 54.90m
System Datum: Mean Sea Level
----------------------------------------------------------------
Map-Zone: Zone 31N (0 E to 6 E)
North Reference: Grid
Geo Datum: European 1950 - Mean
Vertical Section Direction: 48.50deg
----------------------------------------------------------------
SURVEY LIST
MD        Inc       Azim      TVD       X-Offset (E/W)  Y-Offset (N/S)  UTM E/W         UTM N/S         DLS
m RKB     deg       deg       m RKB     m               m               m               m               deg/30m
145.90    0.00      0.00      145.90    1.304           0.742           435051.324      6478564.265     0.00      
150.00    0.00      360.00    150.00    1.304           0.742           435051.324      6478564.265     0.00      
180.00    0.00      360.00    180.00    1.304           0.742           435051.324      6478564.265     0.00      
196.00    0.00      360.00    196.00    1.304           0.742           435051.324      6478564.265     0.00      
210.00    0.47      238.00    210.00    1.255           0.712           435051.276      6478564.235     1.00      
240.00    1.47      238.00    240.00    0.826           0.444           435050.847      6478563.967     1.00      
270.00    2.47      238.00    269.98    -0.047          -0.102          435049.974      6478563.421     1.00      
296.00    3.33      238.00    295.94    -1.162          -0.799          435048.859      6478562.724     1.00      
300.00    3.33      238.00    299.94    -1.360          -0.922          435048.662      6478562.601     0.00      
330.00    3.33      238.00    329.89    -2.839          -1.846          435047.183      6478561.677     0.00      
360.00    3.33      238.00    359.84    -4.318          -2.771          435045.704      6478560.753     0.00      
390.00    3.33      238.00    389.78    -5.798          -3.695          435044.225      6478559.829     0.00      
420.00    3.33      238.00    419.73    -7.277          -4.619          435042.747      6478558.905     0.00      
450.00    3.33      238.00    449.68    -8.756          -5.544          435041.268      6478557.981     0.00      
480.00    3.33      238.00    479.63    -10.235         -6.468          435039.789      6478557.057     0.00      
496.00    3.33      238.00    495.61    -11.024         -6.961          435039.000      6478556.564     0.00      
510.00    3.89      239.26    509.58    -11.777         -7.419          435038.248      6478556.106     1.20      
540.00    5.08      241.04    539.49    -13.814         -8.583          435036.212      6478554.943     1.20      
570.00    6.27      242.14    569.34    -16.425         -9.992          435033.601      6478553.534     1.20      
592.71    7.18      242.73    591.89    -18.784         -11.222         435031.243      6478552.304     1.20      
600.00    7.18      242.73    599.12    -19.594         -11.640         435030.434      6478551.887     0.00      
630.00    7.18      242.73    628.89    -22.927         -13.358         435027.102      6478550.169     0.00      
660.00    7.18      242.73    658.65    -26.260         -15.077         435023.770      6478548.451     0.00      
690.00    7.18      242.73    688.42    -29.593         -16.795         435020.438      6478546.734     0.00      
720.00    7.18      242.73    718.18    -32.926         -18.514         435017.106      6478545.016     0.00      
780.00    7.18      242.73    777.71    -39.592         -21.950         435010.442      6478541.580     0.00      
810.00    7.18      242.73    807.48    -42.925         -23.669         435007.110      6478539.863     0.00      
840.00    7.18      242.73    837.24    -46.259         -25.387         435003.778      6478538.145     0.00      
870.00    7.18      242.73    867.01    -49.592         -27.105         435000.447      6478536.427     0.00      
900.00    7.18      242.73    896.77    -52.925         -28.824         434997.115      6478534.709     0.00      
930.00    7.18      242.73    926.54    -56.258         -30.542         434993.783      6478532.991     0.00      
960.00    7.18      242.73    956.30    -59.591         -32.261         434990.451      6478531.274     0.00      
990.00    7.18      242.73    986.06    -62.924         -33.979         434987.119      6478529.556     0.00      
1020.00   7.18      242.73    1015.83   -66.257         -35.697         434983.787      6478527.838     0.00      
1050.00   7.18      242.73    1045.59   -69.590         -37.416         434980.455      6478526.120     0.00      
1080.00   7.18      242.73    1075.36   -72.923         -39.134         434977.123      6478524.403     0.00      
1110.00   7.18      242.73    1105.12   -76.256         -40.852         434973.791      6478522.685     0.00      
1140.00   7.18      242.73    1134.89   -79.589         -42.571         434970.459      6478520.967     0.00      
1170.00   7.18      242.73    1164.65   -82.922         -44.289         434967.127      6478519.249     0.00      
1200.00   7.18      242.73    1194.42   -86.255         -46.008         434963.796      6478517.531     0.00      
1230.00   7.18      242.73    1224.18   -89.588         -47.726         434960.464      6478515.814     0.00      
1260.00   7.18      242.73    1253.95   -92.921         -49.444         434957.132      6478514.096     0.00      
1290.00   7.18      242.73    1283.71   -96.255         -51.163         434953.800      6478512.378     0.00      
1320.00   7.18      242.73    1313.48   -99.588         -52.881         434950.468      6478510.660     0.00      
1350.00   7.18      242.73    1343.24   -102.921        -54.599         434947.136      6478508.943     0.00      
1380.00   7.18      242.73    1373.01   -106.254        -56.318         434943.804      6478507.225     0.00      
1410.00   7.18      242.73    1402.77   -109.587        -58.036         434940.472      6478505.507     0.00      
1440.00   7.18      242.73    1432.54   -112.920        -59.755         434937.140      6478503.789     0.00      
1470.00   7.18      242.73    1462.30   -116.253        -61.473         434933.808      6478502.071     0.00      
1500.00   7.18      242.73    1492.06   -119.586        -63.191         434930.476      6478500.354     0.00      
1530.00   7.18      242.73    1521.83   -122.919        -64.910         434927.145      6478498.636     0.00      
1560.00   7.18      242.73    1551.59   -126.252        -66.628         434923.813      6478496.918     0.00      
1590.00   7.18      242.73    1581.36   -129.585        -68.346         434920.481      6478495.200     0.00      
1620.00   7.18      242.73    1611.12   -132.918        -70.065         434917.149      6478493.483     0.00      
1650.00   7.18      242.73    1640.89   -136.251        -71.783         434913.817      6478491.765     0.00      
1680.00   7.18      242.73    1670.65   -139.584        -73.502         434910.485      6478490.047     0.00      
1710.00   7.18      242.73    1700.42   -142.918        -75.220         434907.153      6478488.329     0.00      
1740.00   7.18      242.73    1730.18   -146.251        -76.938         434903.821      6478486.611     0.00      
1770.00   7.18      242.73    1759.95   -149.584        -78.657         434900.489      6478484.894     0.00      
1799.66   7.18      242.73    1789.37   -152.879        -80.355         434897.196      6478483.196     0.00      
1800.00   7.16      242.76    1789.71   -152.917        -80.375         434897.157      6478483.176     1.70      
1830.00   5.50      246.05    1819.53   -155.893        -81.815         434894.182      6478481.737     1.70      
1860.00   3.87      252.14    1849.43   -158.172        -82.709         434891.904      6478480.843     1.70      
1890.00   2.35      266.52    1879.38   -159.750        -83.057         434890.327      6478480.495     1.70      
1920.00   1.35      311.95    1909.37   -160.626        -82.859         434889.451      6478480.693     1.70      
1950.00   1.97      9.91      1939.36   -160.799        -82.114         434889.278      6478481.438     1.70      
1980.00   3.43      29.39     1969.32   -160.270        -80.823         434889.807      6478482.728     1.70      
2010.00   5.04      36.90     1999.24   -159.039        -78.987         434891.038      6478484.563     1.70      
2040.00   6.69      40.75     2029.08   -157.106        -76.609         434892.970      6478486.941     1.70      
2070.00   8.37      43.07     2058.82   -154.474        -73.690         434895.601      6478489.859     1.70      
2100.00   10.05     44.62     2088.44   -151.145        -70.232         434898.929      6478493.315     1.70      
2130.00   11.74     45.73     2117.89   -147.121        -66.239         434902.951      6478497.307     1.70      
2160.00   13.43     46.56     2147.17   -142.407        -61.714         434907.664      6478501.830     1.70      
2190.00   15.12     47.21     2176.25   -137.006        -56.662         434913.062      6478506.881     1.70      
2220.00   16.81     47.74     2205.09   -130.924        -51.086         434919.143      6478512.455     1.70      
2250.00   18.51     48.16     2233.67   -124.165        -44.992         434925.899      6478518.547     1.70      
2280.00   20.20     48.52     2261.98   -116.735        -38.384         434933.326      6478525.152     1.70      
2310.00   21.90     48.83     2289.97   -108.642        -31.270         434941.417      6478532.264     1.70      
2340.00   23.60     49.09     2317.64   -99.892         -23.654         434950.164      6478539.877     1.70      
2370.00   25.29     49.32     2344.95   -90.493         -15.544         434959.560      6478547.985     1.70      
2400.00   26.99     49.53     2371.88   -80.452         -6.947          434969.596      6478556.579     1.70      
2430.00   28.69     49.71     2398.40   -69.780         2.130           434980.265      6478565.652     1.70      
2460.00   30.39     49.87     2424.50   -58.486         11.678          434991.556      6478575.197     1.70      
2490.00   32.09     50.01     2450.15   -46.578         21.690          435003.459      6478585.205     1.70      
2520.00   33.78     50.15     2475.33   -34.069         32.156          435015.964      6478595.668     1.70      
2550.00   35.48     50.27     2500.01   -20.968         43.067          435029.060      6478606.575     1.70      
2580.00   37.18     50.38     2524.18   -7.288          54.414          435042.736      6478617.918     1.70      
2610.00   38.88     50.49     2547.81   6.960           66.186          435056.979      6478629.686     1.70      
2640.00   40.58     50.58     2570.88   21.763          78.373          435071.777      6478641.869     1.70      
2670.00   42.28     50.67     2593.37   37.108          90.965          435087.116      6478654.456     1.70      
2700.00   43.98     50.76     2615.27   52.982          103.950         435102.984      6478667.437     1.70      
2730.00   45.68     50.84     2636.54   69.370          117.318         435119.367      6478680.800     1.70      
2760.00   47.38     50.91     2657.18   86.258          131.055         435136.249      6478694.533     1.70      
2790.00   49.08     50.98     2677.17   103.632         145.151         435153.616      6478708.623     1.70      
2820.00   50.77     51.05     2696.48   121.475         159.592         435171.454      6478723.060     1.70      
2850.00   52.47     51.11     2715.11   139.773         174.366         435189.745      6478737.829     1.70      
2880.00   54.17     51.17     2733.02   158.509         189.461         435208.474      6478752.918     1.70      
2910.00   55.87     51.23     2750.22   177.666         204.862         435227.625      6478768.313     1.70      
2940.00   57.57     51.29     2766.68   197.228         220.556         435247.180      6478784.002     1.70      
2970.00   59.27     51.34     2782.39   217.178         236.529         435267.123      6478799.970     1.70      
3000.00   60.97     51.40     2797.34   237.498         252.768         435287.436      6478816.203     1.70      
3030.00   62.67     51.45     2811.50   258.170         269.258         435308.101      6478832.687     1.70      
3060.00   64.37     51.50     2824.88   279.175         285.984         435329.099      6478849.407     1.70      
3090.00   66.07     51.54     2837.45   300.497         302.932         435350.413      6478866.349     1.70      
3120.00   67.77     51.59     2849.21   322.115         320.086         435372.023      6478883.498     1.70      
3150.00   69.47     51.64     2860.15   344.010         337.433         435393.911      6478900.838     1.70      
3180.00   71.17     51.68     2870.25   366.164         354.956         435416.057      6478918.355     1.70      
3194.70   72.00     51.70     2874.90   377.110         363.604         435427.000      6478927.000     1.70      
3204.70   72.00     51.70     2877.99   384.574         369.498         435434.461      6478932.892     0.00      
3210.00   72.46     51.70     2879.61   388.532         372.624         435438.418      6478936.017     2.60      
3240.00   75.06     51.70     2888.00   411.135         390.473         435461.012      6478953.860     2.60      
3270.00   77.66     51.70     2895.07   434.012         408.540         435483.882      6478971.921     2.60      
3300.00   80.26     51.70     2900.82   457.118         426.788         435506.980      6478990.162     2.60      
3330.00   82.86     51.70     2905.22   480.404         445.178         435530.258      6479008.546     2.60      
3343.17   84.00     51.70     2906.73   490.668         453.283         435540.518      6479016.648     2.60      
3353.17   84.00     51.70     2907.77   498.473         459.447         435548.320      6479022.810     0.00      
3360.00   83.49     51.70     2908.52   503.805         463.658         435553.651      6479027.019     2.23      
3390.00   81.26     51.70     2912.50   527.139         482.085         435576.976      6479045.440     2.23      
3420.00   79.02     51.70     2917.63   550.334         500.402         435600.163      6479063.751     2.23      
3450.00   76.79     51.70     2923.92   573.353         518.582         435623.175      6479081.924     2.23      
3480.00   74.56     51.70     2931.34   596.163         536.596         435645.977      6479099.932     2.23      
3510.00   72.33     51.70     2939.89   618.729         554.416         435668.535      6479117.746     2.23      
3516.06   71.87     51.70     2941.75   623.256         557.991         435673.060      6479121.320     2.23      
3540.00   71.87     51.70     2949.20   641.110         572.091         435690.908      6479135.415     0.00      
3570.00   71.87     51.70     2958.53   663.486         589.762         435713.275      6479153.079     0.00      
3600.00   71.87     51.70     2967.86   685.861         607.432         435735.643      6479170.743     0.00      
3616.06   71.87     51.70     2972.86   697.840         616.892         435747.618      6479180.201     0.00      
