HEADER INFORMATION (all units in Statoil default) 
----------------------------------------------------------------
COMPANY: Statoil Norway
FIELD: SLEIPNER
WELL NAME: F-13
WELLBORE NAME: F-13
Drilled From: Well Ref. Point
Kick Off Depth: 145.00m
Survey Name: F-13 _IOR_SE_entry(Top Hugin)  rev1 YH-(170221)
Survey Date: 24.02.2012
Extraction Date: 03.04.2018
----------------------------------------------------------------
Calculation Method: Minimum Curvature
Datum Name: Maersk Inspirer(54.00m)
----------------------------------------------------------------
Surface EW: 435051.324m
Surface NS: 6478564.265m
Surface Latitude: 58° 26' 29.8315 N
Surface Longitude: 1° 53' 15.0081 E
Bottom Hole MD: 3254.43m
Bottom Hole TVD: 2883.31m
Bottom Hole EW: 435022.940m
Bottom Hole NS: 6478314.820m
----------------------------------------------------------------
Survey Program:  
H  145 - 3254 F-13 _IOR_SE_ENTRY(TOP HUGIN)  REV1 YH-(170221) : MAGNETIC, IFR, NON-MAG
----------------------------------------------------------------
Water Depth: 91.00m
KB-WH: 145.00m
KB-MSL: 54.00m
System Datum: Mean Sea Level
----------------------------------------------------------------
Map-Zone: Zone 31N (0 E to 6 E)
North Reference: Grid
Geo Datum: European 1950 - Mean
Vertical Section Direction: 186.49deg
----------------------------------------------------------------
SURVEY LIST
MD        Inc       Azim      TVD       X-Offset (E/W)  Y-Offset (N/S)  UTM E/W         UTM N/S         DLS
m RKB     deg       deg       m RKB     m               m               m               m               deg/30m
-0.90     0.00      0.00      -0.90     1.304           0.742           435051.324      6478564.265     0.00      
145.00    0.00      360.00    145.00    1.304           0.742           435051.324      6478564.265     0.00      
150.00    0.00      360.00    150.00    1.304           0.742           435051.324      6478564.265     0.00      
180.00    0.00      360.00    180.00    1.304           0.742           435051.324      6478564.265     0.00      
210.00    0.00      360.00    210.00    1.304           0.742           435051.324      6478564.265     0.00      
240.00    0.00      360.00    240.00    1.304           0.742           435051.324      6478564.265     0.00      
270.00    0.00      360.00    270.00    1.304           0.742           435051.324      6478564.265     0.00      
300.00    0.00      360.00    300.00    1.304           0.742           435051.324      6478564.265     0.00      
330.00    0.00      360.00    330.00    1.304           0.742           435051.324      6478564.265     0.00      
360.00    0.00      360.00    360.00    1.304           0.742           435051.324      6478564.265     0.00      
390.00    0.00      360.00    390.00    1.304           0.742           435051.324      6478564.265     0.00      
400.00    0.00      360.00    400.00    1.304           0.742           435051.324      6478564.265     0.00      
420.00    0.67      45.00     420.00    1.386           0.825           435051.406      6478564.347     1.00      
450.00    1.67      45.00     449.99    1.818           1.256           435051.838      6478564.779     1.00      
480.00    2.67      45.00     479.97    2.620           2.058           435052.640      6478565.581     1.00      
510.00    3.67      45.00     509.92    3.792           3.230           435053.811      6478566.752     1.00      
540.00    4.67      45.00     539.85    5.333           4.772           435055.352      6478568.293     1.00      
570.00    5.67      45.00     569.72    7.243           6.682           435057.262      6478570.202     1.00      
600.00    6.67      45.00     599.55    9.522           8.961           435059.540      6478572.480     1.00      
630.00    7.67      45.00     629.31    12.168          11.607          435062.185      6478575.126     1.00      
660.00    8.67      45.00     659.01    15.182          14.620          435065.197      6478578.138     1.00      
690.00    9.67      45.00     688.63    18.561          18.000          435068.576      6478581.516     1.00      
720.00    10.67     45.00     718.15    22.306          21.744          435072.319      6478585.259     1.00      
750.00    11.67     45.00     747.59    26.414          25.852          435076.425      6478589.366     1.00      
780.00    12.67     45.00     776.91    30.884          30.323          435080.895      6478593.835     1.00      
810.00    13.67     45.00     806.12    35.716          35.155          435085.725      6478598.666     1.00      
840.00    14.67     45.00     835.21    40.908          40.347          435090.915      6478603.856     1.00      
850.00    15.00     45.00     844.88    42.718          42.157          435092.724      6478605.665     1.00      
870.00    15.00     45.00     864.20    46.379          45.817          435096.383      6478609.324     0.00      
900.00    15.00     45.00     893.17    51.869          51.308          435101.872      6478614.813     0.00      
930.00    15.00     45.00     922.15    57.359          56.798          435107.360      6478620.301     0.00      
960.00    15.00     45.00     951.13    62.850          62.288          435112.849      6478625.790     0.00      
990.00    15.00     45.00     980.11    68.340          67.779          435118.337      6478631.278     0.00      
1020.00   15.00     45.00     1009.08   73.831          73.269          435123.826      6478636.767     0.00      
1050.00   15.00     45.00     1038.06   79.321          78.759          435129.314      6478642.255     0.00      
1080.00   15.00     45.00     1067.04   84.811          84.250          435134.803      6478647.744     0.00      
1110.00   15.00     45.00     1096.02   90.302          89.740          435140.291      6478653.232     0.00      
1140.00   15.00     45.00     1125.00   95.792          95.231          435145.780      6478658.720     0.00      
1170.00   15.00     45.00     1153.97   101.282         100.721         435151.268      6478664.209     0.00      
1200.00   15.00     45.00     1182.95   106.773         106.211         435156.757      6478669.697     0.00      
1230.00   15.00     45.00     1211.93   112.263         111.702         435162.245      6478675.186     0.00      
1260.00   15.00     45.00     1240.91   117.754         117.192         435167.734      6478680.674     0.00      
1290.00   15.00     45.00     1269.88   123.244         122.683         435173.222      6478686.163     0.00      
1320.00   15.00     45.00     1298.86   128.734         128.173         435178.710      6478691.651     0.00      
1350.00   15.00     45.00     1327.84   134.225         133.663         435184.199      6478697.140     0.00      
1380.00   15.00     45.00     1356.82   139.715         139.154         435189.687      6478702.628     0.00      
1410.00   15.00     45.00     1385.80   145.206         144.644         435195.176      6478708.117     0.00      
1440.00   15.00     45.00     1414.77   150.696         150.134         435200.664      6478713.605     0.00      
1470.00   15.00     45.00     1443.75   156.186         155.625         435206.153      6478719.094     0.00      
1500.00   15.00     45.00     1472.73   161.677         161.115         435211.641      6478724.582     0.00      
1530.00   15.00     45.00     1501.71   167.167         166.606         435217.130      6478730.071     0.00      
1560.00   14.06     39.59     1530.75   172.235         172.160         435222.196      6478735.623     1.65      
1590.00   13.26     33.48     1559.90   176.455         177.838         435226.415      6478741.299     1.65      
1620.00   12.62     26.68     1589.14   179.825         183.637         435229.783      6478747.096     1.65      
1650.00   12.17     19.28     1618.44   182.340         189.550         435232.297      6478753.007     1.65      
1680.00   11.93     11.45     1647.78   183.999         195.574         435233.956      6478759.029     1.65      
1710.00   11.91     3.46      1677.14   184.801         201.703         435234.758      6478765.155     1.65      
1740.00   12.11     355.58    1706.48   184.745         207.931         435234.702      6478771.382     1.65      
1770.00   12.53     348.10    1735.80   183.832         214.255         435233.788      6478777.703     1.65      
1800.00   13.14     341.19    1765.05   182.060         220.668         435232.018      6478784.114     1.65      
1830.00   13.92     334.96    1794.22   179.434         227.165         435229.392      6478790.609     1.65      
1860.00   14.84     329.43    1823.28   175.953         233.742         435225.913      6478797.183     1.65      
1890.00   15.87     324.57    1852.21   171.622         240.391         435221.583      6478803.831     1.65      
1920.00   17.00     320.32    1880.98   166.444         247.109         435216.407      6478810.546     1.65      
1930.61   17.42     318.94    1891.12   164.410         249.501         435214.373      6478812.937     1.65      
1950.00   17.42     318.94    1909.62   160.598         253.877         435210.563      6478817.311     0.00      
1980.00   17.42     318.94    1938.24   154.700         260.648         435204.667      6478824.080     0.00      
2010.00   17.42     318.94    1966.87   148.802         267.420         435198.771      6478830.849     0.00      
2040.00   17.42     318.94    1995.49   142.904         274.191         435192.875      6478837.619     0.00      
2070.00   17.42     318.94    2024.12   137.005         280.963         435186.979      6478844.388     0.00      
2100.00   17.42     318.94    2052.74   131.107         287.734         435181.082      6478851.157     0.00      
2130.00   17.42     318.94    2081.37   125.209         294.506         435175.186      6478857.926     0.00      
2160.00   17.42     318.94    2109.99   119.311         301.277         435169.290      6478864.695     0.00      
2183.75   17.42     318.94    2132.65   114.642         306.637         435164.623      6478870.054     0.00      
2190.00   16.99     317.65    2138.62   113.412         308.018         435163.393      6478871.434     2.75      
2220.00   15.08     310.47    2167.46   107.489         313.792         435157.472      6478877.205     2.75      
2250.00   13.45     301.45    2196.53   101.542         318.147         435151.527      6478881.559     2.75      
2280.00   12.23     290.35    2225.79   95.584          321.073         435145.572      6478884.484     2.75      
2310.00   11.53     277.39    2255.15   89.630          322.564         435139.620      6478885.974     2.75      
2340.00   11.46     263.57    2284.55   83.693          322.615         435133.685      6478886.026     2.75      
2370.00   12.03     250.31    2313.93   77.787          321.228         435127.781      6478884.639     2.75      
2400.00   13.15     238.76    2343.21   71.926          318.405         435121.921      6478881.817     2.75      
2430.00   14.70     229.30    2372.33   66.122          314.152         435116.120      6478877.566     2.75      
2460.00   16.56     221.75    2401.23   60.389          308.480         435110.389      6478871.896     2.75      
2490.00   18.63     215.77    2429.82   54.741          301.402         435104.743      6478864.820     2.75      
2520.00   20.86     210.98    2458.06   49.190          292.933         435099.194      6478856.354     2.75      
2550.00   23.19     207.10    2485.87   43.750          283.094         435093.755      6478846.518     2.75      
2580.00   25.60     203.90    2513.19   38.432          271.906         435088.439      6478835.335     2.75      
2610.00   28.08     201.22    2539.96   33.249          259.397         435083.258      6478822.829     2.75      
2640.00   30.59     198.95    2566.11   28.213          245.594         435078.224      6478809.031     2.75      
2670.00   33.14     197.00    2591.59   23.336          230.529         435073.349      6478793.972     2.75      
2700.00   35.72     195.29    2616.33   18.629          214.237         435068.643      6478777.685     2.75      
2730.00   38.31     193.79    2640.28   14.102          196.756         435064.118      6478760.210     2.75      
2760.00   40.93     192.45    2663.39   9.766           178.126         435059.784      6478741.587     2.75      
2790.00   43.56     191.24    2685.60   5.631           158.389         435055.650      6478721.857     2.75      
2820.00   46.19     190.15    2706.86   1.707           137.592         435051.727      6478701.067     2.75      
2850.00   48.84     189.15    2727.12   -1.997          115.781         435048.024      6478679.264     2.75      
2880.00   51.50     188.23    2746.33   -5.474          93.009          435044.549      6478656.499     2.75      
2910.00   54.16     187.37    2764.45   -8.714          69.325          435041.310      6478632.824     2.75      
2940.00   56.83     186.57    2781.44   -11.711         44.787          435038.314      6478608.294     2.75      
2970.00   59.51     185.81    2797.26   -14.457         19.449          435035.569      6478582.965     2.75      
3000.00   62.19     185.10    2811.88   -16.946         -6.630          435033.080      6478556.895     2.75      
3030.00   64.87     184.42    2825.25   -19.173         -33.389         435030.854      6478530.145     2.75      
3060.00   67.55     183.77    2837.35   -21.132         -60.768         435028.896      6478502.776     2.75      
3090.00   70.24     183.15    2848.15   -22.819         -88.703         435027.210      6478474.851     2.75      
3120.00   72.93     182.54    2857.62   -24.230         -117.129        435025.799      6478446.435     2.75      
3150.00   75.62     181.95    2865.75   -25.362         -145.981        435024.668      6478417.593     2.75      
3180.00   78.31     181.38    2872.52   -26.211         -175.193        435023.819      6478388.391     2.75      
3210.00   81.01     180.82    2877.90   -26.777         -204.698        435023.253      6478358.896     2.75      
3240.00   83.70     180.26    2881.89   -27.057         -234.427        435022.973      6478329.177     2.75      
3254.43   85.00     180.00    2883.31   -27.090         -248.790        435022.940      6478314.820     2.75      
