HEADER INFORMATION (all units in Statoil default) 
----------------------------------------------------------------
COMPANY: Statoil Norway
FIELD: SLEIPNER
WELL NAME: F-13
WELLBORE NAME: F-13
Drilled From: Well Ref. Point
Kick Off Depth: 145.90m
Survey Name: F-13 Main field rev#5 STGAL 051115
Survey Date: 23.09.2015
Extraction Date: 03.04.2018
----------------------------------------------------------------
Calculation Method: Minimum Curvature
Datum Name: Rotary Table(54.90m)
----------------------------------------------------------------
Surface EW: 435051.324m
Surface NS: 6478564.265m
Surface Latitude: 58° 26' 29.8315 N
Surface Longitude: 1° 53' 15.0081 E
Bottom Hole MD: 5218.60m
Bottom Hole TVD: 3148.00m
Bottom Hole EW: 436430.999m
Bottom Hole NS: 6478725.001m
----------------------------------------------------------------
Survey Program:  
H  146 - 220 F-13 MAIN FIELD REV#5 STGAL 051115 : INCLINATION ONLY
H  220 - 550 F-13 MAIN FIELD REV#5 STGAL 051115 : KEEPER, SIGHTLINE
H  550 - 670 F-13 MAIN FIELD REV#5 STGAL 051115 : NOT_USEMWD GYRO, BAKER HUGHES(GYROTRAK)
H  670 - 1449 F-13 MAIN FIELD REV#5 STGAL 051115 : MAGN, IFR, MAG-CORR, REDUCED QC
H  1449 - 2832 F-13 MAIN FIELD REV#5 STGAL 051115 : MAGN, IFR, MAG-CORR, RED QC, MSA DUAL IN
H  2832 - 3433 F-13 MAIN FIELD REV#5 STGAL 051115 : MAGN, IFR, MAG-CORR, RED QC, MSA DUAL IN
H  3433 - 5219 F-13 MAIN FIELD REV#5 STGAL 051115 : MAGN, IFR, MAG-CORR, DUAL INCL
----------------------------------------------------------------
Water Depth: 91.00m
KB-WH: 145.90m
KB-MSL: 54.90m
System Datum: Mean Sea Level
----------------------------------------------------------------
Map-Zone: Zone 31N (0 E to 6 E)
North Reference: Grid
Geo Datum: European 1950 - Mean
Vertical Section Direction: 83.35deg
----------------------------------------------------------------
SURVEY LIST
MD        Inc       Azim      TVD       X-Offset (E/W)  Y-Offset (N/S)  UTM E/W         UTM N/S         DLS
m RKB     deg       deg       m RKB     m               m               m               m               deg/30m
145.90    0.00      0.00      145.90    1.304           0.742           435051.324      6478564.265     0.00      
150.00    0.00      360.00    150.00    1.304           0.742           435051.324      6478564.265     0.00      
180.00    0.00      360.00    180.00    1.304           0.742           435051.324      6478564.265     0.00      
210.00    0.00      360.00    210.00    1.304           0.742           435051.324      6478564.265     0.00      
240.00    0.00      360.00    240.00    1.304           0.742           435051.324      6478564.265     0.00      
245.90    0.00      360.00    245.90    1.304           0.742           435051.324      6478564.265     0.00      
270.00    0.40      241.00    270.00    1.230           0.701           435051.250      6478564.224     0.50      
300.00    0.90      241.00    300.00    0.931           0.536           435050.952      6478564.059     0.50      
330.00    1.40      241.00    329.99    0.404           0.244           435050.425      6478563.766     0.50      
360.00    1.90      241.00    359.98    -0.352          -0.176          435049.669      6478563.347     0.50      
365.90    2.00      241.00    365.88    -0.528          -0.273          435049.493      6478563.250     0.50      
390.00    2.80      242.91    389.95    -1.420          -0.745          435048.602      6478562.778     1.00      
420.00    3.80      244.16    419.90    -2.966          -1.512          435047.056      6478562.012     1.00      
450.00    4.80      244.89    449.82    -4.995          -2.477          435045.027      6478561.047     1.00      
456.14    5.00      245.00    455.94    -5.470          -2.699          435044.552      6478560.825     1.00      
480.00    6.59      245.00    479.67    -7.654          -3.717          435042.370      6478559.807     2.00      
510.00    8.59      245.00    509.41    -11.245         -5.392          435038.780      6478558.133     2.00      
531.14    10.00     245.00    530.27    -14.340         -6.835          435035.686      6478556.690     2.00      
540.00    10.26     241.98    538.99    -15.733         -7.530          435034.293      6478555.995     2.00      
570.00    11.32     232.89    568.47    -20.439         -10.561         435029.589      6478552.965     2.00      
600.00    12.60     225.49    597.82    -25.121         -14.632         435024.908      6478548.896     2.00      
630.00    14.06     219.51    627.01    -29.774         -19.738         435020.258      6478543.792     2.00      
660.00    15.63     214.67    656.01    -34.391         -25.872         435015.642      6478537.660     2.00      
690.00    17.29     210.72    684.78    -38.967         -33.027         435011.068      6478530.508     2.00      
720.00    19.01     207.45    713.29    -43.496         -41.194         435006.540      6478522.343     2.00      
750.00    20.78     204.72    741.50    -47.974         -50.364         435002.064      6478513.177     2.00      
780.00    22.58     202.39    769.37    -52.394         -60.525         434997.645      6478503.019     2.00      
810.00    24.42     200.40    796.88    -56.751         -71.665         434993.290      6478491.883     2.00      
840.00    26.28     198.67    823.99    -61.040         -83.770         434989.003      6478479.782     2.00      
870.00    28.16     197.16    850.67    -65.255         -96.826         434984.789      6478466.731     2.00      
900.00    30.05     195.82    876.88    -69.392         -110.816        434980.653      6478452.745     2.00      
903.67    30.28     195.67    880.06    -69.892         -112.592        434980.153      6478450.970     2.00      
930.00    30.28     195.67    902.79    -73.478         -125.374        434976.569      6478438.193     0.00      
960.00    30.28     195.67    928.70    -77.563         -139.938        434972.485      6478423.634     0.00      
990.00    30.28     195.67    954.61    -81.649         -154.502        434968.401      6478409.075     0.00      
1020.00   30.28     195.67    980.52    -85.734         -169.066        434964.317      6478394.516     0.00      
1050.00   30.28     195.67    1006.42   -89.819         -183.631        434960.233      6478379.956     0.00      
1080.00   30.28     195.67    1032.33   -93.905         -198.195        434956.149      6478365.397     0.00      
1110.00   30.28     195.67    1058.24   -97.990         -212.759        434952.065      6478350.838     0.00      
1123.62   30.28     195.67    1070.00   -99.845         -219.371        434950.211      6478344.228     0.00      
1140.00   31.31     194.95    1084.07   -102.059        -227.459        434947.998      6478336.143     2.00      
1170.00   33.20     193.74    1109.44   -106.021        -242.970        434944.036      6478320.638     2.00      
1200.00   35.10     192.65    1134.27   -109.862        -259.367        434940.197      6478304.247     2.00      
1230.00   37.02     191.66    1158.52   -113.577        -276.630        434936.484      6478286.990     2.00      
1250.30   38.32     191.03    1174.58   -116.016        -288.790        434934.046      6478274.833     2.00      
1260.00   38.32     191.03    1182.20   -117.167        -294.694        434932.895      6478268.931     0.00      
1290.00   38.32     191.03    1205.73   -120.727        -312.950        434929.336      6478250.682     0.00      
1320.00   38.32     191.03    1229.27   -124.287        -331.206        434925.778      6478232.432     0.00      
1350.00   38.32     191.03    1252.81   -127.846        -349.462        434922.219      6478214.182     0.00      
1380.00   38.32     191.03    1276.35   -131.406        -367.718        434918.661      6478195.933     0.00      
1410.00   38.32     191.03    1299.89   -134.966        -385.974        434915.102      6478177.683     0.00      
1440.00   38.32     191.03    1323.43   -138.526        -404.230        434911.543      6478159.434     0.00      
1470.00   38.32     191.03    1346.96   -142.085        -422.486        434907.985      6478141.184     0.00      
1500.00   38.32     191.03    1370.50   -145.645        -440.742        434904.426      6478122.935     0.00      
1530.00   38.32     191.03    1394.04   -149.205        -458.998        434900.868      6478104.685     0.00      
1560.00   38.32     191.03    1417.58   -152.765        -477.254        434897.309      6478086.435     0.00      
1590.00   38.32     191.03    1441.12   -156.325        -495.510        434893.751      6478068.186     0.00      
1620.00   38.32     191.03    1464.65   -159.884        -513.766        434890.192      6478049.936     0.00      
1650.00   38.32     191.03    1488.19   -163.444        -532.022        434886.634      6478031.687     0.00      
1680.00   38.32     191.03    1511.73   -167.004        -550.278        434883.075      6478013.437     0.00      
1710.00   38.32     191.03    1535.27   -170.564        -568.534        434879.517      6477995.187     0.00      
1740.00   38.32     191.03    1558.81   -174.123        -586.790        434875.958      6477976.938     0.00      
1770.00   38.32     191.03    1582.35   -177.683        -605.046        434872.400      6477958.688     0.00      
1800.00   38.32     191.03    1605.88   -181.243        -623.302        434868.841      6477940.439     0.00      
1830.00   38.32     191.03    1629.42   -184.803        -641.558        434865.283      6477922.189     0.00      
1860.00   38.32     191.03    1652.96   -188.362        -659.813        434861.724      6477903.939     0.00      
1890.00   38.32     191.03    1676.50   -191.922        -678.069        434858.165      6477885.690     0.00      
1920.00   38.32     191.03    1700.04   -195.482        -696.325        434854.607      6477867.440     0.00      
1950.00   38.32     191.03    1723.58   -199.042        -714.581        434851.048      6477849.191     0.00      
1980.00   38.32     191.03    1747.11   -202.602        -732.837        434847.490      6477830.941     0.00      
2010.00   38.32     191.03    1770.65   -206.161        -751.093        434843.931      6477812.691     0.00      
2040.00   38.32     191.03    1794.19   -209.721        -769.349        434840.373      6477794.442     0.00      
2070.00   38.32     191.03    1817.73   -213.281        -787.605        434836.814      6477776.192     0.00      
2100.00   38.32     191.03    1841.27   -216.841        -805.861        434833.256      6477757.943     0.00      
2130.00   38.32     191.03    1864.80   -220.400        -824.117        434829.697      6477739.693     0.00      
2160.00   38.32     191.03    1888.34   -223.960        -842.373        434826.139      6477721.443     0.00      
2190.00   38.32     191.03    1911.88   -227.520        -860.629        434822.580      6477703.194     0.00      
2220.00   38.32     191.03    1935.42   -231.080        -878.885        434819.022      6477684.944     0.00      
2250.00   38.32     191.03    1958.96   -234.640        -897.141        434815.463      6477666.695     0.00      
2280.00   38.32     191.03    1982.50   -238.199        -915.397        434811.905      6477648.445     0.00      
2310.00   38.32     191.03    2006.03   -241.759        -933.653        434808.346      6477630.195     0.00      
2340.00   38.32     191.03    2029.57   -245.319        -951.909        434804.787      6477611.946     0.00      
2370.00   38.32     191.03    2053.11   -248.879        -970.165        434801.229      6477593.696     0.00      
2400.00   38.32     191.03    2076.65   -252.438        -988.421        434797.670      6477575.447     0.00      
2430.00   38.32     191.03    2100.19   -255.998        -1006.677       434794.112      6477557.197     0.00      
2460.00   38.32     191.03    2123.73   -259.558        -1024.933       434790.553      6477538.947     0.00      
2472.80   38.32     191.03    2133.76   -261.076        -1032.719       434789.036      6477531.164     0.00      
2490.00   36.94     189.34    2147.39   -262.936        -1043.056       434787.176      6477520.830     3.00      
2520.00   34.61     186.11    2171.73   -265.307        -1060.426       434784.807      6477503.466     3.00      
2550.00   32.37     182.49    2196.75   -266.563        -1076.924       434783.551      6477486.974     3.00      
2580.00   30.25     178.41    2222.38   -266.702        -1092.503       434783.412      6477471.400     3.00      
2610.00   28.27     173.79    2248.56   -265.722        -1107.122       434784.391      6477456.786     3.00      
2640.00   26.47     168.57    2275.20   -263.627        -1120.741       434786.485      6477443.173     3.00      
2670.00   24.88     162.68    2302.25   -260.423        -1133.321       434789.689      6477430.597     3.00      
2700.00   23.55     156.12    2329.61   -256.118        -1144.829       434793.992      6477419.093     3.00      
2730.00   22.53     148.91    2357.22   -250.723        -1155.233       434799.385      6477408.692     3.00      
2760.00   21.85     141.17    2385.01   -244.255        -1164.504       434805.851      6477399.424     3.00      
2790.00   21.55     133.09    2412.89   -236.730        -1172.618       434813.374      6477391.313     3.00      
2820.00   21.64     124.94    2440.79   -228.169        -1179.551       434821.932      6477384.382     3.00      
2850.00   22.13     116.99    2468.63   -218.595        -1185.286       434831.502      6477378.650     3.00      
2880.00   22.98     109.49    2496.34   -208.035        -1189.805       434842.058      6477374.133     3.00      
2910.00   24.16     102.58    2523.84   -196.519        -1193.097       434853.571      6477370.842     3.00      
2940.00   25.62     96.35     2551.06   -184.076        -1195.153       434866.009      6477368.787     3.00      
2970.00   27.32     90.80     2577.92   -170.742        -1195.967       434879.339      6477367.973     3.00      
3000.00   29.21     85.88     2604.34   -156.552        -1195.536       434893.523      6477368.403     3.00      
3030.00   31.26     81.53     2630.26   -141.547        -1193.863       434908.523      6477370.076     3.00      
3060.00   33.45     77.68     2655.61   -125.767        -1190.951       434924.298      6477372.987     3.00      
3090.00   35.73     74.26     2680.30   -109.254        -1186.809       434940.804      6477377.127     3.00      
3120.00   38.11     71.20     2704.29   -92.056         -1181.448       434957.997      6477382.487     3.00      
3150.00   40.55     68.46     2727.49   -74.218         -1174.882       434975.829      6477389.050     3.00      
3180.00   43.06     65.98     2749.86   -55.789         -1167.130       434994.251      6477396.799     3.00      
3210.00   45.61     63.72     2771.32   -36.821         -1158.213       435013.213      6477405.713     3.00      
3240.00   48.20     61.65     2791.81   -17.364         -1148.156       435032.663      6477415.767     3.00      
3270.00   50.83     59.75     2811.29   2.527           -1136.985       435052.547      6477426.934     3.00      
3300.00   53.48     57.98     2829.69   22.798          -1124.732       435072.811      6477439.183     3.00      
3330.00   56.16     56.33     2846.98   43.394          -1111.429       435093.400      6477452.481     3.00      
3360.00   58.87     54.78     2863.09   64.258          -1097.115       435114.256      6477466.791     3.00      
3390.00   61.58     53.32     2877.98   85.333          -1081.827       435135.324      6477482.073     3.00      
3420.00   64.32     51.93     2891.63   106.561         -1065.607       435156.544      6477498.287     3.00      
3450.00   67.06     50.61     2903.98   127.884         -1048.501       435177.860      6477515.387     3.00      
3480.00   69.82     49.33     2915.00   149.243         -1030.555       435199.212      6477533.327     3.00      
3510.00   72.58     48.10     2924.66   170.580         -1011.819       435220.542      6477552.057     3.00      
3540.00   75.36     46.91     2932.95   191.837         -992.342        435241.792      6477571.526     3.00      
3570.00   78.14     45.75     2939.83   212.956         -972.180        435262.902      6477591.682     3.00      
3600.00   80.92     44.61     2945.28   233.877         -951.387        435283.817      6477612.467     3.00      
3619.10   82.69     43.89     2948.00   247.065         -937.850        435297.000      6477626.000     3.00      
3630.00   82.69     43.89     2949.39   254.564         -930.055        435304.497      6477633.792     0.00      
3660.00   82.69     43.89     2953.20   275.195         -908.612        435325.120      6477655.227     0.00      
3690.00   82.69     43.89     2957.02   295.826         -887.169        435345.744      6477676.663     0.00      
3720.00   82.69     43.89     2960.84   316.457         -865.726        435366.368      6477698.099     0.00      
3750.00   82.69     43.89     2964.65   337.088         -844.283        435386.991      6477719.534     0.00      
3780.00   82.69     43.89     2968.47   357.718         -822.840        435407.615      6477740.970     0.00      
3810.00   82.69     43.89     2972.28   378.349         -801.397        435428.238      6477762.406     0.00      
3840.00   82.69     43.89     2976.10   398.980         -779.954        435448.862      6477783.841     0.00      
3870.00   82.69     43.89     2979.92   419.611         -758.510        435469.486      6477805.277     0.00      
3900.00   82.69     43.89     2983.73   440.242         -737.067        435490.109      6477826.712     0.00      
3930.00   82.69     43.89     2987.55   460.873         -715.624        435510.733      6477848.148     0.00      
3960.00   82.69     43.89     2991.36   481.503         -694.181        435531.357      6477869.584     0.00      
3988.58   82.69     43.89     2995.00   501.160         -673.751        435551.006      6477890.007     0.00      
3990.00   82.77     43.94     2995.18   502.135         -672.738        435551.981      6477891.019     1.90      
4020.00   84.38     44.95     2998.54   523.010         -651.458        435572.849      6477912.292     1.90      
4050.00   85.99     45.96     3001.05   544.316         -630.490        435594.147      6477933.253     1.90      
4080.00   87.61     46.96     3002.73   566.029         -609.858        435615.853      6477953.877     1.90      
4110.00   89.22     47.96     3003.56   588.125         -589.586        435637.941      6477974.143     1.90      
4122.16   89.88     48.37     3003.65   597.186         -581.475        435646.999      6477982.251     1.90      
4140.00   89.88     48.37     3003.69   610.519         -569.624        435660.328      6477994.097     0.00      
4170.00   89.88     48.37     3003.75   632.943         -549.694        435682.743      6478014.020     0.00      
4200.00   89.88     48.37     3003.82   655.366         -529.765        435705.159      6478033.943     0.00      
4230.00   89.88     48.37     3003.88   677.789         -509.835        435727.574      6478053.866     0.00      
4260.00   89.88     48.37     3003.94   700.212         -489.905        435749.989      6478073.788     0.00      
4290.00   89.88     48.37     3004.01   722.636         -469.976        435772.405      6478093.711     0.00      
4315.94   89.88     48.37     3004.06   742.025         -452.743        435791.787      6478110.938     0.00      
4320.00   89.70     48.28     3004.08   745.057         -450.044        435794.818      6478113.636     1.50      
4350.00   88.35     47.61     3004.59   767.328         -429.952        435817.082      6478133.721     1.50      
4380.00   87.01     46.94     3005.80   789.348         -409.615        435839.094      6478154.051     1.50      
4410.00   85.67     46.27     3007.71   811.102         -389.046        435860.840      6478174.612     1.50      
4440.00   84.33     45.59     3010.33   832.575         -368.261        435882.306      6478195.390     1.50      
4446.62   84.03     45.45     3011.00   837.271         -363.650        435887.000      6478200.000     1.50      
4470.00   84.03     45.45     3013.43   853.844         -347.333        435903.567      6478216.311     0.00      
4500.00   84.03     45.45     3016.55   875.106         -326.399        435924.822      6478237.238     0.00      
4530.00   84.03     45.45     3019.67   896.368         -305.466        435946.076      6478258.164     0.00      
4560.00   84.03     45.45     3022.79   917.629         -284.532        435967.331      6478279.090     0.00      
4590.00   84.03     45.45     3025.91   938.891         -263.599        435988.585      6478300.016     0.00      
4620.00   84.03     45.45     3029.02   960.153         -242.666        436009.840      6478320.942     0.00      
4650.00   84.03     45.45     3032.14   981.415         -221.732        436031.094      6478341.868     0.00      
4680.00   84.03     45.45     3035.26   1002.677        -200.799        436052.349      6478362.794     0.00      
4710.00   84.03     45.45     3038.38   1023.939        -179.865        436073.603      6478383.720     0.00      
4740.00   84.03     45.45     3041.50   1045.201        -158.932        436094.857      6478404.646     0.00      
4770.00   84.03     45.45     3044.62   1066.462        -137.999        436116.112      6478425.573     0.00      
4800.00   84.03     45.45     3047.74   1087.724        -117.065        436137.366      6478446.499     0.00      
4812.16   84.03     45.45     3049.00   1096.340        -108.583        436145.979      6478454.978     0.00      
4830.00   83.31     45.54     3050.97   1108.988        -96.151         436158.623      6478467.405     1.22      
4860.00   82.11     45.71     3054.77   1130.258        -75.341         436179.886      6478488.208     1.22      
4890.00   80.90     45.87     3059.20   1151.526        -54.652         436201.146      6478508.890     1.22      
4920.00   79.69     46.04     3064.26   1172.781        -34.095         436222.393      6478529.440     1.22      
4950.00   78.48     46.20     3069.94   1194.013        -13.677         436243.618      6478549.851     1.22      
4980.00   77.28     46.37     3076.24   1215.213        6.593           436264.811      6478570.114     1.22      
5010.00   76.07     46.53     3083.15   1236.370        26.706          436285.960      6478590.220     1.22      
5040.00   74.86     46.70     3090.68   1257.474        46.654          436307.057      6478610.160     1.22      
5070.00   73.65     46.86     3098.82   1278.515        66.427          436328.091      6478629.927     1.22      
5100.00   72.45     47.03     3107.57   1299.483        86.019          436349.051      6478649.512     1.22      
5130.00   71.24     47.19     3116.91   1320.367        105.421         436369.929      6478668.907     1.22      
5160.00   70.03     47.35     3126.86   1341.158        124.624         436390.712      6478688.104     1.22      
5190.00   68.82     47.52     3137.40   1361.845        143.622         436411.391      6478707.095     1.22      
5218.60   67.67     47.68     3148.00   1381.459        161.534         436430.999      6478725.001     1.22      
