HEADER INFORMATION (all units in Statoil default) 
----------------------------------------------------------------
COMPANY: Statoil Norway
FIELD: SLEIPNER
WELL NAME: F-13
WELLBORE NAME: F-13
Drilled From: Well Ref. Point
Kick Off Depth: 0.00m
Survey Name: WCD.completion
Survey Date: 01.01.1900
Extraction Date: 03.04.2018
----------------------------------------------------------------
Calculation Method: Minimum Curvature
Datum Name: Maersk Inspirer(54.00m)
----------------------------------------------------------------
Surface EW: 435051.324m
Surface NS: 6478564.265m
Surface Latitude: 58° 26' 29.8315 N
Surface Longitude: 1° 53' 15.0081 E
Bottom Hole MD: 5218.60m
Bottom Hole TVD: 3148.00m
Bottom Hole EW: 435051.324m
Bottom Hole NS: 6478564.265m
----------------------------------------------------------------
Survey Program:  
----------------------------------------------------------------
Water Depth: 91.00m
KB-WH: 145.00m
KB-MSL: 54.00m
System Datum: Mean Sea Level
----------------------------------------------------------------
Map-Zone: Zone 31N (0 E to 6 E)
North Reference: Grid
Geo Datum: European 1950 - Mean
Vertical Section Direction: 0.00deg
----------------------------------------------------------------
SURVEY LIST
MD        Inc       Azim      TVD       X-Offset (E/W)  Y-Offset (N/S)  UTM E/W         UTM N/S         DLS
m RKB     deg       deg       m RKB     m               m               m               m               deg/30m
145.90    0.00      0.00      145.90    1.304           0.742           435051.324      6478564.265     0.00      
150.00    0.00      0.00      150.00    1.304           0.742           435051.324      6478564.265     0.00      
180.00    0.00      0.00      180.00    1.304           0.742           435051.324      6478564.265     0.00      
210.00    0.00      0.00      210.00    1.304           0.742           435051.324      6478564.265     0.00      
240.00    0.00      0.00      240.00    1.304           0.742           435051.324      6478564.265     0.00      
245.90    0.00      0.00      245.90    1.304           0.742           435051.324      6478564.265     0.00      
270.00    0.40      241.00    270.00    1.304           0.742           435051.324      6478564.265     0.50      
300.00    0.90      241.00    300.00    1.304           0.742           435051.324      6478564.265     0.50      
330.00    1.40      241.00    329.99    1.304           0.742           435051.324      6478564.265     0.50      
360.00    1.90      241.00    359.98    1.304           0.742           435051.324      6478564.265     0.50      
365.90    2.00      241.00    365.88    1.304           0.742           435051.324      6478564.265     0.50      
390.00    2.80      242.91    389.95    1.304           0.742           435051.324      6478564.265     1.00      
420.00    3.80      244.16    419.90    1.304           0.742           435051.324      6478564.265     1.00      
450.00    4.80      244.89    449.82    1.304           0.742           435051.324      6478564.265     1.00      
456.14    5.00      245.00    455.94    1.304           0.742           435051.324      6478564.265     1.00      
480.00    6.59      245.00    479.67    1.304           0.742           435051.324      6478564.265     2.00      
510.00    8.59      245.00    509.41    1.304           0.742           435051.324      6478564.265     2.00      
531.14    10.00     245.00    530.27    1.304           0.742           435051.324      6478564.265     2.00      
540.00    10.26     241.98    538.99    1.304           0.742           435051.324      6478564.265     2.00      
570.00    11.32     232.89    568.47    1.304           0.742           435051.324      6478564.265     2.00      
600.00    12.60     225.49    597.82    1.304           0.742           435051.324      6478564.265     2.00      
630.00    14.06     219.51    627.01    1.304           0.742           435051.324      6478564.265     2.00      
660.00    15.63     214.67    656.01    1.304           0.742           435051.324      6478564.265     2.00      
690.00    17.29     210.72    684.78    1.304           0.742           435051.324      6478564.265     2.00      
720.00    19.01     207.45    713.29    1.304           0.742           435051.324      6478564.265     2.00      
750.00    20.78     204.71    741.50    1.304           0.742           435051.324      6478564.265     2.00      
780.00    22.58     202.39    769.37    1.304           0.742           435051.324      6478564.265     2.00      
810.00    24.42     200.40    796.88    1.304           0.742           435051.324      6478564.265     2.00      
840.00    26.28     198.67    823.99    1.304           0.742           435051.324      6478564.265     2.00      
870.00    28.16     197.16    850.67    1.304           0.742           435051.324      6478564.265     2.00      
900.00    30.05     195.82    876.88    1.304           0.742           435051.324      6478564.265     2.00      
903.67    30.28     195.67    880.06    1.304           0.742           435051.324      6478564.265     2.00      
930.00    30.28     195.67    902.79    1.304           0.742           435051.324      6478564.265     0.00      
960.00    30.28     195.67    928.70    1.304           0.742           435051.324      6478564.265     0.00      
990.00    30.28     195.67    954.61    1.304           0.742           435051.324      6478564.265     0.00      
1020.00   30.28     195.67    980.52    1.304           0.742           435051.324      6478564.265     0.00      
1050.00   30.28     195.67    1006.42   1.304           0.742           435051.324      6478564.265     0.00      
1080.00   30.28     195.67    1032.33   1.304           0.742           435051.324      6478564.265     0.00      
1110.00   30.28     195.67    1058.24   1.304           0.742           435051.324      6478564.265     0.00      
1123.62   30.28     195.67    1070.00   1.304           0.742           435051.324      6478564.265     0.00      
1140.00   31.31     194.95    1084.07   1.304           0.742           435051.324      6478564.265     2.00      
1170.00   33.20     193.74    1109.44   1.304           0.742           435051.324      6478564.265     2.00      
1200.00   35.10     192.65    1134.27   1.304           0.742           435051.324      6478564.265     2.00      
1230.00   37.02     191.66    1158.52   1.304           0.742           435051.324      6478564.265     2.00      
1250.30   38.32     191.03    1174.59   1.304           0.742           435051.324      6478564.265     2.00      
1260.00   38.32     191.03    1182.20   1.304           0.742           435051.324      6478564.265     0.00      
1290.00   38.32     191.03    1205.73   1.304           0.742           435051.324      6478564.265     0.00      
1320.00   38.32     191.03    1229.27   1.304           0.742           435051.324      6478564.265     0.00      
1350.00   38.32     191.03    1252.81   1.304           0.742           435051.324      6478564.265     0.00      
1380.00   38.32     191.03    1276.35   1.304           0.742           435051.324      6478564.265     0.00      
1410.00   38.32     191.03    1299.89   1.304           0.742           435051.324      6478564.265     0.00      
1440.00   38.32     191.03    1323.43   1.304           0.742           435051.324      6478564.265     0.00      
1470.00   38.32     191.03    1346.96   1.304           0.742           435051.324      6478564.265     0.00      
1500.00   38.32     191.03    1370.50   1.304           0.742           435051.324      6478564.265     0.00      
1530.00   38.32     191.03    1394.04   1.304           0.742           435051.324      6478564.265     0.00      
1560.00   38.32     191.03    1417.58   1.304           0.742           435051.324      6478564.265     0.00      
1590.00   38.32     191.03    1441.12   1.304           0.742           435051.324      6478564.265     0.00      
1620.00   38.32     191.03    1464.65   1.304           0.742           435051.324      6478564.265     0.00      
1650.00   38.32     191.03    1488.19   1.304           0.742           435051.324      6478564.265     0.00      
1680.00   38.32     191.03    1511.73   1.304           0.742           435051.324      6478564.265     0.00      
1710.00   38.32     191.03    1535.27   1.304           0.742           435051.324      6478564.265     0.00      
1740.00   38.32     191.03    1558.81   1.304           0.742           435051.324      6478564.265     0.00      
1770.00   38.32     191.03    1582.35   1.304           0.742           435051.324      6478564.265     0.00      
1800.00   38.32     191.03    1605.88   1.304           0.742           435051.324      6478564.265     0.00      
1830.00   38.32     191.03    1629.42   1.304           0.742           435051.324      6478564.265     0.00      
1860.00   38.32     191.03    1652.96   1.304           0.742           435051.324      6478564.265     0.00      
1890.00   38.32     191.03    1676.50   1.304           0.742           435051.324      6478564.265     0.00      
1920.00   38.32     191.03    1700.04   1.304           0.742           435051.324      6478564.265     0.00      
1950.00   38.32     191.03    1723.58   1.304           0.742           435051.324      6478564.265     0.00      
1980.00   38.32     191.03    1747.11   1.304           0.742           435051.324      6478564.265     0.00      
2010.00   38.32     191.03    1770.65   1.304           0.742           435051.324      6478564.265     0.00      
2040.00   38.32     191.03    1794.19   1.304           0.742           435051.324      6478564.265     0.00      
2070.00   38.32     191.03    1817.73   1.304           0.742           435051.324      6478564.265     0.00      
2100.00   38.32     191.03    1841.27   1.304           0.742           435051.324      6478564.265     0.00      
2130.00   38.32     191.03    1864.80   1.304           0.742           435051.324      6478564.265     0.00      
2160.00   38.32     191.03    1888.34   1.304           0.742           435051.324      6478564.265     0.00      
2190.00   38.32     191.03    1911.88   1.304           0.742           435051.324      6478564.265     0.00      
2220.00   38.32     191.03    1935.42   1.304           0.742           435051.324      6478564.265     0.00      
2250.00   38.32     191.03    1958.96   1.304           0.742           435051.324      6478564.265     0.00      
2280.00   38.32     191.03    1982.50   1.304           0.742           435051.324      6478564.265     0.00      
2310.00   38.32     191.03    2006.03   1.304           0.742           435051.324      6478564.265     0.00      
2340.00   38.32     191.03    2029.57   1.304           0.742           435051.324      6478564.265     0.00      
2370.00   38.32     191.03    2053.11   1.304           0.742           435051.324      6478564.265     0.00      
2400.00   38.32     191.03    2076.65   1.304           0.742           435051.324      6478564.265     0.00      
2430.00   38.32     191.03    2100.19   1.304           0.742           435051.324      6478564.265     0.00      
2460.00   38.32     191.03    2123.73   1.304           0.742           435051.324      6478564.265     0.00      
2472.80   38.32     191.03    2133.77   1.304           0.742           435051.324      6478564.265     0.00      
2490.00   36.94     189.34    2147.39   1.304           0.742           435051.324      6478564.265     3.00      
2520.00   34.61     186.11    2171.73   1.304           0.742           435051.324      6478564.265     3.00      
2550.00   32.37     182.49    2196.75   1.304           0.742           435051.324      6478564.265     3.00      
2580.00   30.25     178.41    2222.38   1.304           0.742           435051.324      6478564.265     3.00      
2610.00   28.27     173.79    2248.56   1.304           0.742           435051.324      6478564.265     3.00      
2640.00   26.47     168.57    2275.20   1.304           0.742           435051.324      6478564.265     3.00      
2670.00   24.88     162.68    2302.25   1.304           0.742           435051.324      6478564.265     3.00      
2700.00   23.55     156.12    2329.61   1.304           0.742           435051.324      6478564.265     3.00      
2730.00   22.53     148.91    2357.22   1.304           0.742           435051.324      6478564.265     3.00      
2760.00   21.85     141.17    2385.01   1.304           0.742           435051.324      6478564.265     3.00      
2790.00   21.55     133.09    2412.89   1.304           0.742           435051.324      6478564.265     3.00      
2820.00   21.64     124.94    2440.79   1.304           0.742           435051.324      6478564.265     3.00      
2850.00   22.13     116.99    2468.63   1.304           0.742           435051.324      6478564.265     3.00      
2880.00   22.98     109.49    2496.34   1.304           0.742           435051.324      6478564.265     3.00      
2910.00   24.16     102.58    2523.84   1.304           0.742           435051.324      6478564.265     3.00      
2940.00   25.62     96.35     2551.06   1.304           0.742           435051.324      6478564.265     3.00      
2970.00   27.32     90.80     2577.92   1.304           0.742           435051.324      6478564.265     3.00      
3000.00   29.21     85.88     2604.34   1.304           0.742           435051.324      6478564.265     3.00      
3030.00   31.26     81.53     2630.26   1.304           0.742           435051.324      6478564.265     3.00      
3060.00   33.45     77.68     2655.61   1.304           0.742           435051.324      6478564.265     3.00      
3090.00   35.73     74.26     2680.30   1.304           0.742           435051.324      6478564.265     3.00      
3120.00   38.11     71.20     2704.29   1.304           0.742           435051.324      6478564.265     3.00      
3150.00   40.55     68.46     2727.49   1.304           0.742           435051.324      6478564.265     3.00      
3180.00   43.06     65.98     2749.86   1.304           0.742           435051.324      6478564.265     3.00      
3210.00   45.61     63.72     2771.32   1.304           0.742           435051.324      6478564.265     3.00      
3240.00   48.20     61.65     2791.81   1.304           0.742           435051.324      6478564.265     3.00      
3270.00   50.83     59.75     2811.29   1.304           0.742           435051.324      6478564.265     3.00      
3300.00   53.48     57.98     2829.69   1.304           0.742           435051.324      6478564.265     3.00      
3330.00   56.16     56.33     2846.98   1.304           0.742           435051.324      6478564.265     3.00      
3360.00   58.87     54.78     2863.09   1.304           0.742           435051.324      6478564.265     3.00      
3390.00   61.58     53.32     2877.98   1.304           0.742           435051.324      6478564.265     3.00      
3420.00   64.32     51.93     2891.63   1.304           0.742           435051.324      6478564.265     3.00      
3450.00   67.06     50.61     2903.98   1.304           0.742           435051.324      6478564.265     3.00      
3480.00   69.82     49.33     2915.00   1.304           0.742           435051.324      6478564.265     3.00      
3510.00   72.58     48.10     2924.66   1.304           0.742           435051.324      6478564.265     3.00      
3540.00   75.36     46.91     2932.95   1.304           0.742           435051.324      6478564.265     3.00      
3570.00   78.14     45.75     2939.83   1.304           0.742           435051.324      6478564.265     3.00      
3600.00   80.92     44.61     2945.28   1.304           0.742           435051.324      6478564.265     3.00      
3619.10   82.69     43.89     2948.00   1.304           0.742           435051.324      6478564.265     3.00      
3630.00   82.69     43.89     2949.39   1.304           0.742           435051.324      6478564.265     0.00      
3660.00   82.69     43.89     2953.20   1.304           0.742           435051.324      6478564.265     0.00      
3690.00   82.69     43.89     2957.02   1.304           0.742           435051.324      6478564.265     0.00      
3720.00   82.69     43.89     2960.84   1.304           0.742           435051.324      6478564.265     0.00      
3750.00   82.69     43.89     2964.65   1.304           0.742           435051.324      6478564.265     0.00      
3780.00   82.69     43.89     2968.47   1.304           0.742           435051.324      6478564.265     0.00      
3810.00   82.69     43.89     2972.28   1.304           0.742           435051.324      6478564.265     0.00      
3840.00   82.69     43.89     2976.10   1.304           0.742           435051.324      6478564.265     0.00      
3870.00   82.69     43.89     2979.92   1.304           0.742           435051.324      6478564.265     0.00      
3900.00   82.69     43.89     2983.73   1.304           0.742           435051.324      6478564.265     0.00      
3930.00   82.69     43.89     2987.55   1.304           0.742           435051.324      6478564.265     0.00      
3960.00   82.69     43.89     2991.36   1.304           0.742           435051.324      6478564.265     0.00      
3988.58   82.69     43.89     2995.00   1.304           0.742           435051.324      6478564.265     0.00      
3990.00   82.77     43.94     2995.18   1.304           0.742           435051.324      6478564.265     1.90      
4020.00   84.38     44.95     2998.54   1.304           0.742           435051.324      6478564.265     1.90      
4050.00   85.99     45.96     3001.05   1.304           0.742           435051.324      6478564.265     1.90      
4080.00   87.61     46.96     3002.73   1.304           0.742           435051.324      6478564.265     1.90      
4110.00   89.22     47.96     3003.56   1.304           0.742           435051.324      6478564.265     1.90      
4122.16   89.88     48.37     3003.65   1.304           0.742           435051.324      6478564.265     1.90      
4140.00   89.88     48.37     3003.69   1.304           0.742           435051.324      6478564.265     0.00      
4170.00   89.88     48.37     3003.75   1.304           0.742           435051.324      6478564.265     0.00      
4200.00   89.88     48.37     3003.82   1.304           0.742           435051.324      6478564.265     0.00      
4230.00   89.88     48.37     3003.88   1.304           0.742           435051.324      6478564.265     0.00      
4260.00   89.88     48.37     3003.94   1.304           0.742           435051.324      6478564.265     0.00      
4290.00   89.88     48.37     3004.01   1.304           0.742           435051.324      6478564.265     0.00      
4315.94   89.88     48.37     3004.06   1.304           0.742           435051.324      6478564.265     0.00      
4320.00   89.70     48.28     3004.08   1.304           0.742           435051.324      6478564.265     1.50      
4350.00   88.35     47.61     3004.59   1.304           0.742           435051.324      6478564.265     1.50      
4380.00   87.01     46.94     3005.80   1.304           0.742           435051.324      6478564.265     1.50      
4410.00   85.67     46.27     3007.71   1.304           0.742           435051.324      6478564.265     1.50      
4440.00   84.33     45.59     3010.33   1.304           0.742           435051.324      6478564.265     1.50      
4446.62   84.03     45.45     3011.00   1.304           0.742           435051.324      6478564.265     1.50      
4470.00   84.03     45.45     3013.43   1.304           0.742           435051.324      6478564.265     0.00      
4500.00   84.03     45.45     3016.55   1.304           0.742           435051.324      6478564.265     0.00      
4530.00   84.03     45.45     3019.67   1.304           0.742           435051.324      6478564.265     0.00      
4560.00   84.03     45.45     3022.79   1.304           0.742           435051.324      6478564.265     0.00      
4590.00   84.03     45.45     3025.91   1.304           0.742           435051.324      6478564.265     0.00      
4620.00   84.03     45.45     3029.02   1.304           0.742           435051.324      6478564.265     0.00      
4650.00   84.03     45.45     3032.14   1.304           0.742           435051.324      6478564.265     0.00      
4680.00   84.03     45.45     3035.26   1.304           0.742           435051.324      6478564.265     0.00      
4710.00   84.03     45.45     3038.38   1.304           0.742           435051.324      6478564.265     0.00      
4740.00   84.03     45.45     3041.50   1.304           0.742           435051.324      6478564.265     0.00      
4770.00   84.03     45.45     3044.62   1.304           0.742           435051.324      6478564.265     0.00      
4800.00   84.03     45.45     3047.74   1.304           0.742           435051.324      6478564.265     0.00      
4812.16   84.03     45.45     3049.00   1.304           0.742           435051.324      6478564.265     0.00      
4830.00   83.31     45.54     3050.97   1.304           0.742           435051.324      6478564.265     1.22      
4860.00   82.11     45.71     3054.77   1.304           0.742           435051.324      6478564.265     1.22      
4890.00   80.90     45.87     3059.20   1.304           0.742           435051.324      6478564.265     1.22      
4920.00   79.69     46.04     3064.26   1.304           0.742           435051.324      6478564.265     1.22      
4950.00   78.48     46.20     3069.94   1.304           0.742           435051.324      6478564.265     1.22      
4980.00   77.28     46.37     3076.24   1.304           0.742           435051.324      6478564.265     1.22      
5010.00   76.07     46.53     3083.15   1.304           0.742           435051.324      6478564.265     1.22      
5040.00   74.86     46.70     3090.68   1.304           0.742           435051.324      6478564.265     1.22      
5070.00   73.65     46.86     3098.82   1.304           0.742           435051.324      6478564.265     1.22      
5100.00   72.45     47.03     3107.57   1.304           0.742           435051.324      6478564.265     1.22      
5130.00   71.24     47.19     3116.91   1.304           0.742           435051.324      6478564.265     1.22      
5160.00   70.03     47.35     3126.86   1.304           0.742           435051.324      6478564.265     1.22      
5190.00   68.82     47.52     3137.40   1.304           0.742           435051.324      6478564.265     1.22      
5218.60   67.67     47.68     3148.00   1.304           0.742           435051.324      6478564.265     1.22      
