HEADER INFORMATION (all units in Statoil default) 
----------------------------------------------------------------
COMPANY: Statoil Norway
FIELD: SLEIPNER
WELL NAME: F-1
WELLBORE NAME: F-1 C
Drilled From: F-1
Kick Off Depth: 1335.60m
Survey Name: F-1 C InjectorProducer opt3 revp2
Survey Date: 05.03.2014
Extraction Date: 03.04.2018
----------------------------------------------------------------
Calculation Method: Minimum Curvature
Datum Name: Rotary Table(54.90m)
----------------------------------------------------------------
Surface EW: 435046.488m
Surface NS: 6478566.687m
Surface Latitude: 58° 26' 29.9072 N
Surface Longitude: 1° 53' 14.7075 E
Bottom Hole MD: 4038.98m
Bottom Hole TVD: 3215.77m
Bottom Hole EW: 435515.656m
Bottom Hole NS: 6479449.618m
----------------------------------------------------------------
Survey Program:  
H  150 - 211 15/9 F1 36" MWD : MAGNETIC, OLD
H  238 - 359 15/9 F1 26" GYRO SCIENTIFIC MODULAR : NOT_USEMWD GYRO, BAKER HUGHES(GYROTRAK)
H  378 - 737 15/9 F-1 26" SDI KEEPER GYRO SINGLE SHOT : GYRO, OLD
H  757 - 1336 15/9 F-1 26" ONTRAK : MAGNETIC, IFR, MAG-CORR
H  1336 - 2506 F-1 C INJECTORPRODUCER OPT3 REVP2 : MAGNETIC, IFR, MAG-CORR, REDUCED QC
H  2506 - 3078 F-1 C INJECTORPRODUCER OPT3 REVP2 : MAGNETIC, IFR, MAG-CORR, REDUCED QC
H  3078 - 4039 F-1 C INJECTORPRODUCER OPT3 REVP2 : MAGNETIC, IFR, MAG-CORR, REDUCED QC
----------------------------------------------------------------
Water Depth: 91.00m
KB-WH: 145.90m
KB-MSL: 54.90m
System Datum: Mean Sea Level
----------------------------------------------------------------
Map-Zone: Zone 31N (0 E to 6 E)
North Reference: Grid
Geo Datum: European 1950 - Mean
Vertical Section Direction: 27.99deg
----------------------------------------------------------------
SURVEY LIST
MD        Inc       Azim      TVD       X-Offset (E/W)  Y-Offset (N/S)  UTM E/W         UTM N/S         DLS
m RKB     deg       deg       m RKB     m               m               m               m               deg/30m
145.90    0.00      0.00      145.90    -3.534          3.165           435046.488      6478566.687     0.00      
150.15    0.00      0.00      150.15    -3.534          3.165           435046.488      6478566.687     0.00      
160.45    0.00      0.00      160.45    -3.534          3.165           435046.488      6478566.687     0.00      
170.04    0.00      0.00      170.04    -3.534          3.165           435046.488      6478566.687     0.00      
179.79    0.00      0.00      179.79    -3.534          3.165           435046.488      6478566.687     0.00      
189.74    0.00      0.00      189.74    -3.534          3.165           435046.488      6478566.687     0.00      
198.50    0.00      0.00      198.50    -3.534          3.165           435046.488      6478566.687     0.00      
210.70    0.00      0.00      210.70    -3.534          3.165           435046.488      6478566.687     0.00      
237.60    1.84      302.24    237.60    -3.899          3.396           435046.123      6478566.917     2.05      
251.10    1.91      304.70    251.09    -4.268          3.639           435045.755      6478567.161     0.24      
264.90    2.47      305.76    264.88    -4.698          3.944           435045.324      6478567.466     1.22      
279.20    2.05      306.81    279.17    -5.153          4.277           435044.870      6478567.799     0.89      
292.70    1.80      304.00    292.66    -5.522          4.540           435044.501      6478568.062     0.59      
302.80    1.13      330.72    302.76    -5.702          4.716           435044.321      6478568.237     2.79      
315.50    1.41      333.18    315.45    -5.834          4.965           435044.189      6478568.486     0.67      
332.20    2.40      314.19    332.14    -6.177          5.392           435043.846      6478568.913     2.09      
342.20    2.78      301.18    342.13    -6.535          5.663           435043.488      6478569.184     2.09      
358.50    3.30      293.10    358.41    -7.305          6.052           435042.719      6478569.573     1.24      
378.00    3.07      298.60    377.88    -8.279          6.522           435041.744      6478570.043     0.59      
414.80    3.30      293.64    414.62    -10.115         7.419           435039.909      6478570.939     0.29      
455.40    3.07      292.72    455.16    -12.188         8.307           435037.837      6478571.827     0.17      
495.40    2.84      290.41    495.11    -14.105         9.066           435035.921      6478572.586     0.19      
535.60    2.77      293.07    535.26    -15.932         9.794           435034.094      6478573.314     0.11      
575.80    3.06      287.04    575.41    -17.852         10.489          435032.175      6478574.009     0.31      
616.50    4.01      305.32    616.03    -20.052         11.631          435029.976      6478575.149     1.08      
656.80    6.13      317.80    656.17    -22.647         14.040          435027.382      6478577.558     1.77      
697.10    8.24      324.71    696.15    -25.761         17.991          435024.269      6478581.508     1.69      
720.00    9.57      322.37    718.78    -27.872         20.838          435022.159      6478584.354     1.81      
737.40    10.71     320.81    735.91    -29.776         23.237          435020.255      6478586.752     2.02      
756.80    10.39     320.18    754.98    -32.036         25.978          435017.996      6478589.492     0.53      
798.90    9.88      320.50    796.42    -36.764         31.681          435013.270      6478595.193     0.37      
838.30    10.04     315.72    835.23    -41.312         36.748          435008.723      6478600.258     0.64      
868.00    11.16     309.73    864.42    -45.330         40.439          435004.706      6478603.948     1.59      
878.20    11.28     310.41    874.43    -46.849         41.716          435003.188      6478605.225     0.53      
918.00    10.70     315.76    913.50    -52.391         46.887          434997.648      6478610.394     0.88      
999.00    8.88      319.88    993.32    -61.666         57.056          434988.376      6478620.559     0.72      
1079.80   9.07      320.34    1073.13   -69.750         66.728          434980.295      6478630.227     0.08      
1120.40   11.38     312.16    1113.08   -74.762         71.881          434975.285      6478635.379     2.01      
1160.80   11.86     307.61    1152.65   -81.006         77.090          434969.043      6478640.586     0.77      
1201.00   11.69     307.74    1192.01   -87.499         82.103          434962.553      6478645.598     0.13      
1241.40   12.44     309.36    1231.51   -94.100         87.368          434955.954      6478650.861     0.61      
1281.80   12.06     309.62    1270.99   -100.715        92.819          434949.341      6478656.310     0.29      
1322.40   10.85     310.25    1310.79   -106.899        97.993          434943.159      6478661.482     0.90      
1335.60   10.17     309.34    1323.76   -108.749        99.535          434941.310      6478663.023     1.59      
1348.40   9.45      313.41    1336.38   -110.386        100.973         434939.673      6478664.461     2.34      
1350.00   9.45      313.41    1337.96   -110.577        101.154         434939.482      6478664.642     0.00      
1358.40   9.45      313.41    1346.24   -111.579        102.102         434938.481      6478665.589     0.00      
1378.40   8.16      303.40    1366.01   -113.957        104.011         434936.104      6478667.498     3.00      
1380.00   8.28      302.68    1367.59   -114.148        104.136         434935.912      6478667.623     3.00      
1410.00   10.77     292.47    1397.18   -118.558        106.374         434931.504      6478669.860     3.00      
1440.00   13.47     286.17    1426.51   -124.506        108.419         434925.559      6478671.904     3.00      
1470.00   16.27     281.97    1455.50   -131.974        110.264         434918.093      6478673.748     3.00      
1478.40   17.07     281.04    1463.55   -134.335        110.744         434915.733      6478674.228     3.00      
1500.00   16.88     274.91    1484.21   -140.570        111.619         434909.499      6478675.103     2.50      
1530.00   16.92     266.30    1512.92   -149.268        111.710         434900.805      6478675.194     2.50      
1560.00   17.32     257.91    1541.59   -157.994        110.492         434892.081      6478673.977     2.50      
1590.00   18.05     250.03    1570.18   -166.732        107.969         434883.346      6478671.455     2.50      
1620.00   19.08     242.86    1598.62   -175.466        104.145         434874.616      6478667.632     2.50      
1650.00   20.35     236.47    1626.86   -184.177        99.028          434865.908      6478662.516     2.50      
1676.78   21.66     231.42    1651.86   -191.922        93.375          434858.166      6478656.865     2.50      
1680.00   21.66     231.42    1654.86   -192.851        92.634          434857.237      6478656.124     0.00      
1710.00   21.66     231.42    1682.74   -201.506        85.731          434848.585      6478649.224     0.00      
1740.00   21.66     231.42    1710.62   -210.161        78.828          434839.933      6478642.323     0.00      
1770.00   21.66     231.42    1738.51   -218.816        71.925          434831.281      6478635.423     0.00      
1800.00   21.66     231.42    1766.39   -227.471        65.022          434822.629      6478628.522     0.00      
1830.00   21.66     231.42    1794.27   -236.126        58.119          434813.977      6478621.622     0.00      
1860.00   21.66     231.42    1822.15   -244.781        51.216          434805.326      6478614.721     0.00      
1890.00   21.66     231.42    1850.04   -253.436        44.313          434796.674      6478607.821     0.00      
1920.00   21.66     231.42    1877.92   -262.090        37.410          434788.022      6478600.920     0.00      
1950.00   21.66     231.42    1905.80   -270.745        30.507          434779.370      6478594.020     0.00      
1980.00   21.66     231.42    1933.69   -279.400        23.604          434770.718      6478587.119     0.00      
2010.00   21.66     231.42    1961.57   -288.055        16.701          434762.066      6478580.219     0.00      
2040.00   21.66     231.42    1989.45   -296.710        9.798           434753.414      6478573.318     0.00      
2070.00   21.66     231.42    2017.33   -305.365        2.895           434744.762      6478566.417     0.00      
2100.00   21.66     231.42    2045.22   -314.020        -4.007          434736.111      6478559.517     0.00      
2111.51   21.66     231.42    2055.91   -317.341        -6.656          434732.791      6478556.869     0.00      
2130.00   20.08     232.24    2073.19   -322.517        -10.727         434727.616      6478552.800     2.60      
2160.00   17.53     233.87    2101.59   -330.240        -16.545         434719.896      6478546.983     2.60      
2190.00   15.00     236.03    2130.38   -337.111        -21.380         434713.027      6478542.150     2.60      
2220.00   12.50     239.03    2159.52   -343.117        -25.222         434707.023      6478538.310     2.60      
2250.00   10.05     243.49    2188.94   -348.245        -28.062         434701.897      6478535.471     2.60      
2280.00   7.70      250.71    2218.58   -352.485        -29.894         434697.659      6478533.639     2.60      
2310.00   5.56      263.78    2248.38   -355.827        -30.716         434694.318      6478532.818     2.60      
2340.00   4.02      289.37    2278.28   -358.266        -30.524         434691.880      6478533.009     2.60      
2370.00   3.86      327.87    2308.21   -359.795        -29.320         434690.351      6478534.213     2.60      
2400.00   5.21      356.62    2338.12   -360.412        -27.107         434689.734      6478536.426     2.60      
2430.00   7.27      11.44     2367.94   -360.116        -23.888         434690.030      6478539.644     2.60      
2460.00   9.59      19.45     2397.62   -358.907        -19.670         434691.239      6478543.860     2.60      
2490.00   12.03     24.30     2427.08   -356.787        -14.462         434693.358      6478549.066     2.60      
2520.00   14.53     27.52     2456.28   -353.762        -8.275          434696.382      6478555.251     2.60      
2550.00   17.05     29.81     2485.15   -349.837        -1.121          434700.306      6478562.403     2.60      
2580.00   19.59     31.52     2513.62   -345.020        6.985           434705.121      6478570.505     2.60      
2610.00   22.15     32.85     2541.65   -339.321        16.026          434710.818      6478579.543     2.60      
2640.00   24.72     33.92     2569.18   -332.753        25.983          434717.384      6478589.497     2.60      
2670.00   27.29     34.80     2596.14   -325.327        36.837          434724.807      6478600.347     2.60      
2700.00   29.86     35.53     2622.48   -317.061        48.564          434733.070      6478612.070     2.60      
2730.00   32.44     36.16     2648.15   -307.970        61.141          434742.158      6478624.642     2.60      
2760.00   35.02     36.71     2673.10   -298.074        74.541          434752.050      6478638.038     2.60      
2790.00   37.61     37.19     2697.27   -287.393        88.738          434762.728      6478652.230     2.60      
2820.00   40.20     37.62     2720.61   -275.949        103.701         434774.168      6478667.188     2.60      
2850.00   42.78     38.00     2743.08   -263.765        119.401         434786.348      6478682.882     2.60      
2880.00   45.37     38.35     2764.63   -250.867        135.804         434799.242      6478699.280     2.60      
2910.00   47.96     38.67     2785.22   -237.280        152.877         434812.823      6478716.347     2.60      
2940.00   50.55     38.96     2804.80   -223.034        170.585         434827.064      6478734.049     2.60      
2970.00   53.14     39.23     2823.33   -208.157        188.891         434841.936      6478752.349     2.60      
3000.00   55.73     39.49     2840.78   -192.681        207.758         434857.407      6478771.209     2.60      
3030.00   58.33     39.73     2857.10   -176.636        227.147         434873.447      6478790.591     2.60      
3060.00   60.92     39.95     2872.27   -160.056        247.018         434890.021      6478810.455     2.60      
3090.00   63.51     40.17     2886.25   -142.975        267.330         434907.096      6478830.759     2.60      
3120.00   66.11     40.37     2899.02   -125.428        288.040         434924.637      6478851.463     2.60      
3150.00   68.70     40.57     2910.55   -107.452        309.108         434942.607      6478872.523     2.60      
3180.00   71.29     40.76     2920.81   -89.083         330.488         434960.969      6478893.896     2.60      
3210.00   73.89     40.95     2929.78   -70.359         352.138         434979.687      6478915.538     2.60      
3240.00   76.48     41.13     2937.45   -51.319         374.012         434998.720      6478937.405     2.60      
3265.32   78.67     41.28     2942.90   -35.033         392.614         435015.000      6478956.000     2.60      
3270.00   78.67     41.28     2943.82   -32.004         396.064         435018.028      6478959.449     0.00      
3300.00   78.67     41.28     2949.71   -12.599         418.171         435037.426      6478981.549     0.00      
3330.00   78.67     41.28     2955.61   6.806           440.278         435056.824      6479003.648     0.00      
3360.00   78.67     41.28     2961.50   26.211          462.385         435076.222      6479025.747     0.00      
3390.00   78.67     41.28     2967.39   45.616          484.492         435095.621      6479047.846     0.00      
3420.00   78.67     41.28     2973.29   65.021          506.599         435115.019      6479069.945     0.00      
3450.00   78.67     41.28     2979.18   84.426          528.706         435134.417      6479092.045     0.00      
3480.00   78.67     41.28     2985.07   103.831         550.813         435153.815      6479114.144     0.00      
3510.00   78.67     41.28     2990.97   123.236         572.920         435173.214      6479136.243     0.00      
3540.00   78.67     41.28     2996.86   142.641         595.026         435192.612      6479158.342     0.00      
3570.00   78.67     41.28     3002.75   162.046         617.133         435212.010      6479180.441     0.00      
3600.00   78.67     41.28     3008.65   181.451         639.240         435231.408      6479202.541     0.00      
3631.85   78.67     41.28     3014.90   202.050         662.708         435252.000      6479226.000     0.00      
3660.00   75.88     42.40     3021.10   220.365         683.167         435270.309      6479246.452     3.19      
3690.00   72.92     43.63     3029.17   240.071         704.293         435290.009      6479267.571     3.19      
3720.00   69.96     44.89     3038.72   259.915         724.660         435309.845      6479287.930     3.19      
3750.00   67.01     46.21     3049.72   279.834         744.203         435329.757      6479307.467     3.19      
3780.00   64.07     47.58     3062.14   299.766         762.862         435349.683      6479326.120     3.19      
3810.00   61.15     49.03     3075.95   319.650         780.580         435369.560      6479343.831     3.19      
3840.00   58.24     50.56     3091.08   339.424         797.301         435389.327      6479360.546     3.19      
3870.00   55.35     52.19     3107.51   359.027         812.972         435408.922      6479376.212     3.19      
3900.00   52.48     53.93     3125.18   378.396         827.547         435428.286      6479390.782     3.19      
3930.00   49.65     55.81     3144.03   397.474         840.979         435447.356      6479404.209     3.19      
3938.98   48.80     56.41     3149.90   403.120         844.771         435453.000      6479408.000     3.19      
3960.00   48.80     56.41     3163.74   416.293         853.522         435466.169      6479416.747     0.00      
3990.00   48.80     56.41     3183.50   435.096         866.011         435484.966      6479429.233     0.00      
4020.00   48.80     56.41     3203.26   453.900         878.501         435503.763      6479441.718     0.00      
4038.98   48.80     56.41     3215.77   465.797         886.403         435515.656      6479449.618     0.00      
