HEADER INFORMATION (all units in Statoil default) 
----------------------------------------------------------------
COMPANY: Statoil Norway
FIELD: SLEIPNER
WELL NAME: F-11
WELLBORE NAME: 15/9-F-11 B
Drilled From: 15/9-F-11 T2
Kick Off Depth: 2570.00m
Survey Name: 15/9-F-11 B IOR DG3 rev0
Survey Date: 01.07.2013
Extraction Date: 03.04.2018
----------------------------------------------------------------
Calculation Method: Minimum Curvature
Datum Name: MI(54.90m)
----------------------------------------------------------------
Surface EW: 435049.095m
Surface NS: 6478568.172m
Surface Latitude: 58° 26' 29.9566 N
Surface Longitude: 1° 53' 14.8667 E
Bottom Hole MD: 4864.71m
Bottom Hole TVD: 3199.41m
Bottom Hole EW: 436617.885m
Bottom Hole NS: 6478533.131m
----------------------------------------------------------------
Survey Program:  
H  150 - 2570 F-11 T2 SDI KEEPER GYRO : KEEPER, CONT
H  2570 - 3200 15/9-F-11 B IOR DG3 REV0 : MAGN, IFR, MAG-CORR, DUAL INCL
H  3200 - 4865 15/9-F-11 B IOR DG3 REV0 : MAGN, IFR, NON-MAG, DUAL INCL
----------------------------------------------------------------
Water Depth: 91.00m
KB-WH: 145.90m
KB-MSL: 54.90m
System Datum: Mean Sea Level
----------------------------------------------------------------
Map-Zone: Zone 31N (0 E to 6 E)
North Reference: Grid
Geo Datum: European 1950 - Mean
Vertical Section Direction: 91.28deg
----------------------------------------------------------------
SURVEY LIST
MD        Inc       Azim      TVD       X-Offset (E/W)  Y-Offset (N/S)  UTM E/W         UTM N/S         DLS
m RKB     deg       deg       m RKB     m               m               m               m               deg/30m
145.90    0.00      0.00      145.90    -0.926          4.651           435049.095      6478568.172     0.00      
150.00    0.09      227.76    150.00    -0.929          4.648           435049.093      6478568.170     0.66      
160.00    0.20      225.57    160.00    -0.947          4.631           435049.074      6478568.152     0.33      
170.00    0.19      227.59    170.00    -0.972          4.608           435049.050      6478568.129     0.04      
180.00    0.23      231.32    180.00    -1.000          4.584           435049.022      6478568.105     0.13      
190.00    0.23      233.02    190.00    -1.031          4.559           435048.990      6478568.081     0.02      
200.00    0.22      235.12    200.00    -1.063          4.536           435048.958      6478568.058     0.04      
210.00    0.24      234.55    210.00    -1.096          4.513           435048.925      6478568.034     0.06      
220.00    0.34      239.76    220.00    -1.138          4.486           435048.883      6478568.007     0.31      
230.00    0.42      244.41    230.00    -1.197          4.455           435048.824      6478567.977     0.26      
240.00    0.57      252.51    240.00    -1.278          4.424           435048.744      6478567.946     0.50      
250.00    0.92      274.57    250.00    -1.405          4.416           435048.616      6478567.937     1.34      
260.00    1.13      286.19    260.00    -1.580          4.450           435048.442      6478567.971     0.88      
270.00    1.16      287.83    269.99    -1.771          4.508           435048.251      6478568.030     0.13      
280.00    1.20      290.33    279.99    -1.965          4.576           435048.056      6478568.097     0.20      
290.00    1.24      293.03    289.99    -2.163          4.654           435047.858      6478568.176     0.21      
300.00    1.20      293.20    299.99    -2.359          4.738           435047.663      6478568.259     0.12      
310.00    1.19      294.42    309.99    -2.550          4.822           435047.472      6478568.343     0.08      
320.00    1.15      292.81    319.98    -2.737          4.904           435047.285      6478568.425     0.16      
330.00    1.12      290.98    329.98    -2.921          4.978           435047.101      6478568.499     0.14      
340.00    1.10      290.84    339.98    -3.102          5.047           435046.920      6478568.568     0.06      
350.00    1.08      288.68    349.98    -3.281          5.111           435046.741      6478568.632     0.14      
360.00    1.07      287.43    359.98    -3.459          5.169           435046.563      6478568.691     0.08      
370.00    1.10      286.47    369.97    -3.640          5.225           435046.382      6478568.746     0.11      
380.00    1.19      289.32    379.97    -3.830          5.286           435046.192      6478568.807     0.32      
390.00    1.33      294.68    389.97    -4.034          5.369           435045.989      6478568.890     0.55      
400.00    1.73      303.22    399.97    -4.265          5.500           435045.757      6478569.021     1.38      
410.00    1.86      305.68    409.96    -4.523          5.677           435045.499      6478569.199     0.45      
420.00    1.89      306.23    419.96    -4.788          5.870           435045.234      6478569.391     0.10      
430.00    1.96      306.14    429.95    -5.059          6.068           435044.963      6478569.589     0.21      
440.00    1.99      306.93    439.94    -5.336          6.273           435044.686      6478569.794     0.12      
450.00    2.01      307.01    449.94    -5.615          6.483           435044.408      6478570.004     0.06      
460.00    1.99      307.09    459.93    -5.894          6.693           435044.129      6478570.214     0.06      
470.00    2.03      307.66    469.93    -6.172          6.906           435043.851      6478570.427     0.13      
480.00    2.06      308.33    479.92    -6.454          7.126           435043.570      6478570.646     0.12      
490.00    2.05      307.74    489.91    -6.736          7.347           435043.287      6478570.867     0.07      
500.00    2.10      310.18    499.91    -7.017          7.574           435043.006      6478571.095     0.30      
510.00    2.11      309.44    509.90    -7.300          7.810           435042.724      6478571.330     0.09      
520.00    2.12      308.88    519.89    -7.586          8.043           435042.438      6478571.563     0.07      
530.00    2.09      308.61    529.89    -7.872          8.273           435042.151      6478571.793     0.09      
540.00    2.13      310.13    539.88    -8.157          8.506           435041.867      6478572.026     0.21      
550.00    2.13      309.28    549.87    -8.443          8.744           435041.581      6478572.264     0.09      
560.00    2.12      309.17    559.87    -8.730          8.978           435041.294      6478572.498     0.03      
570.00    2.13      309.03    569.86    -9.018          9.212           435041.006      6478572.732     0.03      
580.00    2.16      309.02    579.85    -9.308          9.448           435040.716      6478572.967     0.09      
590.00    2.14      309.85    589.85    -9.598          9.686           435040.426      6478573.205     0.11      
600.00    2.18      309.02    599.84    -9.889          9.925           435040.135      6478573.445     0.15      
610.00    2.15      308.45    609.83    -10.184         10.162          435039.840      6478573.681     0.11      
620.00    2.13      307.49    619.82    -10.478         10.391          435039.546      6478573.911     0.12      
630.00    2.01      302.74    629.82    -10.773         10.599          435039.251      6478574.119     0.63      
640.00    1.68      284.45    639.81    -11.063         10.731          435038.962      6478574.250     2.01      
650.00    1.63      275.56    649.81    -11.346         10.781          435038.679      6478574.300     0.78      
660.00    1.66      272.60    659.80    -11.633         10.801          435038.392      6478574.321     0.27      
670.00    1.79      276.80    669.80    -11.932         10.827          435038.093      6478574.346     0.54      
680.00    2.11      265.05    679.79    -12.271         10.829          435037.754      6478574.348     1.53      
690.00    2.45      259.38    689.79    -12.664         10.774          435037.361      6478574.293     1.22      
700.00    2.77      256.59    699.78    -13.109         10.678          435036.916      6478574.198     1.03      
710.00    3.19      251.91    709.76    -13.609         10.536          435036.417      6478574.055     1.46      
720.00    4.01      244.94    719.74    -14.190         10.301          435035.836      6478573.821     2.78      
730.00    4.67      241.67    729.71    -14.865         9.960           435035.161      6478573.480     2.11      
740.00    5.38      239.18    739.67    -15.626         9.527           435034.400      6478573.046     2.23      
750.00    6.03      237.66    749.63    -16.473         9.006           435033.554      6478572.526     2.00      
760.00    6.89      236.29    759.56    -17.415         8.392           435032.612      6478571.912     2.62      
770.00    7.68      235.54    769.48    -18.465         7.681           435031.562      6478571.201     2.39      
780.00    8.37      235.75    779.38    -19.618         6.893           435030.410      6478570.414     2.07      
790.00    9.33      235.86    789.26    -20.890         6.028           435029.138      6478569.549     2.88      
800.00    10.21     236.82    799.12    -22.303         5.089           435027.726      6478568.610     2.68      
810.00    10.79     237.99    808.95    -23.839         4.107           435026.191      6478567.629     1.85      
820.00    11.33     239.39    818.77    -25.478         3.111           435024.552      6478566.633     1.81      
830.00    11.93     242.49    828.56    -27.240         2.133           435022.790      6478565.656     2.60      
840.00    12.31     246.06    838.34    -29.131         1.223           435020.900      6478564.746     2.52      
850.00    12.52     249.24    848.10    -31.119         0.407           435018.913      6478563.929     2.15      
860.00    12.79     252.71    857.86    -33.189         -0.307          435016.843      6478563.216     2.42      
870.00    12.84     255.52    867.61    -35.322         -0.913          435014.711      6478562.610     1.88      
880.00    12.75     256.87    877.36    -37.473         -1.442          435012.561      6478562.082     0.94      
890.00    12.55     257.29    887.12    -39.607         -1.932          435010.428      6478561.592     0.66      
900.00    12.18     258.31    896.89    -41.700         -2.384          435008.336      6478561.139     1.29      
910.00    11.40     260.19    906.68    -43.707         -2.767          435006.329      6478560.757     2.61      
920.00    10.91     261.87    916.49    -45.617         -3.069          435004.419      6478560.455     1.76      
930.00    10.76     262.94    926.31    -47.481         -3.317          435002.557      6478560.207     0.75      
940.00    10.58     264.05    936.14    -49.320         -3.527          435000.718      6478559.997     0.82      
950.00    10.53     264.50    945.97    -51.143         -3.710          434998.896      6478559.814     0.29      
960.00    10.52     265.36    955.80    -52.962         -3.871          434997.077      6478559.653     0.47      
970.00    10.48     266.01    965.63    -54.779         -4.009          434995.261      6478559.516     0.38      
980.00    10.36     267.69    975.47    -56.585         -4.108          434993.455      6478559.416     0.98      
990.00    10.31     270.33    985.31    -58.378         -4.139          434991.663      6478559.385     1.43      
1000.00   10.29     272.52    995.14    -60.166         -4.095          434989.876      6478559.430     1.18      
1010.00   10.34     273.32    1004.98   -61.954         -4.004          434988.089      6478559.521     0.46      
1020.00   10.39     274.63    1014.82   -63.749         -3.879          434986.295      6478559.646     0.72      
1030.00   10.48     275.34    1024.65   -65.553         -3.721          434984.491      6478559.803     0.47      
1040.00   10.47     275.48    1034.49   -67.363         -3.550          434982.682      6478559.974     0.08      
1050.00   10.49     275.78    1044.32   -69.173         -3.371          434980.872      6478560.153     0.17      
1060.00   10.66     277.07    1054.15   -70.997         -3.166          434979.049      6478560.358     0.87      
1070.00   11.01     278.92    1063.97   -72.858         -2.904          434977.189      6478560.620     1.48      
1080.00   11.46     281.15    1073.78   -74.776         -2.564          434975.271      6478560.960     1.88      
1090.00   12.02     283.68    1083.57   -76.762         -2.125          434973.285      6478561.398     2.28      
1100.00   13.04     287.32    1093.33   -78.851         -1.543          434971.197      6478561.980     3.87      
1110.00   14.19     289.87    1103.05   -81.081         -0.791          434968.968      6478562.732     3.89      
1120.00   15.14     291.09    1112.73   -83.452         0.096           434966.598      6478563.619     3.00      
1130.00   16.29     291.76    1122.35   -85.973         1.086           434964.078      6478564.608     3.49      
1140.00   18.12     291.94    1131.91   -88.718         2.187           434961.333      6478565.709     5.49      
1150.00   19.37     291.62    1141.37   -91.703         3.379           434958.350      6478566.900     3.76      
1160.00   20.20     291.03    1150.78   -94.856         4.609           434955.198      6478568.131     2.56      
1170.00   20.94     290.28    1160.15   -98.143         5.848           434951.912      6478569.369     2.36      
1180.00   21.74     288.95    1169.46   -101.571        7.069           434948.485      6478570.590     2.80      
1190.00   22.06     288.24    1178.74   -105.107        8.258           434944.951      6478571.778     1.25      
1200.00   22.30     287.56    1188.00   -108.699        9.418           434941.360      6478572.938     1.05      
1210.00   22.53     286.61    1197.24   -112.344        10.538          434937.716      6478574.058     1.29      
1220.00   22.78     285.44    1206.47   -116.046        11.602          434934.016      6478575.121     1.55      
1230.00   22.91     284.77    1215.69   -119.794        12.613          434930.269      6478576.132     0.87      
1240.00   22.99     284.46    1224.90   -123.567        13.597          434926.497      6478577.115     0.43      
1250.00   23.10     284.53    1234.10   -127.357        14.577          434922.708      6478578.095     0.34      
1260.00   23.02     284.46    1243.30   -131.149        15.557          434918.917      6478579.075     0.25      
1270.00   22.40     284.23    1252.52   -134.889        16.514          434915.178      6478580.031     1.88      
1280.00   22.06     284.22    1261.78   -138.557        17.444          434911.512      6478580.960     1.02      
1290.00   21.49     284.19    1271.07   -142.153        18.354          434907.917      6478581.870     1.71      
1300.00   20.95     283.85    1280.39   -145.665        19.231          434904.407      6478582.747     1.66      
1310.00   20.83     283.60    1289.73   -149.128        20.077          434900.944      6478583.593     0.45      
1320.00   20.85     283.68    1299.08   -152.586        20.916          434897.488      6478584.432     0.10      
1330.00   21.02     283.73    1308.42   -156.057        21.762          434894.018      6478585.278     0.51      
1340.00   21.31     283.42    1317.74   -159.567        22.610          434890.510      6478586.125     0.93      
1350.00   21.61     283.17    1327.05   -163.127        23.451          434886.951      6478586.966     0.94      
1360.00   21.97     282.58    1336.33   -166.746        24.278          434883.333      6478587.793     1.26      
1370.00   22.45     281.18    1345.59   -170.445        25.056          434879.635      6478588.570     2.14      
1380.00   23.22     278.29    1354.81   -174.269        25.710          434875.813      6478589.224     4.08      
1390.00   23.84     276.25    1363.98   -178.229        26.214          434871.854      6478589.728     3.07      
1400.00   24.53     274.57    1373.10   -182.307        26.600          434867.778      6478590.114     2.92      
1410.00   25.42     271.77    1382.17   -186.522        26.832          434863.564      6478590.345     4.44      
1420.00   26.38     269.11    1391.16   -190.888        26.863          434859.199      6478590.377     4.52      
1430.00   27.21     266.65    1400.09   -195.392        26.695          434854.697      6478590.209     4.16      
1440.00   27.94     264.45    1408.95   -200.007        26.335          434850.084      6478589.849     3.76      
1450.00   28.74     261.88    1417.75   -204.719        25.769          434845.374      6478589.283     4.38      
1460.00   29.48     260.21    1426.49   -209.524        25.011          434840.570      6478588.525     3.30      
1470.00   29.92     259.85    1435.18   -214.403        24.153          434835.692      6478587.668     1.42      
1480.00   30.40     259.60    1443.82   -219.347        23.257          434830.750      6478586.772     1.49      
1490.00   31.22     259.49    1452.41   -224.384        22.327          434825.715      6478585.842     2.47      
1500.00   31.87     259.45    1460.93   -229.527        21.371          434820.574      6478584.887     1.95      
1510.00   32.35     259.26    1469.40   -234.751        20.389          434815.351      6478583.905     1.47      
1520.00   32.72     259.31    1477.84   -240.036        19.389          434810.069      6478582.905     1.11      
1530.00   33.21     259.32    1486.23   -245.383        18.380          434804.724      6478581.897     1.47      
1540.00   33.41     259.40    1494.58   -250.780        17.366          434799.328      6478580.883     0.61      
1550.00   33.61     259.49    1502.92   -256.207        16.355          434793.903      6478579.872     0.62      
1560.00   33.95     259.53    1511.23   -261.674        15.343          434788.438      6478578.860     1.02      
1570.00   34.05     259.37    1519.52   -267.172        14.319          434782.942      6478577.837     0.40      
1580.00   34.02     258.98    1527.81   -272.669        13.268          434777.447      6478576.786     0.66      
1590.00   34.03     258.75    1536.10   -278.159        12.187          434771.958      6478575.706     0.39      
1600.00   33.97     258.48    1544.39   -283.641        11.083          434766.478      6478574.603     0.49      
1610.00   34.00     258.45    1552.68   -289.118        9.966           434761.004      6478573.485     0.10      
1620.00   34.20     258.47    1560.96   -294.611        8.844           434755.512      6478572.364     0.60      
1630.00   34.38     258.36    1569.22   -300.130        7.713           434749.995      6478571.233     0.57      
1640.00   34.44     258.17    1577.47   -305.663        6.563           434744.464      6478570.084     0.37      
1650.00   34.42     257.88    1585.72   -311.194        5.390           434738.935      6478568.911     0.50      
1660.00   34.35     257.77    1593.97   -316.715        4.199           434733.417      6478567.721     0.28      
1670.00   34.31     257.67    1602.23   -322.225        3.000           434727.908      6478566.522     0.21      
1680.00   34.23     257.70    1610.49   -327.726        1.799           434722.409      6478565.321     0.25      
1690.00   34.23     257.66    1618.76   -333.222        0.598           434716.915      6478564.121     0.07      
1700.00   34.30     257.68    1627.03   -338.722        -0.604          434711.416      6478562.919     0.21      
1710.00   34.41     257.59    1635.28   -344.235        -1.812          434705.906      6478561.711     0.36      
1720.00   34.04     257.50    1643.55   -349.727        -3.025          434700.416      6478560.499     1.12      
1730.00   33.09     257.75    1651.88   -355.127        -4.210          434695.018      6478559.314     2.88      
1740.00   32.35     258.27    1660.30   -360.414        -5.333          434689.732      6478558.191     2.37      
1750.00   31.64     258.71    1668.78   -365.606        -6.391          434684.542      6478557.134     2.24      
1760.00   30.59     259.30    1677.34   -370.679        -7.377          434679.471      6478556.149     3.28      
1770.00   29.68     259.79    1685.99   -375.616        -8.288          434674.536      6478555.238     2.83      
1780.00   29.07     260.04    1694.70   -380.445        -9.147          434669.708      6478554.379     1.87      
1790.00   28.52     260.12    1703.46   -385.190        -9.977          434664.965      6478553.549     1.65      
1800.00   27.54     260.26    1712.29   -389.820        -10.778         434660.336      6478552.749     2.95      
1810.00   26.37     260.65    1721.21   -394.290        -11.530         434655.868      6478551.997     3.55      
1820.00   25.69     260.79    1730.19   -398.621        -12.237         434651.539      6478551.290     2.05      
1830.00   25.10     261.16    1739.22   -402.857        -12.910         434647.305      6478550.617     1.83      
1840.00   24.31     261.30    1748.31   -406.987        -13.548         434643.176      6478549.980     2.38      
1850.00   23.40     261.24    1757.45   -410.984        -14.161         434639.180      6478549.367     2.73      
1860.00   22.79     260.74    1766.65   -414.859        -14.776         434635.307      6478548.753     1.92      
1870.00   21.92     260.49    1775.90   -418.611        -15.396         434631.556      6478548.133     2.63      
1880.00   20.98     260.58    1785.21   -422.218        -15.997         434627.950      6478547.532     2.82      
1890.00   20.23     261.02    1794.57   -425.692        -16.560         434624.477      6478546.969     2.30      
1900.00   19.65     261.39    1803.97   -429.062        -17.081         434621.108      6478546.447     1.78      
1910.00   19.02     261.79    1813.41   -432.338        -17.566         434617.834      6478545.963     1.93      
1920.00   18.16     262.11    1822.88   -435.494        -18.012         434614.679      6478545.517     2.60      
1930.00   17.32     262.45    1832.41   -438.513        -18.422         434611.660      6478545.107     2.54      
1940.00   16.56     262.81    1841.97   -441.403        -18.796         434608.772      6478544.734     2.30      
1950.00   15.62     263.53    1851.58   -444.155        -19.126         434606.021      6478544.404     2.88      
1960.00   14.58     264.78    1861.24   -446.746        -19.392         434603.431      6478544.138     3.27      
1970.00   13.75     265.49    1870.93   -449.184        -19.600         434600.993      6478543.930     2.54      
1980.00   13.12     265.75    1880.66   -451.501        -19.778         434598.678      6478543.752     1.90      
1990.00   12.11     266.00    1890.42   -453.679        -19.935         434596.500      6478543.595     3.03      
2000.00   10.90     266.44    1900.22   -455.669        -20.067         434594.511      6478543.463     3.64      
2010.00   10.04     267.49    1910.05   -457.483        -20.164         434592.697      6478543.366     2.64      
2020.00   9.28      269.00    1919.91   -459.161        -20.216         434591.020      6478543.314     2.40      
2030.00   8.48      271.02    1929.79   -460.704        -20.217         434589.477      6478543.313     2.58      
2040.00   7.52      273.53    1939.69   -462.094        -20.164         434588.088      6478543.366     3.06      
2050.00   6.87      275.05    1949.61   -463.343        -20.071         434586.839      6478543.459     2.03      
2060.00   6.28      277.53    1959.55   -464.481        -19.946         434585.701      6478543.584     1.96      
2070.00   5.66      282.49    1969.49   -465.505        -19.768         434584.678      6478543.762     2.42      
2080.00   5.24      287.86    1979.45   -466.421        -19.521         434583.762      6478544.008     1.98      
2090.00   4.77      293.02    1989.41   -467.238        -19.219         434582.945      6478544.311     1.95      
2100.00   4.19      297.86    1999.38   -467.944        -18.885         434582.240      6478544.644     2.08      
2110.00   3.37      306.50    2009.36   -468.503        -18.540         434581.681      6478544.990     2.99      
2120.00   2.89      317.71    2019.34   -468.909        -18.178         434581.275      6478545.351     2.33      
2130.00   2.79      328.96    2029.33   -469.204        -17.783         434580.980      6478545.746     1.70      
2140.00   2.93      341.18    2039.32   -469.412        -17.333         434580.772      6478546.196     1.87      
2150.00   3.39      355.71    2049.30   -469.517        -16.796         434580.668      6478546.733     2.76      
2160.00   3.94      7.56      2059.28   -469.494        -16.161         434580.691      6478547.368     2.80      
2170.00   4.35      16.27     2069.26   -469.342        -15.456         434580.842      6478548.072     2.25      
2180.00   4.85      25.12     2079.22   -469.057        -14.709         434581.128      6478548.819     2.60      
2190.00   5.41      33.13     2089.18   -468.619        -13.932         434581.565      6478549.596     2.72      
2200.00   6.00      38.53     2099.13   -468.036        -13.128         434582.148      6478550.399     2.39      
2210.00   6.56      42.36     2109.07   -467.326        -12.297         434582.858      6478551.230     2.10      
2220.00   7.30      46.42     2119.00   -466.481        -11.437         434583.703      6478552.090     2.66      
2230.00   8.25      51.54     2128.91   -465.459        -10.553         434584.724      6478552.974     3.52      
2240.00   9.24      55.20     2138.79   -464.237        -9.648          434585.945      6478553.878     3.41      
2250.00   10.14     57.43     2148.65   -462.836        -8.716          434587.346      6478554.810     2.92      
2260.00   11.11     59.85     2158.48   -461.261        -7.759          434588.920      6478555.767     3.20      
2270.00   12.04     61.78     2168.27   -459.509        -6.781          434590.672      6478556.744     3.02      
2280.00   12.77     63.25     2178.04   -457.603        -5.791          434592.577      6478557.734     2.39      
2290.00   13.29     64.43     2187.78   -455.579        -4.797          434594.600      6478558.727     1.75      
2300.00   13.92     65.47     2197.50   -453.448        -3.802          434596.731      6478559.723     2.03      
2310.00   14.69     65.98     2207.19   -451.196        -2.786          434598.982      6478560.738     2.34      
2320.00   15.47     66.14     2216.85   -448.818        -1.731          434601.359      6478561.793     2.34      
2330.00   16.18     66.32     2226.47   -446.322        -0.632          434603.854      6478562.892     2.14      
2340.00   16.93     66.49     2236.06   -443.711        0.509           434606.464      6478564.032     2.25      
2350.00   17.72     66.96     2245.60   -440.975        1.685           434609.199      6478565.208     2.41      
2360.00   18.61     67.36     2255.10   -438.102        2.895           434612.071      6478566.417     2.70      
2370.00   19.52     67.72     2264.55   -435.084        4.143           434615.089      6478567.664     2.75      
2380.00   20.43     68.12     2273.95   -431.918        5.427           434618.253      6478568.948     2.76      
2390.00   21.25     68.32     2283.30   -428.614        6.747           434621.556      6478570.267     2.47      
2400.00   21.92     68.35     2292.60   -425.195        8.105           434624.974      6478571.625     2.01      
2410.00   22.61     68.54     2301.85   -421.672        9.497           434628.496      6478573.016     2.08      
2420.00   23.43     68.67     2311.05   -418.030        10.923          434632.136      6478574.442     2.46      
2430.00   24.36     68.72     2320.20   -414.257        12.395          434635.908      6478575.913     2.79      
2440.00   25.31     68.55     2329.27   -410.345        13.925          434639.818      6478577.443     2.86      
2450.00   26.29     68.14     2338.28   -406.300        15.531          434643.862      6478579.049     2.99      
2460.00   27.23     67.77     2347.20   -402.127        17.221          434648.034      6478580.738     2.86      
2470.00   28.23     67.35     2356.06   -397.827        18.998          434652.333      6478582.514     3.06      
2480.00   29.08     67.17     2364.83   -393.404        20.851          434656.754      6478584.367     2.56      
2490.00   30.08     67.26     2373.53   -388.853        22.763          434661.303      6478586.278     3.00      
2500.00   31.02     67.18     2382.14   -384.167        24.731          434665.988      6478588.246     2.82      
2510.00   31.64     67.35     2390.68   -379.371        26.741          434670.782      6478590.254     1.88      
2520.00   32.15     67.45     2399.17   -374.493        28.771          434675.658      6478592.284     1.54      
2530.00   32.87     67.45     2407.60   -369.530        30.832          434680.620      6478594.344     2.16      
2540.00   34.06     67.96     2415.95   -364.428        32.924          434685.720      6478596.435     3.67      
2550.00   35.36     68.34     2424.17   -359.142        35.043          434691.004      6478598.553     3.95      
2560.00   36.24     68.58     2432.28   -353.701        37.190          434696.443      6478600.700     2.67      
2570.00   36.93     68.78     2440.31   -348.149        39.357          434701.993      6478602.866     2.10      
2570.68   36.98     68.81     2440.85   -347.768        39.505          434702.374      6478603.014     2.32      
2580.68   36.98     68.81     2448.84   -342.159        41.679          434707.981      6478605.187     0.00      
2610.00   39.80     70.09     2471.82   -325.110        48.063          434725.024      6478611.569     3.00      
2640.00   42.70     71.26     2494.37   -306.444        54.603          434743.683      6478618.107     3.00      
2670.00   45.61     72.30     2515.89   -286.595        61.133          434763.526      6478624.634     3.00      
2700.00   48.53     73.24     2536.32   -265.616        67.635          434784.498      6478631.134     3.00      
2730.00   51.46     74.10     2555.61   -243.565        74.091          434806.541      6478637.589     3.00      
2760.00   54.39     74.89     2573.69   -220.502        80.485          434829.596      6478643.980     3.00      
2790.00   57.33     75.63     2590.52   -196.491        86.797          434853.598      6478650.290     3.00      
2820.00   60.27     76.32     2606.06   -171.597        93.012          434878.483      6478656.502     3.00      
2841.21   62.35     76.79     2616.25   -153.501        97.337          434896.574      6478660.826     3.00      
2850.00   62.35     76.79     2620.32   -145.922        99.117          434904.150      6478662.605     0.00      
2880.00   62.35     76.79     2634.25   -120.051        105.191         434930.012      6478668.677     0.00      
2910.00   62.35     76.79     2648.17   -94.180         111.265         434955.874      6478674.749     0.00      
2927.32   62.35     76.79     2656.20   -79.245         114.772         434970.804      6478678.255     0.00      
2940.00   62.24     78.21     2662.10   -68.284         117.202         434981.761      6478680.684     3.00      
2970.00   62.05     81.60     2676.12   -42.176         121.850         435007.860      6478685.330     3.00      
3000.00   61.94     85.00     2690.21   -15.875         124.941         435034.151      6478688.420     3.00      
3030.00   61.91     88.40     2704.33   10.545          126.466         435060.562      6478689.945     3.00      
3060.00   61.97     91.80     2718.45   37.013          126.422         435087.021      6478689.901     3.00      
3069.05   62.00     92.82     2722.70   45.000          126.100         435095.005      6478689.579     3.00      
3090.00   62.22     95.18     2732.50   63.466          124.809         435113.464      6478688.289     3.00      
3120.00   62.61     98.53     2746.39   89.861          121.635         435139.850      6478685.115     3.00      
3150.00   63.08     101.86    2760.08   116.128         116.908         435166.108      6478680.391     3.00      
3180.00   63.63     105.16    2773.54   142.195         110.642         435192.166      6478674.127     3.00      
3196.53   63.96     106.97    2780.84   156.450         106.537         435206.417      6478670.023     3.00      
3200.00   63.96     106.97    2782.36   159.428         105.628         435209.393      6478669.115     0.00      
3210.00   63.96     106.97    2786.75   168.022         103.006         435217.985      6478666.493     0.00      
3240.00   64.40     110.26    2799.82   193.610         94.386          435243.563      6478657.876     3.00      
3270.00   64.91     113.54    2812.66   218.760         84.273          435268.705      6478647.767     3.00      
3302.88   65.55     117.09    2826.44   245.743         71.509          435295.679      6478635.007     3.00      
3310.12   65.55     117.09    2829.44   251.607         68.509          435301.540      6478632.009     0.00      
3330.00   67.25     118.21    2837.40   267.745         60.054          435317.673      6478623.556     3.00      
3360.00   69.83     119.85    2848.37   292.153         46.503          435342.072      6478610.009     3.00      
3390.00   72.43     121.44    2858.07   316.572         32.032          435366.483      6478595.544     3.00      
3393.10   72.70     121.60    2859.00   319.090         30.488          435369.000      6478594.000     3.00      
3420.00   72.18     124.29    2867.12   340.614         16.540          435390.516      6478580.057     2.92      
3450.00   71.60     127.29    2876.44   363.742         -0.132          435413.636      6478563.391     2.91      
3480.00   71.02     130.28    2886.06   385.891         -17.930         435435.778      6478545.599     2.90      
3485.04   70.92     130.79    2887.70   389.515         -21.029         435439.401      6478542.501     2.89      
3510.00   72.98     129.30    2895.43   407.680         -36.292         435457.559      6478527.244     3.00      
3540.00   75.46     127.55    2903.59   430.297         -54.229         435480.168      6478509.313     3.00      
3570.00   77.96     125.84    2910.49   453.706         -71.670         435503.569      6478491.878     3.00      
3600.00   80.46     124.16    2916.10   477.845         -88.569         435527.700      6478474.985     3.00      
3630.00   82.98     122.50    2920.43   502.647         -104.879        435552.493      6478458.681     3.00      
3660.00   85.50     120.87    2923.44   528.043         -120.555        435577.880      6478443.010     3.00      
3690.00   88.02     119.24    2925.13   553.965         -135.554        435603.793      6478428.016     3.00      
3702.68   89.09     118.56    2925.45   565.064         -141.681        435614.888      6478421.891     3.00      
3720.00   89.09     118.56    2925.73   580.273         -149.959        435630.092      6478413.616     0.00      
3750.00   89.09     118.56    2926.21   606.619         -164.299        435656.429      6478399.281     0.00      
3780.00   89.09     118.56    2926.68   632.966         -178.639        435682.766      6478384.946     0.00      
3810.00   89.09     118.56    2927.16   659.312         -192.979        435709.104      6478370.611     0.00      
3815.55   89.09     118.56    2927.25   664.189         -195.633        435713.979      6478367.958     0.00      
3829.30   88.00     119.40    2927.60   676.215         -202.293        435726.000      6478361.300     3.00      
3840.00   87.88     118.34    2927.98   685.575         -207.454        435735.357      6478356.141     3.00      
3870.00   87.55     115.35    2929.18   712.318         -220.989        435762.090      6478342.611     3.00      
3900.00   87.23     112.37    2930.54   739.722         -233.109        435789.486      6478330.495     3.00      
3930.00   86.92     109.38    2932.07   767.714         -243.783        435817.467      6478319.825     3.00      
3960.00   86.61     106.39    2933.77   796.216         -252.980        435845.959      6478310.631     3.00      
3967.85   86.54     105.61    2934.24   803.747         -255.138        435853.488      6478308.474     3.00      
3990.00   86.54     105.61    2935.57   825.043         -261.086        435874.776      6478302.528     0.00      
4008.31   86.54     105.61    2936.68   842.646         -266.003        435892.374      6478297.612     0.00      
4020.00   85.85     104.66    2937.46   853.905         -269.048        435903.629      6478294.569     3.00      
4050.00   84.08     102.22    2940.09   882.967         -275.995        435932.680      6478287.624     3.00      
4080.00   82.33     99.77     2943.64   912.205         -281.679        435961.909      6478281.942     3.00      
4110.00   80.59     97.30     2948.10   941.540         -286.084        435991.233      6478277.539     3.00      
4137.67   79.00     95.00     2953.00   968.616         -289.004        436018.300      6478274.620     3.00      
4140.00   78.81     94.88     2953.45   970.891         -289.200        436020.574      6478274.424     2.93      
4170.00   76.34     93.25     2959.90   1000.111        -291.279        436049.784      6478272.346     2.93      
4200.00   73.88     91.60     2967.61   1029.074        -292.509        436078.737      6478271.116     2.93      
4230.00   71.44     89.90     2976.55   1057.705        -292.887        436107.358      6478270.738     2.93      
4260.00   69.01     88.16     2986.70   1085.929        -292.412        436135.572      6478271.213     2.93      
4290.00   66.60     86.35     2998.03   1113.671        -291.085        436163.304      6478272.539     2.93      
4306.36   65.30     85.34     3004.70   1128.572        -290.004        436178.200      6478273.620     2.93      
4320.00   65.61     83.85     3010.37   1140.923        -288.836        436190.546      6478274.788     3.06      
4350.00   66.35     80.60     3022.58   1168.067        -285.127        436217.682      6478278.495     3.06      
4380.00   67.16     77.38     3034.42   1195.119        -279.862        436244.724      6478283.759     3.06      
4410.00   68.03     74.21     3045.86   1222.001        -273.056        436271.596      6478290.562     3.06      
4440.00   68.96     71.07     3056.86   1248.636        -264.728        436298.222      6478298.888     3.06      
4470.00   69.95     67.98     3067.39   1274.948        -254.901        436324.525      6478308.710     3.06      
4500.00   70.99     64.92     3077.43   1300.862        -243.605        436350.430      6478320.003     3.06      
4506.40   71.22     64.28     3079.50   1306.334        -241.007        436355.900      6478322.600     3.06      
4530.00   70.98     61.79     3087.14   1326.230        -230.885        436375.789      6478332.719     3.01      
4560.00   70.74     58.62     3096.98   1350.822        -216.805        436400.372      6478346.793     3.01      
4590.00   70.54     55.44     3106.93   1374.564        -201.406        436424.106      6478362.187     3.01      
4620.00   70.40     52.26     3116.96   1397.391        -184.729        436446.926      6478378.858     3.01      
4650.00   70.32     49.07     3127.05   1419.241        -166.821        436468.768      6478396.760     3.01      
4664.71   70.30     47.50     3132.00   1429.577        -157.608        436479.100      6478405.970     3.01      
4680.00   70.30     47.50     3137.15   1440.193        -147.881        436489.713      6478415.694     0.00      
4710.00   70.30     47.50     3147.27   1461.018        -128.800        436510.530      6478434.768     0.00      
4740.00   70.30     47.50     3157.38   1481.843        -109.719        436531.348      6478453.842     0.00      
4770.00   70.30     47.50     3167.49   1502.668        -90.638         436552.166      6478472.916     0.00      
4800.00   70.30     47.50     3177.60   1523.493        -71.558         436572.984      6478491.990     0.00      
4830.00   70.30     47.50     3187.71   1544.318        -52.477         436593.801      6478511.064     0.00      
4860.00   70.30     47.50     3197.82   1565.143        -33.396         436614.619      6478530.139     0.00      
4864.71   70.30     47.50     3199.41   1568.410        -30.403         436617.885      6478533.131     0.00      
