HEADER INFORMATION (all units in Statoil default) 
----------------------------------------------------------------
COMPANY: Statoil Norway
FIELD: SLEIPNER
WELL NAME: Relief well location 2
WELLBORE NAME: F-1 North Upside Pilot 13 3/8" csg. shoe
Drilled From: Well Ref. Point
Kick Off Depth: 145.90m
Survey Name: F-1 North Upside Pilot 13 3/8" csg. shoe revp1
Survey Date: 26.02.2013
Extraction Date: 26.03.2018
----------------------------------------------------------------
Calculation Method: Minimum Curvature
Datum Name: WELL(54.90m)
----------------------------------------------------------------
Surface EW: 434560.000m
Surface NS: 6479405.000m
Surface Latitude: 58° 26' 56.7449 N
Surface Longitude: 1° 52' 43.8534 E
Bottom Hole MD: 2712.64m
Bottom Hole TVD: 2438.00m
Bottom Hole EW: 435223.660m
Bottom Hole NS: 6479097.000m
----------------------------------------------------------------
Survey Program:  
H  146 - 2713 F-1 NORTH UPSIDE PILOT 13 3/8" CSG. SHOE REVP1 : 
----------------------------------------------------------------
Water Depth: 91.00m
KB-WH: 145.90m
KB-MSL: 54.90m
System Datum: Mean Sea Level
----------------------------------------------------------------
Map-Zone: Zone 31N (0 E to 6 E)
North Reference: Grid
Geo Datum: European 1950 - Mean
Vertical Section Direction: 114.90deg
----------------------------------------------------------------
SURVEY LIST
MD        Inc       Azim      TVD       X-Offset (E/W)  Y-Offset (N/S)  UTM E/W         UTM N/S         DLS
m RKB     deg       deg       m RKB     m               m               m               m               deg/30m
145.90    0.00      0.00      145.90    -490.192        841.770         434560.000      6479405.000     0.00      
150.00    0.00      0.00      150.00    -490.192        841.770         434560.000      6479405.000     0.00      
180.00    0.00      0.00      180.00    -490.192        841.770         434560.000      6479405.000     0.00      
210.00    0.00      0.00      210.00    -490.192        841.770         434560.000      6479405.000     0.00      
240.00    0.00      0.00      240.00    -490.192        841.770         434560.000      6479405.000     0.00      
270.00    0.00      0.00      270.00    -490.192        841.770         434560.000      6479405.000     0.00      
300.00    0.00      0.00      300.00    -490.192        841.770         434560.000      6479405.000     0.00      
330.00    0.00      0.00      330.00    -490.192        841.770         434560.000      6479405.000     0.00      
360.00    0.00      0.00      360.00    -490.192        841.770         434560.000      6479405.000     0.00      
390.00    0.00      0.00      390.00    -490.192        841.770         434560.000      6479405.000     0.00      
420.00    0.00      0.00      420.00    -490.192        841.770         434560.000      6479405.000     0.00      
450.00    0.00      0.00      450.00    -490.192        841.770         434560.000      6479405.000     0.00      
480.00    0.00      0.00      480.00    -490.192        841.770         434560.000      6479405.000     0.00      
510.00    0.00      0.00      510.00    -490.192        841.770         434560.000      6479405.000     0.00      
540.00    0.00      0.00      540.00    -490.192        841.770         434560.000      6479405.000     0.00      
545.90    0.00      0.00      545.90    -490.192        841.770         434560.000      6479405.000     0.00      
570.00    0.80      139.38    570.00    -490.082        841.642         434560.110      6479404.872     1.00      
600.00    1.80      139.38    599.99    -489.637        841.124         434560.554      6479404.354     1.00      
630.00    2.80      139.38    629.97    -488.852        840.209         434561.339      6479403.439     1.00      
660.00    3.80      139.38    659.92    -487.727        838.897         434562.464      6479402.128     1.00      
690.00    4.80      139.38    689.83    -486.262        837.188         434563.929      6479400.419     1.00      
720.00    5.80      139.38    719.70    -484.456        835.083         434565.733      6479398.316     1.00      
750.00    6.80      139.38    749.52    -482.312        832.583         434567.877      6479395.816     1.00      
780.00    7.80      139.38    779.28    -479.829        829.689         434570.359      6479392.923     1.00      
810.00    8.80      139.38    808.96    -477.009        826.400         434573.178      6479389.635     1.00      
840.00    9.80      139.38    838.57    -473.851        822.719         434576.335      6479385.955     1.00      
845.90    10.00     139.38    844.38    -473.191        821.949         434576.995      6479385.186     1.00      
870.00    12.01     139.38    868.03    -470.196        818.457         434579.989      6479381.695     2.50      
900.00    14.51     139.38    897.23    -465.717        813.235         434584.466      6479376.475     2.50      
930.00    17.01     139.38    926.10    -460.413        807.051         434589.768      6479370.293     2.50      
960.00    19.51     139.38    954.59    -454.295        799.918         434595.885      6479363.162     2.50      
990.00    22.01     139.38    982.64    -447.373        791.847         434602.804      6479355.095     2.50      
1020.00   24.51     139.38    1010.20   -439.661        782.856         434610.513      6479346.107     2.50      
1050.00   27.01     139.38    1037.22   -431.174        772.961         434618.997      6479336.215     2.50      
1080.00   29.51     139.38    1063.64   -421.928        762.181         434628.240      6479325.438     2.50      
1110.00   32.01     139.38    1089.42   -411.940        750.536         434638.224      6479313.797     2.50      
1140.00   34.51     139.38    1114.50   -401.230        738.049         434648.931      6479301.315     2.50      
1170.00   37.01     139.38    1138.84   -389.818        724.743         434660.339      6479288.013     2.50      
1193.12   38.94     139.38    1157.07   -380.556        713.944         434669.598      6479277.218     2.50      
1200.00   38.94     139.38    1162.42   -377.742        710.664         434672.410      6479273.939     0.00      
1230.00   38.94     139.38    1185.76   -365.468        696.353         434684.680      6479259.634     0.00      
1260.00   38.94     139.38    1209.09   -353.194        682.042         434696.950      6479245.328     0.00      
1290.00   38.94     139.38    1232.43   -340.920        667.732         434709.219      6479231.022     0.00      
1320.00   38.94     139.38    1255.76   -328.646        653.421         434721.489      6479216.717     0.00      
1350.00   38.94     139.38    1279.10   -316.372        639.111         434733.759      6479202.411     0.00      
1380.00   38.94     139.38    1302.44   -304.098        624.800         434746.029      6479188.105     0.00      
1410.00   38.94     139.38    1325.77   -291.824        610.489         434758.298      6479173.800     0.00      
1440.00   38.94     139.38    1349.11   -279.550        596.179         434770.568      6479159.494     0.00      
1470.00   38.94     139.38    1372.44   -267.276        581.868         434782.838      6479145.188     0.00      
1500.00   38.94     139.38    1395.78   -255.002        567.557         434795.107      6479130.883     0.00      
1530.00   38.94     139.38    1419.11   -242.728        553.247         434807.377      6479116.577     0.00      
1560.00   38.94     139.38    1442.45   -230.454        538.936         434819.647      6479102.271     0.00      
1590.00   38.94     139.38    1465.79   -218.180        524.626         434831.917      6479087.966     0.00      
1620.00   38.94     139.38    1489.12   -205.906        510.315         434844.186      6479073.660     0.00      
1650.00   38.94     139.38    1512.46   -193.632        496.004         434856.456      6479059.355     0.00      
1680.00   38.94     139.38    1535.79   -181.358        481.694         434868.726      6479045.049     0.00      
1710.00   38.94     139.38    1559.13   -169.084        467.383         434880.996      6479030.743     0.00      
1740.00   38.94     139.38    1582.46   -156.810        453.072         434893.265      6479016.438     0.00      
1770.00   38.94     139.38    1605.80   -144.536        438.762         434905.535      6479002.132     0.00      
1773.65   38.94     139.38    1608.64   -143.041        437.019         434907.030      6479000.390     0.00      
1800.00   37.23     137.14    1629.38   -132.230        424.891         434917.837      6478988.266     2.50      
1830.00   35.34     134.38    1653.56   -119.855        412.169         434930.208      6478975.549     2.50      
1860.00   33.52     131.35    1678.31   -107.434        400.628         434942.624      6478964.012     2.50      
1890.00   31.78     128.02    1703.57   -94.991         390.290         434955.063      6478953.677     2.50      
1920.00   30.13     124.35    1729.30   -82.550         381.174         434967.500      6478944.565     2.50      
1950.00   28.60     120.32    1755.45   -70.133         373.299         434979.912      6478936.692     2.50      
1980.00   27.20     115.90    1781.96   -57.766         366.678         434992.275      6478930.073     2.50      
2010.00   25.95     111.05    1808.80   -45.470         361.325         435004.567      6478924.722     2.50      
2040.00   24.88     105.79    1835.90   -33.270         357.249         435016.762      6478920.648     2.50      
2070.00   24.00     100.12    1863.21   -21.190         354.459         435028.839      6478917.858     2.50      
2100.00   23.35     94.11     1890.69   -9.251          352.960         435040.773      6478916.360     2.50      
2130.00   22.94     87.84     1918.28   2.523           352.754         435052.543      6478916.154     2.50      
2160.00   22.78     81.41     1945.93   14.110          353.842         435064.126      6478917.242     2.50      
2190.00   22.88     74.97     1973.58   25.488          356.223         435075.500      6478919.622     2.50      
2220.00   23.24     68.65     2001.19   36.636          359.891         435086.644      6478923.288     2.50      
2250.00   23.84     62.57     2028.70   47.531          364.839         435097.535      6478928.235     2.50      
2280.00   24.67     56.82     2056.05   58.153          371.058         435108.154      6478934.452     2.50      
2310.00   25.70     51.47     2083.20   68.483          378.537         435118.480      6478941.928     2.50      
2340.00   26.91     46.53     2110.10   78.500          387.260         435128.493      6478950.648     2.50      
2370.00   28.28     42.02     2136.69   88.185          397.212         435138.175      6478960.596     2.50      
2400.00   29.78     37.90     2162.92   97.520          408.373         435147.507      6478971.754     2.50      
2408.17   30.21     36.84     2170.00   100.000         411.620         435149.986      6478975.000     2.50      
2430.00   30.21     36.84     2188.86   106.587         420.411         435156.571      6478983.787     0.00      
2460.00   30.21     36.84     2214.79   115.640         432.493         435165.621      6478995.865     0.00      
2490.00   30.21     36.84     2240.71   124.693         444.574         435174.671      6479007.943     0.00      
2520.00   30.21     36.84     2266.64   133.747         456.656         435183.721      6479020.020     0.00      
2550.00   30.21     36.84     2292.56   142.800         468.738         435192.771      6479032.098     0.00      
2553.17   30.21     36.84     2295.30   143.757         470.016         435193.728      6479033.375     0.00      
2580.00   28.77     33.26     2318.65   151.347         480.818         435201.315      6479044.173     2.55      
2610.00   27.28     28.85     2345.14   158.625         492.878         435208.590      6479056.229     2.55      
2640.00   25.94     24.01     2371.96   164.613         504.894         435214.576      6479068.241     2.55      
2670.00   24.77     18.70     2399.08   169.298         516.843         435219.260      6479080.186     2.55      
2700.00   23.81     12.96     2426.42   172.673         528.701         435222.633      6479092.040     2.55      
2712.64   23.48     10.41     2438.00   173.700         533.663         435223.660      6479097.000     2.55      
