HEADER INFORMATION (all units in Statoil default) 
----------------------------------------------------------------
COMPANY: Statoil Norway
FIELD: SLEIPNER
WELL NAME: F-5
WELLBORE NAME: F-5
Drilled From: Well Ref. Point
Kick Off Depth: 145.90m
Survey Name: F5 Rev 14.3 131207
Survey Date: 22.04.2008
Extraction Date: 03.04.2018
----------------------------------------------------------------
Calculation Method: Minimum Curvature
Datum Name: Rotary Table (As Installed)(54.90m)
----------------------------------------------------------------
Surface EW: 435050.945m
Surface NS: 6478558.870m
Surface Latitude: 58° 26' 29.6569 N
Surface Longitude: 1° 53' 14.9902 E
Bottom Hole MD: 3868.30m
Bottom Hole TVD: 3293.29m
Bottom Hole EW: 436438.990m
Bottom Hole NS: 6478760.040m
----------------------------------------------------------------
Survey Program:  
H  146 - 1415 F5 REV 14.3 131207 : KEEPER, STAT
H  1515 - 3868 F5 REV 14.3 131207 : MAGNETIC, STD, NON-MAG
----------------------------------------------------------------
Water Depth: 91.00m
KB-WH: 145.90m
KB-MSL: 54.90m
System Datum: Mean Sea Level
----------------------------------------------------------------
Map-Zone: Zone 31N (0 E to 6 E)
North Reference: Grid
Geo Datum: European 1950 - Mean
Vertical Section Direction: 81.75deg
----------------------------------------------------------------
SURVEY LIST
MD        Inc       Azim      TVD       X-Offset (E/W)  Y-Offset (N/S)  UTM E/W         UTM N/S         DLS
m RKB     deg       deg       m RKB     m               m               m               m               deg/30m
0.00      0.00      0.00      0.00      0.925           -4.655          435050.945      6478558.870     0.00      
145.90    0.00      0.00      145.90    0.925           -4.655          435050.945      6478558.870     0.00      
150.00    0.00      0.00      150.00    0.925           -4.655          435050.945      6478558.870     0.00      
180.00    0.00      0.00      180.00    0.925           -4.655          435050.945      6478558.870     0.00      
210.00    0.00      0.00      210.00    0.925           -4.655          435050.945      6478558.870     0.00      
220.00    0.00      0.00      220.00    0.925           -4.655          435050.945      6478558.870     0.00      
240.00    0.67      190.00    240.00    0.904           -4.769          435050.925      6478558.755     1.00      
270.00    1.67      190.00    269.99    0.798           -5.371          435050.819      6478558.154     1.00      
300.00    2.67      190.00    299.97    0.601           -6.488          435050.622      6478557.038     1.00      
330.00    3.67      190.00    329.92    0.314           -8.120          435050.334      6478555.406     1.00      
360.00    4.67      190.00    359.85    -0.065          -10.266         435049.956      6478553.260     1.00      
370.00    5.00      190.00    369.81    -0.211          -11.096         435049.810      6478552.431     1.00      
390.00    5.87      190.00    389.72    -0.540          -12.961         435049.481      6478550.566     1.30      
420.00    7.17      190.00    419.53    -1.131          -16.314         435048.890      6478547.215     1.30      
450.00    8.47      190.00    449.25    -1.840          -20.332         435048.182      6478543.198     1.30      
480.00    9.77      190.00    478.87    -2.665          -25.013         435047.357      6478538.518     1.30      
485.38    10.00     190.00    484.17    -2.826          -25.923         435047.196      6478537.609     1.30      
510.00    9.93      181.67    508.42    -3.258          -30.150         435046.764      6478533.384     1.76      
540.00    10.12     171.61    537.96    -2.949          -35.343         435047.073      6478528.193     1.76      
570.00    10.60     162.20    567.47    -1.721          -40.578         435048.300      6478522.959     1.76      
600.00    11.33     153.79    596.93    0.424           -45.850         435050.445      6478517.689     1.76      
630.00    12.27     146.52    626.29    3.486           -51.154         435053.505      6478512.387     1.76      
660.00    13.38     140.34    655.55    7.460           -56.485         435057.478      6478507.057     1.76      
690.00    14.61     135.14    684.66    12.343          -61.839         435062.359      6478501.706     1.76      
720.00    15.93     130.76    713.60    18.130          -67.209         435068.145      6478496.337     1.76      
750.00    17.34     127.06    742.34    24.816          -72.592         435074.829      6478490.957     1.76      
780.00    18.80     123.90    770.86    32.395          -77.981         435082.405      6478485.569     1.76      
810.00    20.30     121.19    799.13    40.849          -84.033         435090.856      6478479.519     1.76      
840.00    21.84     118.84    827.13    50.202          -88.760         435100.206      6478474.794     1.76      
870.00    23.42     116.79    854.82    60.413          -94.140         435110.413      6478469.416     1.76      
899.80    25.00     115.00    882.00    71.407          -99.471         435121.403      6478464.087     1.76      
930.00    25.00     115.00    909.37    82.974          -104.865        435132.966      6478458.695     0.00      
960.00    25.00     115.00    936.56    94.465          -110.223        435144.453      6478453.339     0.00      
990.00    25.00     115.00    963.75    105.955         -115.581        435155.939      6478447.982     0.00      
1020.00   25.00     115.00    990.93    117.446         -120.939        435167.426      6478442.626     0.00      
1050.00   25.00     115.00    1018.12   128.937         -126.297        435178.913      6478437.270     0.00      
1080.00   25.00     115.00    1045.31   140.427         -131.656        435190.399      6478431.913     0.00      
1112.76   25.00     115.00    1075.00   152.975         -137.507        435202.943      6478426.064     0.00      
1140.00   25.96     112.75    1099.59   163.691         -142.246        435213.654      6478421.327     1.50      
1170.00   27.06     110.46    1126.44   176.139         -147.170        435226.098      6478416.404     1.50      
1200.00   28.18     108.33    1153.02   189.257         -151.783        435239.212      6478411.793     1.50      
1230.00   29.34     106.35    1179.32   203.037         -156.081        435252.987      6478407.496     1.50      
1260.00   30.53     104.52    1205.32   217.468         -160.061        435267.413      6478403.518     1.50      
1287.72   31.65     102.93    1229.06   231.374         -163.453        435281.314      6478400.127     1.50      
1290.00   31.66     103.07    1231.00   232.540         -163.722        435282.480      6478399.858     1.00      
1320.00   31.86     104.93    1256.50   247.861         -167.544        435297.795      6478396.037     1.00      
1350.00   32.09     106.77    1281.95   263.141         -171.884        435313.070      6478391.699     1.00      
1380.00   32.34     108.59    1307.34   278.375         -176.742        435328.299      6478386.843     1.00      
1398.81   32.51     109.72    1323.21   287.900         -180.051        435337.821      6478383.535     1.00      
1410.00   32.51     109.72    1332.65   293.562         -182.080        435343.481      6478381.507     0.00      
1530.00   32.51     109.72    1433.85   354.272         -203.836        435404.169      6478359.758     0.00      
1560.00   32.51     109.72    1459.15   369.449         -209.275        435419.341      6478354.321     0.00      
1590.00   32.51     109.72    1484.45   384.627         -214.714        435434.513      6478348.884     0.00      
1620.00   32.51     109.72    1509.75   399.804         -220.153        435449.686      6478343.447     0.00      
1650.00   32.51     109.72    1535.05   414.981         -225.592        435464.858      6478338.009     0.00      
1680.00   32.51     109.72    1560.35   430.159         -231.031        435480.030      6478332.572     0.00      
1710.00   32.51     109.72    1585.65   445.336         -236.470        435495.202      6478327.135     0.00      
1740.00   32.51     109.72    1610.95   460.513         -241.909        435510.374      6478321.698     0.00      
1770.00   32.51     109.72    1636.25   475.691         -247.348        435525.546      6478316.261     0.00      
1800.00   32.51     109.72    1661.54   490.868         -252.788        435540.718      6478310.824     0.00      
1830.00   32.51     109.72    1686.84   506.045         -258.227        435555.890      6478305.386     0.00      
1860.00   32.51     109.72    1712.14   521.223         -263.666        435571.062      6478299.949     0.00      
1890.00   32.51     109.72    1737.44   536.400         -269.105        435586.234      6478294.512     0.00      
1920.00   32.51     109.72    1762.74   551.577         -274.544        435601.406      6478289.075     0.00      
1950.00   32.51     109.72    1788.04   566.755         -279.983        435616.578      6478283.638     0.00      
1980.00   32.51     109.72    1813.34   581.932         -285.422        435631.750      6478278.201     0.00      
2010.00   32.51     109.72    1838.64   597.109         -290.861        435646.922      6478272.763     0.00      
2040.00   32.51     109.72    1863.94   612.287         -296.300        435662.094      6478267.326     0.00      
2070.00   32.51     109.72    1889.24   627.464         -301.739        435677.267      6478261.889     0.00      
2100.00   32.51     109.72    1914.54   642.642         -307.178        435692.439      6478256.452     0.00      
2130.00   32.51     109.72    1939.84   657.819         -312.617        435707.611      6478251.015     0.00      
2160.00   32.51     109.72    1965.14   672.996         -318.056        435722.783      6478245.578     0.00      
2178.46   32.51     109.72    1980.70   682.334         -321.402        435732.117      6478242.233     0.00      
2190.00   32.40     109.03    1990.44   688.178         -323.457        435737.959      6478240.179     1.00      
2220.00   32.14     107.22    2015.81   703.400         -328.440        435753.176      6478235.197     1.00      
2250.00   31.91     105.38    2041.24   718.669         -332.906        435768.440      6478230.733     1.00      
2280.00   31.71     103.53    2066.74   733.981         -336.853        435783.746      6478226.787     1.00      
2289.54   31.65     102.93    2074.86   738.860         -338.000        435788.624      6478225.641     1.00      
2310.00   31.53     101.65    2092.29   749.329         -340.281        435799.089      6478223.361     1.00      
2340.00   31.37     99.76     2117.88   764.705         -343.188        435814.460      6478220.455     1.00      
2370.00   31.24     97.85     2143.51   780.106         -345.574        435829.855      6478218.070     1.00      
2400.00   31.13     95.93     2169.18   795.525         -347.437        435845.269      6478216.207     1.00      
2430.00   31.06     94.00     2194.87   810.959         -348.777        435860.698      6478214.867     1.00      
2460.00   31.01     92.06     2220.58   826.403         -349.595        435876.136      6478214.050     1.00      
2490.00   31.00     90.12     2246.29   841.852         -349.888        435891.579      6478213.757     1.00      
2520.00   31.01     88.18     2272.01   857.301         -349.658        435907.023      6478213.986     1.00      
2541.89   31.04     86.76     2290.76   868.569         -349.160        435918.288      6478214.484     1.00      
2550.00   31.04     86.76     2297.71   872.745         -348.924        435922.462      6478214.720     0.00      
2580.00   31.04     86.76     2323.42   888.189         -348.051        435937.900      6478215.594     0.00      
2610.00   31.04     86.76     2349.12   903.632         -347.177        435953.338      6478216.467     0.00      
2640.00   31.04     86.76     2374.83   919.075         -346.304        435968.775      6478217.340     0.00      
2670.00   31.04     86.76     2400.53   934.518         -345.430        435984.213      6478218.213     0.00      
2700.00   31.04     86.76     2426.24   949.961         -344.556        435999.651      6478219.087     0.00      
2730.00   31.04     86.76     2451.94   965.404         -343.683        436015.088      6478219.960     0.00      
2760.97   31.04     86.76     2478.48   981.345         -342.781        436031.024      6478220.861     0.00      
2790.00   30.87     84.72     2503.38   996.234         -341.673        436045.908      6478221.969     1.10      
2820.00   30.73     82.59     2529.15   1011.498        -339.976        436061.167      6478223.666     1.10      
2850.00   30.62     80.44     2554.95   1026.634        -337.718        436076.297      6478225.923     1.10      
2880.00   30.55     78.28     2580.78   1041.636        -334.901        436091.294      6478228.739     1.10      
2910.00   30.52     76.12     2606.62   1056.497        -331.525        436106.150      6478232.114     1.10      
2937.15   30.52     74.16     2630.00   1069.820        -327.990        436119.468      6478235.647     1.10      
2940.00   30.55     73.79     2632.46   1071.214        -327.590        436120.862      6478236.048     2.00      
2970.00   30.90     69.94     2658.25   1085.772        -322.818        436135.414      6478240.817     2.00      
3000.00   31.36     66.17     2683.93   1100.150        -317.021        436149.787      6478246.613     2.00      
3030.00   31.93     62.52     2709.47   1114.331        -310.205        436163.964      6478253.426     2.00      
3060.00   32.60     58.99     2734.84   1128.298        -302.379        436177.926      6478261.250     2.00      
3090.00   33.37     55.59     2760.01   1142.033        -293.552        436191.656      6478270.073     2.00      
3120.00   34.22     52.34     2784.94   1155.521        -283.735        436205.139      6478279.887     2.00      
3150.00   35.16     49.24     2809.61   1168.744        -272.940        436218.358      6478290.678     2.00      
3180.00   36.17     46.28     2833.98   1181.687        -261.180        436231.296      6478302.434     2.00      
3210.00   37.25     43.47     2858.03   1194.333        -248.469        436243.938      6478315.140     2.00      
3240.00   38.40     40.79     2881.73   1206.668        -234.823        436256.269      6478328.781     2.00      
3270.00   39.60     38.25     2905.05   1218.676        -220.259        436268.272      6478343.341     2.00      
3300.00   40.86     35.84     2927.95   1230.342        -204.794        436279.935      6478358.800     2.00      
3330.00   42.16     33.55     2950.42   1241.654        -188.447        436291.242      6478375.141     2.00      
3360.00   43.51     31.37     2972.42   1252.595        -171.239        436302.180      6478392.344     2.00      
3390.00   44.89     29.31     2993.93   1263.154        -153.189        436312.735      6478410.388     2.00      
3420.00   46.31     27.34     3014.92   1273.318        -134.320        436322.895      6478429.250     2.00      
3450.00   47.76     25.46     3035.36   1283.073        -114.655        436332.647      6478448.908     2.00      
3480.00   49.25     23.67     3055.24   1292.409        -94.218         436341.980      6478469.338     2.00      
3510.00   50.76     21.95     3074.52   1301.314        -73.033         436350.881      6478490.515     2.00      
3540.00   52.29     20.31     3093.19   1309.776        -51.128         436359.341      6478512.413     2.00      
3554.54   53.04     19.54     3102.01   1313.716        -40.259         436363.279      6478523.278     2.00      
3570.00   53.84     18.74     3111.22   1317.787        -28.527         436367.349      6478535.006     2.00      
3592.02   55.00     17.62     3124.03   1323.372        -11.512         436372.932      6478552.015     2.00      
3600.00   54.47     17.62     3128.63   1325.345        -5.302          436374.904      6478558.223     2.00      
3630.00   52.47     17.62     3146.49   1332.641        17.672          436382.198      6478581.188     2.00      
3637.62   51.96     17.62     3151.16   1334.464        23.411          436384.020      6478586.926     2.00      
3660.00   51.96     17.62     3164.95   1339.800        40.210          436389.354      6478603.719     0.00      
3690.00   51.96     17.62     3183.44   1346.951        62.730          436396.503      6478626.231     0.00      
3720.00   51.97     17.62     3201.92   1354.103        85.251          436403.652      6478648.744     0.00      
3750.00   51.97     17.62     3220.41   1361.254        107.772         436410.801      6478671.258     0.00      
3780.00   51.97     17.61     3238.89   1368.405        130.294         436417.950      6478693.772     0.00      
3786.67   51.97     17.61     3243.00   1369.996        135.305         436419.540      6478698.781     0.00      
3810.00   51.97     17.61     3257.37   1375.556        152.817         436425.098      6478716.287     0.00      
3840.00   51.97     17.61     3275.85   1382.707        175.340         436432.247      6478738.801     0.00      
3868.30   51.97     17.61     3293.29   1389.453        196.586         436438.990      6478760.040     0.00      
