HEADER INFORMATION (all units in Statoil default) 
----------------------------------------------------------------
COMPANY: Statoil Norway
FIELD: SLEIPNER
WELL NAME: F-14
WELLBORE NAME: F-14 A
Drilled From: F-14
Kick Off Depth: 1077.00m
Survey Name: Combined targets
Survey Date: 10.09.2015
Extraction Date: 03.04.2018
----------------------------------------------------------------
Calculation Method: Minimum Curvature
Datum Name: Inspirer Rotary Table(54.90m)
----------------------------------------------------------------
Surface EW: 435052.438m
Surface NS: 6478562.310m
Surface Latitude: 58° 26' 29.7689 N
Surface Longitude: 1° 53' 15.0788 E
Bottom Hole MD: 5210.92m
Bottom Hole TVD: 3146.90m
Bottom Hole EW: 436569.000m
Bottom Hole NS: 6478405.000m
----------------------------------------------------------------
Survey Program:  
H  150 - 197 36IN GYRO CONDUCTOR : KEEPER, STAT
H  209 - 1066 F-14 26" GYROMWD : KEEPER, STAT
H  1096 - 1077 F-14 17 1/2" MWD SURVEY : MAGNETIC, STD, NON-MAG
H  1077 - 5211 COMBINED TARGETS : MAGNETIC, STD, NON-MAG
----------------------------------------------------------------
Water Depth: 91.00m
KB-WH: 145.90m
KB-MSL: 54.90m
System Datum: Mean Sea Level
----------------------------------------------------------------
Map-Zone: Zone 31N (0 E to 6 E)
North Reference: Grid
Geo Datum: European 1950 - Mean
Vertical Section Direction: 95.92deg
----------------------------------------------------------------
SURVEY LIST
MD        Inc       Azim      TVD       X-Offset (E/W)  Y-Offset (N/S)  UTM E/W         UTM N/S         DLS
m RKB     deg       deg       m RKB     m               m               m               m               deg/30m
0.00      0.00      0.00      0.00      2.418           -1.213          435052.438      6478562.310     0.00      
145.90    0.00      360.00    145.90    2.418           -1.213          435052.438      6478562.310     0.00      
150.00    0.14      291.95    150.00    2.413           -1.212          435052.433      6478562.312     1.02      
160.00    0.14      313.36    160.00    2.393           -1.199          435052.413      6478562.325     0.16      
170.00    0.08      281.81    170.00    2.377           -1.189          435052.397      6478562.335     0.25      
180.00    0.11      256.62    180.00    2.361           -1.190          435052.381      6478562.334     0.15      
190.00    0.19      315.13    190.00    2.340           -1.180          435052.360      6478562.343     0.49      
196.80    0.29      327.63    196.80    2.323           -1.158          435052.343      6478562.366     0.50      
209.00    0.27      334.05    209.00    2.294           -1.106          435052.314      6478562.418     0.09      
233.30    0.44      24.15     233.30    2.307           -0.969          435052.327      6478562.554     0.42      
259.50    1.14      52.89     259.50    2.556           -0.720          435052.576      6478562.803     0.90      
299.60    2.11      57.90     299.58    3.499           -0.087          435053.519      6478563.436     0.73      
340.30    1.00      58.25     340.26    4.436           0.498           435054.456      6478564.021     0.82      
380.80    2.90      86.12     380.74    5.759           0.753           435055.778      6478564.276     1.53      
420.30    5.10      84.80     420.14    8.505           0.980           435058.523      6478564.503     1.67      
460.20    4.05      80.32     459.91    11.660          1.378           435061.677      6478564.900     0.83      
500.50    4.05      56.67     500.12    14.252          2.399           435064.268      6478565.921     1.23      
541.00    2.73      33.21     540.55    15.975          3.992           435065.991      6478567.514     1.40      
581.30    1.41      351.99    580.82    16.432          5.286           435066.447      6478568.807     1.42      
622.10    0.26      105.98    621.62    16.451          5.758           435066.466      6478569.279     1.13      
662.20    0.18      21.34     661.72    16.561          5.791           435066.577      6478569.312     0.23      
702.60    0.18      29.87     702.12    16.616          5.906           435066.631      6478569.427     0.02      
742.70    0.18      91.39     742.22    16.711          5.959           435066.726      6478569.480     0.14      
783.10    0.18      130.06    782.62    16.823          5.916           435066.838      6478569.437     0.09      
823.50    0.35      124.44    823.02    16.973          5.806           435066.988      6478569.327     0.13      
864.10    0.79      154.67    863.61    17.195          5.483           435067.210      6478569.004     0.38      
891.50    0.27      151.83    891.01    17.306          5.255           435067.321      6478568.776     0.57      
944.50    0.18      196.24    944.01    17.342          5.065           435067.357      6478568.586     0.11      
984.90    0.35      135.16    984.41    17.411          4.916           435067.426      6478568.438     0.23      
1025.10   0.26      98.68     1024.61   17.588          4.816           435067.603      6478568.337     0.16      
1065.70   0.18      168.91    1065.21   17.691          4.739           435067.706      6478568.261     0.19      
1077.00   0.16      198.98    1076.51   17.689          4.707           435067.704      6478568.228     0.24      
1080.00   0.20      308.58    1079.51   17.684          4.706           435067.699      6478568.227     3.00      
1110.00   3.18      337.05    1109.49   17.318          5.506           435067.332      6478569.027     3.00      
1140.00   6.18      337.96    1139.39   16.387          7.768           435066.403      6478571.289     3.00      
1170.00   9.18      338.28    1169.12   14.896          11.488          435064.912      6478575.007     3.00      
1200.00   12.18     338.44    1198.60   12.847          16.654          435062.864      6478580.172     3.00      
1230.00   15.18     338.54    1227.74   10.247          23.253          435060.264      6478586.768     3.00      
1260.00   18.18     338.60    1256.48   7.102           31.267          435057.121      6478594.779     3.00      
1290.00   21.18     338.65    1284.72   3.422           40.673          435053.442      6478604.182     3.00      
1320.00   24.18     338.69    1312.40   -0.784          51.445          435049.237      6478614.951     3.00      
1350.00   27.18     338.72    1339.43   -5.505          63.555          435044.518      6478627.056     3.00      
1380.00   30.18     338.74    1365.75   -10.727         76.969          435039.298      6478640.466     3.00      
1410.00   33.18     338.76    1391.28   -16.436         91.651          435033.591      6478655.142     3.00      
1440.00   36.18     338.78    1415.95   -22.616         107.559         435027.413      6478671.044     3.00      
1470.00   39.18     338.79    1439.69   -29.250         124.651         435020.781      6478688.130     3.00      
1493.27   41.50     338.80    1457.43   -34.699         138.696         435015.334      6478702.171     3.00      
1500.00   41.50     338.80    1462.46   -36.311         142.851         435013.723      6478706.325     0.00      
1530.00   41.50     338.80    1484.93   -43.499         161.387         435006.537      6478724.853     0.00      
1560.00   41.50     338.80    1507.40   -50.688         179.922         434999.351      6478743.382     0.00      
1590.00   41.50     338.80    1529.86   -57.876         198.457         434992.165      6478761.911     0.00      
1620.00   41.50     338.80    1552.33   -65.065         216.992         434984.979      6478780.440     0.00      
1650.00   41.50     338.80    1574.80   -72.253         235.527         434977.793      6478798.968     0.00      
1680.00   41.50     338.80    1597.27   -79.442         254.063         434970.607      6478817.497     0.00      
1710.00   41.50     338.80    1619.73   -86.630         272.598         434963.421      6478836.026     0.00      
1740.00   41.50     338.80    1642.20   -93.819         291.133         434956.235      6478854.555     0.00      
1770.00   41.50     338.80    1664.67   -101.007        309.668         434949.049      6478873.083     0.00      
1800.00   41.50     338.80    1687.13   -108.196        328.203         434941.863      6478891.612     0.00      
1830.00   41.50     338.80    1709.60   -115.384        346.739         434934.677      6478910.141     0.00      
1860.00   41.50     338.80    1732.07   -122.573        365.274         434927.491      6478928.670     0.00      
1890.00   41.50     338.80    1754.54   -129.761        383.809         434920.305      6478947.198     0.00      
1920.00   41.50     338.80    1777.00   -136.950        402.344         434913.119      6478965.727     0.00      
1950.00   41.50     338.80    1799.47   -144.139        420.879         434905.933      6478984.256     0.00      
1980.00   41.50     338.80    1821.94   -151.327        439.415         434898.747      6479002.784     0.00      
2010.00   41.50     338.80    1844.40   -158.516        457.950         434891.561      6479021.313     0.00      
2040.00   41.50     338.80    1866.87   -165.704        476.485         434884.375      6479039.842     0.00      
2070.00   41.50     338.80    1889.34   -172.893        495.020         434877.188      6479058.371     0.00      
2100.00   41.50     338.80    1911.81   -180.081        513.555         434870.002      6479076.899     0.00      
2130.00   41.50     338.80    1934.27   -187.270        532.091         434862.816      6479095.428     0.00      
2160.00   41.50     338.80    1956.74   -194.458        550.626         434855.630      6479113.957     0.00      
2190.00   41.50     338.80    1979.21   -201.647        569.161         434848.444      6479132.486     0.00      
2220.00   41.50     338.80    2001.67   -208.835        587.696         434841.258      6479151.014     0.00      
2250.00   41.50     338.80    2024.14   -216.024        606.231         434834.072      6479169.543     0.00      
2280.00   41.50     338.80    2046.61   -223.212        624.767         434826.886      6479188.072     0.00      
2310.00   41.50     338.80    2069.08   -230.401        643.302         434819.700      6479206.601     0.00      
2340.00   41.50     338.80    2091.54   -237.589        661.837         434812.514      6479225.129     0.00      
2370.00   41.50     338.80    2114.01   -244.778        680.372         434805.328      6479243.658     0.00      
2400.00   41.50     338.80    2136.48   -251.966        698.907         434798.142      6479262.187     0.00      
2430.00   41.50     338.80    2158.94   -259.155        717.443         434790.956      6479280.716     0.00      
2461.42   41.50     338.80    2182.47   -266.684        736.855         434783.430      6479300.121     0.00      
2490.00   39.25     341.52    2204.25   -272.975        754.264         434777.141      6479317.524     3.00      
2520.00   36.97     344.67    2227.85   -278.369        771.969         434771.749      6479335.223     3.00      
2550.00   34.77     348.16    2252.16   -282.510        789.045         434767.609      6479352.293     3.00      
2580.00   32.69     352.05    2277.12   -285.386        805.445         434764.735      6479368.687     3.00      
2610.00   30.74     356.39    2302.64   -286.989        821.123         434763.132      6479384.360     3.00      
2640.00   28.95     1.23      2328.66   -287.315        836.037         434762.806      6479399.269     3.00      
2670.00   27.36     6.62      2355.12   -286.364        850.146         434763.757      6479413.373     3.00      
2700.00   25.99     12.58     2381.93   -284.137        863.412         434765.983      6479426.634     3.00      
2730.00   24.89     19.08     2409.02   -280.640        875.797         434769.478      6479439.015     3.00      
2760.00   24.10     26.06     2436.33   -275.885        887.268         434774.232      6479450.482     3.00      
2790.00   23.64     33.39     2463.77   -269.882        897.793         434780.233      6479461.003     3.00      
2820.00   23.53     40.89     2491.27   -262.650        907.344         434787.463      6479470.551     3.00      
2850.00   23.79     48.35     2518.75   -254.207        915.895         434795.903      6479479.099     3.00      
2880.00   24.39     55.55     2546.15   -244.576        923.421         434805.530      6479486.623     3.00      
2910.00   25.31     62.35     2573.38   -233.786        929.903         434816.317      6479493.102     3.00      
2940.00   26.53     68.63     2600.36   -221.863        935.323         434828.235      6479498.520     3.00      
2970.00   27.99     74.35     2627.03   -208.843        939.665         434841.251      6479502.861     3.00      
3000.00   29.67     79.50     2653.32   -194.759        942.918         434855.330      6479506.113     3.00      
3030.00   31.53     84.13     2679.14   -179.651        945.073         434870.432      6479508.267     3.00      
3060.00   33.54     88.28     2704.44   -163.561        946.124         434886.517      6479509.317     3.00      
3090.00   35.67     92.00     2729.13   -146.531        946.068         434903.540      6479509.262     3.00      
3120.00   37.91     95.34     2753.16   -128.610        944.906         434921.456      6479508.099     3.00      
3150.00   40.23     98.36     2776.45   -109.846        942.640         434940.213      6479505.834     3.00      
3180.00   42.62     101.10    2798.95   -90.290         939.276         434959.763      6479502.472     3.00      
3210.00   45.07     103.59    2820.58   -69.996         934.825         434980.049      6479498.022     3.00      
3240.00   47.57     105.88    2841.30   -49.020         929.297         435001.018      6479492.497     3.00      
3270.00   50.12     108.00    2861.04   -27.419         922.709         435022.611      6479485.911     3.00      
3300.00   52.69     109.96    2879.76   -5.253          915.079         435044.770      6479478.283     3.00      
3330.00   55.30     111.79    2897.39   17.418          906.426         435067.433      6479469.633     3.00      
3360.00   57.94     113.51    2913.90   40.532          896.776         435090.539      6479459.986     3.00      
3390.00   60.59     115.13    2929.23   64.026          886.153         435114.024      6479449.368     3.00      
3420.00   63.27     116.67    2943.34   87.834          874.589         435137.824      6479437.807     3.00      
3450.00   65.96     118.14    2956.20   111.892         862.113         435161.873      6479425.336     3.00      
3480.00   68.67     119.54    2967.77   136.133         848.761         435186.107      6479411.989     3.00      
3510.00   71.38     120.90    2978.02   160.492         834.569         435210.457      6479397.802     3.00      
3540.00   74.11     122.21    2986.92   184.901         819.576         435234.858      6479382.814     3.00      
3551.24   75.13     122.69    2989.90   194.047         813.760         435244.000      6479377.000     3.00      
3570.00   74.25     122.35    2994.85   209.303         804.033         435259.251      6479367.276     1.50      
3600.00   72.85     121.79    3003.35   233.685         788.757         435283.624      6479352.005     1.50      
3630.00   71.45     121.22    3012.54   258.031         773.835         435307.962      6479337.088     1.50      
3660.00   70.06     120.64    3022.43   282.326         759.276         435332.248      6479322.535     1.50      
3679.03   69.17     120.27    3029.06   297.703         750.234         435347.620      6479313.496     1.50      
3690.00   69.17     120.27    3032.96   306.557         745.066         435356.472      6479308.330     0.00      
3708.87   69.17     120.27    3039.67   321.792         736.175         435371.700      6479299.441     0.00      
3720.00   70.21     120.70    3043.53   330.784         730.880         435380.690      6479294.149     3.00      
3750.00   73.00     121.85    3053.00   355.110         716.101         435405.008      6479279.374     3.00      
3780.00   75.81     122.96    3061.06   379.503         700.616         435429.391      6479263.895     3.00      
3810.00   78.61     124.04    3067.70   403.895         684.469         435453.775      6479247.754     3.00      
3840.00   81.43     125.10    3072.90   428.220         667.704         435478.091      6479230.994     3.00      
3870.00   84.24     126.15    3076.64   452.410         650.366         435502.274      6479213.662     3.00      
3899.68   87.03     127.18    3078.90   476.145         632.697         435526.000      6479196.000     3.00      
3900.00   87.03     127.18    3078.92   476.401         632.503         435526.256      6479195.806     0.00      
3930.00   87.03     127.18    3080.47   500.272         614.400         435550.119      6479177.709     0.00      
3960.00   87.03     127.18    3082.03   524.143         596.296         435573.982      6479159.611     0.00      
3990.00   87.03     127.18    3083.58   548.015         578.192         435597.845      6479141.514     0.00      
4020.00   87.03     127.18    3085.14   571.886         560.089         435621.707      6479123.417     0.00      
4050.00   87.03     127.18    3086.70   595.757         541.985         435645.570      6479105.319     0.00      
4080.00   87.03     127.18    3088.25   619.628         523.881         435669.433      6479087.222     0.00      
4110.00   87.03     127.18    3089.81   643.499         505.778         435693.296      6479069.124     0.00      
4140.00   87.03     127.18    3091.36   667.371         487.674         435717.159      6479051.027     0.00      
4170.00   87.03     127.18    3092.92   691.242         469.570         435741.022      6479032.930     0.00      
4200.00   87.03     127.18    3094.47   715.113         451.466         435764.885      6479014.832     0.00      
4230.00   87.03     127.18    3096.03   738.984         433.363         435788.748      6478996.735     0.00      
4260.00   87.03     127.18    3097.59   762.856         415.259         435812.611      6478978.637     0.00      
4290.00   87.03     127.18    3099.14   786.727         397.155         435836.474      6478960.540     0.00      
4320.00   87.03     127.18    3100.70   810.598         379.052         435860.337      6478942.443     0.00      
4350.00   87.03     127.18    3102.25   834.469         360.948         435884.200      6478924.345     0.00      
4380.00   87.03     127.18    3103.81   858.341         342.844         435908.063      6478906.248     0.00      
4410.00   87.03     127.18    3105.36   882.212         324.741         435931.925      6478888.151     0.00      
4440.00   87.03     127.18    3106.92   906.083         306.637         435955.788      6478870.053     0.00      
4470.00   87.03     127.18    3108.48   929.954         288.533         435979.651      6478851.956     0.00      
4500.00   87.03     127.18    3110.03   953.826         270.430         436003.514      6478833.858     0.00      
4530.00   87.03     127.18    3111.59   977.697         252.326         436027.377      6478815.761     0.00      
4560.00   87.03     127.18    3113.14   1001.568        234.222         436051.240      6478797.664     0.00      
4590.00   87.03     127.18    3114.70   1025.439        216.118         436075.103      6478779.566     0.00      
4620.00   87.03     127.18    3116.26   1049.310        198.015         436098.966      6478761.469     0.00      
4650.00   87.03     127.18    3117.81   1073.182        179.911         436122.829      6478743.371     0.00      
4680.00   87.03     127.18    3119.37   1097.053        161.807         436146.692      6478725.274     0.00      
4710.00   87.03     127.18    3120.92   1120.924        143.704         436170.555      6478707.177     0.00      
4740.00   87.03     127.18    3122.48   1144.795        125.600         436194.418      6478689.079     0.00      
4770.00   87.03     127.18    3124.03   1168.667        107.496         436218.281      6478670.982     0.00      
4800.00   87.03     127.18    3125.59   1192.538        89.393          436242.143      6478652.885     0.00      
4830.00   87.03     127.18    3127.15   1216.409        71.289          436266.006      6478634.787     0.00      
4860.00   87.03     127.18    3128.70   1240.280        53.185          436289.869      6478616.690     0.00      
4890.00   87.03     127.18    3130.26   1264.152        35.082          436313.732      6478598.592     0.00      
4920.00   87.03     127.18    3131.81   1288.023        16.978          436337.595      6478580.495     0.00      
4950.00   87.03     127.18    3133.37   1311.894        -1.126          436361.458      6478562.398     0.00      
4980.00   87.03     127.18    3134.92   1335.765        -19.229         436385.321      6478544.300     0.00      
5010.00   87.03     127.18    3136.48   1359.637        -37.333         436409.184      6478526.203     0.00      
5040.00   87.03     127.18    3138.04   1383.508        -55.437         436433.047      6478508.105     0.00      
5070.00   87.03     127.18    3139.59   1407.379        -73.541         436456.910      6478490.008     0.00      
5100.00   87.03     127.18    3141.15   1431.250        -91.644         436480.773      6478471.911     0.00      
5130.00   87.03     127.18    3142.70   1455.122        -109.748        436504.636      6478453.813     0.00      
5160.00   87.03     127.18    3144.26   1478.993        -127.852        436528.499      6478435.716     0.00      
5190.00   87.03     127.18    3145.82   1502.864        -145.955        436552.361      6478417.619     0.00      
5210.92   87.03     127.18    3146.90   1519.508        -158.578        436569.000      6478405.000     0.00      
