HEADER INFORMATION (all units in Statoil default) 
----------------------------------------------------------------
COMPANY: Statoil Norway
FIELD: SLEIPNER
WELL NAME: F-14
WELLBORE NAME: F-14 A
Drilled From: F-14
Kick Off Depth: 2650.00m
Survey Name: F-14 A NW target deep sidetrack
Survey Date: 03.09.2015
Extraction Date: 03.04.2018
----------------------------------------------------------------
Calculation Method: Minimum Curvature
Datum Name: Inspirer Rotary Table(54.90m)
----------------------------------------------------------------
Surface EW: 435052.438m
Surface NS: 6478562.310m
Surface Latitude: 58° 26' 29.7689 N
Surface Longitude: 1° 53' 15.0788 E
Bottom Hole MD: 3709.71m
Bottom Hole TVD: 3087.90m
Bottom Hole EW: 435474.129m
Bottom Hole NS: 6479444.420m
----------------------------------------------------------------
Survey Program:  
H  150 - 197 36IN GYRO CONDUCTOR : KEEPER, STAT
H  209 - 1066 F-14 26" GYROMWD : KEEPER, STAT
H  1096 - 2227 F-14 17 1/2" MWD SURVEY : MAGNETIC, STD, NON-MAG
H  2307 - 2650 F-14 12 1/4" MWD SURVEY : MAGNETIC, STD, NON-MAG
H  2650 - 3710 F-14 A NW TARGET DEEP SIDETRACK : MAGNETIC, STD, NON-MAG
----------------------------------------------------------------
Water Depth: 91.00m
KB-WH: 145.90m
KB-MSL: 54.90m
System Datum: Mean Sea Level
----------------------------------------------------------------
Map-Zone: Zone 31N (0 E to 6 E)
North Reference: Grid
Geo Datum: European 1950 - Mean
Vertical Section Direction: 25.55deg
----------------------------------------------------------------
SURVEY LIST
MD        Inc       Azim      TVD       X-Offset (E/W)  Y-Offset (N/S)  UTM E/W         UTM N/S         DLS
m RKB     deg       deg       m RKB     m               m               m               m               deg/30m
145.90    0.00      0.00      145.90    2.418           -1.213          435052.438      6478562.310     0.00      
150.00    0.14      291.95    150.00    2.413           -1.212          435052.433      6478562.312     1.02      
160.00    0.14      313.36    160.00    2.393           -1.199          435052.413      6478562.325     0.16      
170.00    0.08      281.81    170.00    2.377           -1.189          435052.397      6478562.335     0.25      
180.00    0.11      256.62    180.00    2.361           -1.190          435052.381      6478562.334     0.15      
190.00    0.19      315.13    190.00    2.340           -1.180          435052.360      6478562.343     0.49      
196.80    0.29      327.63    196.80    2.323           -1.158          435052.343      6478562.366     0.50      
209.00    0.27      334.05    209.00    2.294           -1.106          435052.314      6478562.418     0.09      
233.30    0.44      24.15     233.30    2.307           -0.969          435052.327      6478562.554     0.42      
259.50    1.14      52.89     259.50    2.556           -0.720          435052.576      6478562.803     0.90      
299.60    2.11      57.90     299.58    3.499           -0.087          435053.519      6478563.436     0.73      
340.30    1.00      58.25     340.26    4.436           0.498           435054.456      6478564.021     0.82      
380.80    2.90      86.12     380.74    5.759           0.753           435055.778      6478564.276     1.53      
420.30    5.10      84.80     420.14    8.505           0.980           435058.523      6478564.503     1.67      
460.20    4.05      80.32     459.91    11.660          1.378           435061.677      6478564.900     0.83      
500.50    4.05      56.67     500.12    14.252          2.399           435064.268      6478565.921     1.23      
541.00    2.73      33.21     540.55    15.975          3.992           435065.991      6478567.514     1.40      
581.30    1.41      351.99    580.82    16.432          5.286           435066.447      6478568.807     1.42      
622.10    0.26      105.98    621.62    16.451          5.758           435066.466      6478569.279     1.13      
662.20    0.18      21.34     661.72    16.561          5.791           435066.577      6478569.312     0.23      
702.60    0.18      29.87     702.12    16.616          5.906           435066.631      6478569.427     0.02      
742.70    0.18      91.39     742.22    16.711          5.959           435066.726      6478569.480     0.14      
783.10    0.18      130.06    782.62    16.823          5.916           435066.838      6478569.437     0.09      
823.50    0.35      124.44    823.02    16.973          5.806           435066.988      6478569.327     0.13      
864.10    0.79      154.67    863.61    17.195          5.483           435067.210      6478569.004     0.38      
891.50    0.27      151.83    891.01    17.306          5.255           435067.321      6478568.776     0.57      
944.50    0.18      196.24    944.01    17.342          5.065           435067.357      6478568.586     0.11      
984.90    0.35      135.16    984.41    17.411          4.916           435067.426      6478568.438     0.23      
1025.10   0.26      98.68     1024.61   17.588          4.816           435067.603      6478568.337     0.16      
1065.70   0.18      168.91    1065.21   17.691          4.739           435067.706      6478568.261     0.19      
1096.46   0.23      241.47    1095.97   17.646          4.662           435067.661      6478568.184     0.24      
1177.28   0.10      23.17     1176.79   17.531          4.650           435067.546      6478568.171     0.12      
1257.77   0.06      180.93    1257.28   17.558          4.672           435067.573      6478568.193     0.06      
1337.25   0.08      51.77     1336.76   17.601          4.665           435067.616      6478568.186     0.05      
1418.29   0.10      181.35    1417.80   17.644          4.629           435067.659      6478568.150     0.06      
1500.79   0.10      243.88    1500.30   17.578          4.525           435067.593      6478568.047     0.04      
1581.12   0.10      138.00    1580.63   17.562          4.442           435067.577      6478567.964     0.06      
1662.12   0.08      140.33    1661.63   17.645          4.346           435067.660      6478567.868     0.01      
1742.02   0.10      232.58    1741.53   17.625          4.261           435067.640      6478567.783     0.05      
1823.06   0.13      208.12    1822.57   17.526          4.137           435067.541      6478567.659     0.02      
1903.10   0.10      52.44     1902.61   17.538          4.100           435067.553      6478567.621     0.08      
1984.54   0.09      83.07     1984.05   17.658          4.151           435067.673      6478567.672     0.02      
2065.94   0.09      126.97    2065.45   17.773          4.120           435067.788      6478567.641     0.02      
2146.19   2.38      12.69     2145.68   18.189          5.708           435068.204      6478569.229     0.90      
2186.28   5.60      18.72     2185.66   19.000          8.373           435069.014      6478571.893     2.43      
2227.45   8.60      20.27     2226.51   20.712          13.164          435070.725      6478576.683     2.19      
2307.28   8.87      23.30     2305.42   25.214          24.416          435075.226      6478587.931     0.20      
2342.96   10.85     28.36     2340.57   27.897          29.898          435077.909      6478593.411     1.82      
2383.34   13.12     29.73     2380.07   31.976          37.223          435081.986      6478600.733     1.70      
2424.34   15.71     30.19     2419.77   37.076          46.064          435087.084      6478609.571     1.90      
2464.62   17.84     34.46     2458.34   43.310          55.866          435093.316      6478619.370     1.83      
2505.10   20.44     44.86     2496.59   51.809          65.994          435101.812      6478629.494     3.17      
2545.54   25.00     52.09     2533.89   63.540          76.257          435113.539      6478639.753     3.96      
2585.98   29.41     57.69     2569.85   78.684          86.821          435128.678      6478650.314     3.78      
2626.35   33.11     55.23     2604.36   96.125          98.412          435146.113      6478661.901     2.91      
2650.00   35.24     55.02     2623.92   107.023         106.008         435157.006      6478669.494     2.70      
2670.00   33.29     52.02     2640.45   116.078         112.695         435166.058      6478676.179     3.87      
2700.00   30.51     46.92     2665.92   128.135         122.966         435178.111      6478686.446     3.87      
2730.00   27.97     40.95     2692.10   138.312         133.486         435188.285      6478696.962     3.87      
2760.00   25.73     33.96     2718.87   146.565         144.206         435196.535      6478707.679     3.87      
2790.00   23.89     25.86     2746.11   152.855         155.078         435202.822      6478718.547     3.87      
2822.85   22.42     15.74     2776.32   157.456         167.097         435207.422      6478730.562     3.87      
2830.92   22.42     15.74     2783.79   158.292         170.062         435208.258      6478733.526     0.00      
2850.00   24.80     15.99     2801.27   160.381         177.411         435210.346      6478740.872     3.75      
2880.00   28.55     16.30     2828.07   164.128         190.344         435214.092      6478753.801     3.75      
2910.00   32.29     16.54     2853.94   168.423         204.911         435218.385      6478768.363     3.75      
2940.00   36.04     16.74     2878.75   173.249         221.049         435223.209      6478784.495     3.75      
2970.00   39.78     16.91     2902.42   178.584         238.689         435228.543      6478802.129     3.75      
3000.00   43.53     17.05     2924.83   184.407         257.755         435234.364      6478821.189     3.75      
3030.00   47.27     17.17     2945.89   190.692         278.167         435240.646      6478841.593     3.75      
3060.00   51.02     17.28     2965.51   197.412         299.837         435247.364      6478863.255     3.75      
3090.00   54.77     17.38     2983.61   204.538         322.671         435254.488      6478886.082     3.75      
3120.00   58.51     17.47     3000.10   212.041         346.574         435261.988      6478909.976     3.75      
3150.00   62.26     17.55     3014.92   219.888         371.442         435269.832      6478934.835     3.75      
3180.00   66.01     17.63     3028.01   228.045         397.169         435277.987      6478960.553     3.75      
3210.00   69.75     17.70     3039.31   236.478         423.645         435286.416      6478987.020     3.75      
3240.00   73.50     17.77     3048.76   245.150         450.757         435295.086      6479014.123     3.75      
3270.00   77.24     17.84     3056.34   254.025         478.389         435303.957      6479041.745     3.75      
3300.00   80.99     17.90     3062.00   263.064         506.423         435312.994      6479069.770     3.75      
3330.00   84.74     17.97     3065.73   272.229         534.739         435322.156      6479098.076     3.75      
3345.74   86.70     18.00     3066.90   277.076         549.668         435327.000      6479113.000     3.75      
3360.00   86.70     18.47     3067.72   281.530         563.189         435331.453      6479126.516     0.99      
3390.00   86.70     19.46     3069.45   291.263         591.513         435341.182      6479154.830     0.99      
3420.00   86.69     20.44     3071.18   301.482         619.666         435351.398      6479182.973     0.99      
3450.00   86.69     21.43     3072.91   312.185         647.637         435362.097      6479210.935     0.99      
3480.00   86.69     22.42     3074.64   323.368         675.421         435373.276      6479238.708     0.99      
3510.00   86.69     23.41     3076.38   335.029         703.007         435384.933      6479266.285     0.99      
3540.00   86.69     24.40     3078.11   347.163         730.388         435397.063      6479293.657     0.99      
3570.00   86.69     25.38     3079.84   359.768         757.556         435409.663      6479320.815     0.99      
3600.00   86.69     26.37     3081.58   372.839         784.503         435422.730      6479347.752     0.99      
3630.00   86.69     27.36     3083.31   386.372         811.220         435436.259      6479374.461     0.99      
3660.00   86.70     28.35     3085.04   400.365         837.700         435450.246      6479400.932     0.99      
3675.44   86.70     28.85     3085.93   407.745         851.238         435457.624      6479414.464     0.99      
3690.00   86.70     28.85     3086.77   414.758         863.965         435464.634      6479427.187     0.00      
3709.71   86.70     28.85     3087.90   424.256         881.203         435474.129      6479444.420     0.00      
