HEADER INFORMATION (all units in Statoil default) 
----------------------------------------------------------------
COMPANY: Statoil Norway
FIELD: SLEIPNER
WELL NAME: F-14
WELLBORE NAME: F-14 A
Drilled From: F-14
Kick Off Depth: 2280.00m
Survey Name: F-14 A NW target - SIGULU - rev0
Survey Date: 03.09.2015
Extraction Date: 03.04.2018
----------------------------------------------------------------
Calculation Method: Minimum Curvature
Datum Name: Inspirer Rotary Table(54.90m)
----------------------------------------------------------------
Surface EW: 435052.438m
Surface NS: 6478562.310m
Surface Latitude: 58° 26' 29.7689 N
Surface Longitude: 1° 53' 15.0788 E
Bottom Hole MD: 3747.70m
Bottom Hole TVD: 3087.90m
Bottom Hole EW: 435475.000m
Bottom Hole NS: 6479446.000m
----------------------------------------------------------------
Survey Program:  
H  150 - 197 36IN GYRO CONDUCTOR : KEEPER, STAT
H  209 - 1066 F-14 26" GYROMWD : KEEPER, STAT
H  1096 - 2227 F-14 17 1/2" MWD SURVEY : MAGNETIC, STD, NON-MAG
H  2307 - 2280 F-14 12 1/4" MWD SURVEY : MAGNETIC, STD, NON-MAG
H  2280 - 3748 F-14 A NW TARGET - SIGULU - REV0 : MAGNETIC, STD, NON-MAG
----------------------------------------------------------------
Water Depth: 91.00m
KB-WH: 145.90m
KB-MSL: 54.90m
System Datum: Mean Sea Level
----------------------------------------------------------------
Map-Zone: Zone 31N (0 E to 6 E)
North Reference: Grid
Geo Datum: European 1950 - Mean
Vertical Section Direction: 25.56deg
----------------------------------------------------------------
SURVEY LIST
MD        Inc       Azim      TVD       X-Offset (E/W)  Y-Offset (N/S)  UTM E/W         UTM N/S         DLS
m RKB     deg       deg       m RKB     m               m               m               m               deg/30m
145.90    0.00      0.00      145.90    2.418           -1.213          435052.438      6478562.310     0.00      
150.00    0.14      291.95    150.00    2.413           -1.212          435052.433      6478562.312     1.02      
160.00    0.14      313.36    160.00    2.393           -1.199          435052.413      6478562.325     0.16      
170.00    0.08      281.81    170.00    2.377           -1.189          435052.397      6478562.335     0.25      
180.00    0.11      256.62    180.00    2.361           -1.190          435052.381      6478562.334     0.15      
190.00    0.19      315.13    190.00    2.340           -1.180          435052.360      6478562.343     0.49      
196.80    0.29      327.63    196.80    2.323           -1.158          435052.343      6478562.366     0.50      
209.00    0.27      334.05    209.00    2.294           -1.106          435052.314      6478562.418     0.09      
233.30    0.44      24.15     233.30    2.307           -0.969          435052.327      6478562.554     0.42      
259.50    1.14      52.89     259.50    2.556           -0.720          435052.576      6478562.803     0.90      
299.60    2.11      57.90     299.58    3.499           -0.087          435053.519      6478563.436     0.73      
340.30    1.00      58.25     340.26    4.436           0.498           435054.456      6478564.021     0.82      
380.80    2.90      86.12     380.74    5.759           0.753           435055.778      6478564.276     1.53      
420.30    5.10      84.80     420.14    8.505           0.980           435058.523      6478564.503     1.67      
460.20    4.05      80.32     459.91    11.660          1.378           435061.677      6478564.900     0.83      
500.50    4.05      56.67     500.12    14.252          2.399           435064.268      6478565.921     1.23      
541.00    2.73      33.21     540.55    15.975          3.992           435065.991      6478567.514     1.40      
581.30    1.41      351.99    580.82    16.432          5.286           435066.447      6478568.807     1.42      
622.10    0.26      105.98    621.62    16.451          5.758           435066.466      6478569.279     1.13      
662.20    0.18      21.34     661.72    16.561          5.791           435066.577      6478569.312     0.23      
702.60    0.18      29.87     702.12    16.616          5.906           435066.631      6478569.427     0.02      
742.70    0.18      91.39     742.22    16.711          5.959           435066.726      6478569.480     0.14      
783.10    0.18      130.06    782.62    16.823          5.916           435066.838      6478569.437     0.09      
823.50    0.35      124.44    823.02    16.973          5.806           435066.988      6478569.327     0.13      
864.10    0.79      154.67    863.61    17.195          5.483           435067.210      6478569.004     0.38      
891.50    0.27      151.83    891.01    17.306          5.255           435067.321      6478568.776     0.57      
944.50    0.18      196.24    944.01    17.342          5.065           435067.357      6478568.586     0.11      
984.90    0.35      135.16    984.41    17.411          4.916           435067.426      6478568.438     0.23      
1025.10   0.26      98.68     1024.61   17.588          4.816           435067.603      6478568.337     0.16      
1065.70   0.18      168.91    1065.21   17.691          4.739           435067.706      6478568.261     0.19      
1096.46   0.23      241.47    1095.97   17.646          4.662           435067.661      6478568.184     0.24      
1177.28   0.10      23.17     1176.79   17.531          4.650           435067.546      6478568.171     0.12      
1257.77   0.06      180.93    1257.28   17.558          4.672           435067.573      6478568.193     0.06      
1337.25   0.08      51.77     1336.76   17.601          4.665           435067.616      6478568.186     0.05      
1418.29   0.10      181.35    1417.80   17.644          4.629           435067.659      6478568.150     0.06      
1500.79   0.10      243.88    1500.30   17.578          4.525           435067.593      6478568.047     0.04      
1581.12   0.10      138.00    1580.63   17.562          4.442           435067.577      6478567.964     0.06      
1662.12   0.08      140.33    1661.63   17.645          4.346           435067.660      6478567.868     0.01      
1742.02   0.10      232.58    1741.53   17.625          4.261           435067.640      6478567.783     0.05      
1823.06   0.13      208.12    1822.57   17.526          4.137           435067.541      6478567.659     0.02      
1903.10   0.10      52.44     1902.61   17.538          4.100           435067.553      6478567.621     0.08      
1984.54   0.09      83.07     1984.05   17.658          4.151           435067.673      6478567.672     0.02      
2065.94   0.09      126.97    2065.45   17.773          4.120           435067.788      6478567.641     0.02      
2146.19   2.38      12.69     2145.68   18.189          5.708           435068.204      6478569.229     0.90      
2186.28   5.60      18.72     2185.66   19.000          8.373           435069.014      6478571.893     2.43      
2227.45   8.60      20.27     2226.51   20.712          13.164          435070.725      6478576.683     2.19      
2280.00   8.78      22.29     2278.46   23.593          20.559          435073.606      6478584.075     0.20      
2310.00   7.09      24.96     2308.17   25.242          24.355          435075.254      6478587.869     1.73      
2340.00   5.43      29.29     2337.99   26.717          27.270          435076.729      6478590.784     1.73      
2370.00   3.82      37.31     2367.90   28.017          29.303          435078.028      6478592.816     1.73      
2400.00   2.39      55.73     2397.85   29.141          30.451          435079.152      6478593.964     1.73      
2412.18   1.95      70.25     2410.02   29.547          30.665          435079.557      6478594.177     1.73      
2430.00   1.95      70.25     2427.83   30.119          30.870          435080.129      6478594.382     0.00      
2460.00   1.95      70.25     2457.81   31.082          31.216          435081.092      6478594.728     0.00      
2476.15   1.95      70.25     2473.96   31.600          31.402          435081.610      6478594.914     0.00      
2490.00   3.01      51.94     2487.79   32.108          31.705          435082.118      6478595.217     2.83      
2520.00   5.66      38.32     2517.70   33.645          33.350          435083.654      6478596.862     2.83      
2550.00   8.42      33.49     2547.48   35.774          36.343          435085.782      6478599.853     2.83      
2580.00   11.22     31.04     2577.03   38.491          40.676          435088.498      6478604.185     2.83      
2610.00   14.02     29.56     2606.31   41.788          46.339          435091.795      6478609.845     2.83      
2640.00   16.84     28.56     2635.22   45.659          53.317          435095.664      6478616.822     2.83      
2670.00   19.65     27.85     2663.71   50.094          61.595          435100.097      6478625.096     2.83      
2700.00   22.47     27.30     2691.70   55.081          71.151          435105.082      6478634.649     2.83      
2730.00   25.29     26.88     2719.13   60.609          81.963          435110.608      6478645.457     2.83      
2760.00   28.11     26.53     2745.93   66.664          94.004          435116.661      6478657.494     2.83      
2790.00   30.93     26.24     2772.04   73.231          107.246         435123.227      6478670.731     2.83      
2820.00   33.75     26.00     2797.38   80.296          121.655         435130.288      6478685.136     2.83      
2850.00   36.58     25.79     2821.90   87.839          137.197         435137.829      6478700.672     2.83      
2880.00   39.40     25.60     2845.54   95.844          153.834         435145.831      6478717.304     2.83      
2910.00   42.22     25.44     2868.25   104.290         171.526         435154.275      6478734.990     2.83      
2940.00   45.04     25.29     2889.96   113.157         190.230         435163.139      6478753.687     2.83      
2970.00   47.87     25.16     2910.62   122.424         209.900         435172.403      6478773.350     2.83      
3000.00   50.69     25.04     2930.19   132.068         230.488         435182.043      6478793.930     2.83      
3030.00   53.52     24.93     2948.62   142.066         251.944         435192.037      6478815.380     2.83      
3060.00   56.34     24.82     2965.85   152.392         274.217         435202.360      6478837.644     2.83      
3090.00   59.16     24.73     2981.86   163.023         297.252         435212.987      6478860.671     2.83      
3120.00   61.99     24.63     2996.60   173.932         320.993         435223.893      6478884.404     2.83      
3150.00   64.81     24.55     3010.03   185.093         345.382         435235.050      6478908.785     2.83      
3180.00   67.63     24.46     3022.12   196.479         370.360         435246.431      6478933.754     2.83      
3210.00   70.46     24.38     3032.85   208.061         395.867         435258.010      6478959.252     2.83      
3240.00   73.28     24.31     3042.18   219.813         421.840         435269.757      6478985.216     2.83      
3270.00   76.11     24.23     3050.10   231.705         448.216         435281.645      6479011.583     2.83      
3300.00   78.93     24.16     3056.59   243.708         474.932         435293.644      6479038.289     2.83      
3330.00   81.76     24.09     3061.62   255.793         501.921         435305.725      6479065.269     2.83      
3360.00   84.58     24.02     3065.19   267.931         529.119         435317.859      6479092.458     2.83      
3382.56   86.70     23.96     3066.90   277.076         549.668         435327.000      6479113.000     2.83      
3390.00   86.70     23.96     3067.33   280.093         556.458         435330.016      6479119.787     0.00      
3420.00   86.70     23.96     3069.05   292.257         583.827         435342.176      6479147.146     0.00      
3450.00   86.70     23.96     3070.78   304.421         611.196         435354.336      6479174.506     0.00      
3480.00   86.70     23.96     3072.50   316.585         638.564         435366.496      6479201.865     0.00      
3510.00   86.70     23.96     3074.23   328.749         665.933         435378.655      6479229.225     0.00      
3540.00   86.70     23.96     3075.95   340.913         693.302         435390.815      6479256.584     0.00      
3570.00   86.70     23.96     3077.68   353.077         720.671         435402.975      6479283.943     0.00      
3600.00   86.70     23.96     3079.41   365.241         748.040         435415.135      6479311.303     0.00      
3630.00   86.70     23.96     3081.13   377.405         775.409         435427.294      6479338.662     0.00      
3660.00   86.70     23.96     3082.86   389.569         802.778         435439.454      6479366.022     0.00      
3690.00   86.70     23.96     3084.58   401.733         830.147         435451.614      6479393.381     0.00      
3720.00   86.70     23.96     3086.31   413.897         857.516         435463.774      6479420.741     0.00      
3747.70   86.70     23.96     3087.90   425.127         882.784         435475.000      6479446.000     0.00      
