HEADER INFORMATION (all units in Statoil default) 
----------------------------------------------------------------
COMPANY: Statoil Norway
FIELD: SLEIPNER
WELL NAME: Relief well location 1
WELLBORE NAME: F-1 B 9 5/8" csg.shoe
Drilled From: F-1 A Northwest Injector 9 5/8" csg. shoe
Kick Off Depth: 145.90m
Survey Name: F-1 B 9 5/8" csg.shoe revp1
Survey Date: 12.12.2013
Extraction Date: 26.03.2018
----------------------------------------------------------------
Calculation Method: Minimum Curvature
Datum Name: WELL(54.90m)
----------------------------------------------------------------
Surface EW: 434060.000m
Surface NS: 6478920.000m
Surface Latitude: 58° 26' 40.7965 N
Surface Longitude: 1° 52' 13.5242 E
Bottom Hole MD: 3351.99m
Bottom Hole TVD: 2896.80m
Bottom Hole EW: 435396.400m
Bottom Hole NS: 6479243.300m
----------------------------------------------------------------
Survey Program:  
H  146 - 3352 F-1 B 9 5/8" CSG.SHOE REVP1 : 
----------------------------------------------------------------
Water Depth: 91.00m
KB-WH: 145.90m
KB-MSL: 54.90m
System Datum: Mean Sea Level
----------------------------------------------------------------
Map-Zone: Zone 31N (0 E to 6 E)
North Reference: Grid
Geo Datum: European 1950 - Mean
Vertical Section Direction: 76.40deg
----------------------------------------------------------------
SURVEY LIST
MD        Inc       Azim      TVD       X-Offset (E/W)  Y-Offset (N/S)  UTM E/W         UTM N/S         DLS
m RKB     deg       deg       m RKB     m               m               m               m               deg/30m
145.90    0.00      0.00      145.90    -990.366        356.601         434060.000      6478920.000     0.00      
150.00    0.00      0.00      150.00    -990.366        356.601         434060.000      6478920.000     0.00      
180.00    0.00      0.00      180.00    -990.366        356.601         434060.000      6478920.000     0.00      
210.00    0.00      0.00      210.00    -990.366        356.601         434060.000      6478920.000     0.00      
240.00    0.00      0.00      240.00    -990.366        356.601         434060.000      6478920.000     0.00      
270.00    0.00      0.00      270.00    -990.366        356.601         434060.000      6478920.000     0.00      
300.00    0.00      0.00      300.00    -990.366        356.601         434060.000      6478920.000     0.00      
330.00    0.00      0.00      330.00    -990.366        356.601         434060.000      6478920.000     0.00      
360.00    0.00      0.00      360.00    -990.366        356.601         434060.000      6478920.000     0.00      
390.00    0.00      0.00      390.00    -990.366        356.601         434060.000      6478920.000     0.00      
420.00    0.00      0.00      420.00    -990.366        356.601         434060.000      6478920.000     0.00      
450.00    0.00      0.00      450.00    -990.366        356.601         434060.000      6478920.000     0.00      
480.00    0.00      0.00      480.00    -990.366        356.601         434060.000      6478920.000     0.00      
510.00    0.00      0.00      510.00    -990.366        356.601         434060.000      6478920.000     0.00      
540.00    0.00      0.00      540.00    -990.366        356.601         434060.000      6478920.000     0.00      
570.00    0.00      0.00      570.00    -990.366        356.601         434060.000      6478920.000     0.00      
595.90    0.00      0.00      595.90    -990.366        356.601         434060.000      6478920.000     0.00      
600.00    0.14      90.78     600.00    -990.361        356.601         434060.005      6478920.000     1.00      
630.00    1.14      90.78     630.00    -990.028        356.597         434060.338      6478919.995     1.00      
660.00    2.14      90.78     659.99    -989.171        356.585         434061.195      6478919.984     1.00      
690.00    3.14      90.78     689.95    -987.791        356.566         434062.574      6478919.965     1.00      
720.00    4.14      90.78     719.89    -985.888        356.540         434064.476      6478919.939     1.00      
750.00    5.14      90.78     749.79    -983.463        356.507         434066.900      6478919.906     1.00      
780.00    6.14      90.78     779.65    -980.517        356.467         434069.845      6478919.866     1.00      
810.00    7.14      90.78     809.45    -977.050        356.419         434073.311      6478919.818     1.00      
840.00    8.14      90.78     839.18    -973.064        356.365         434077.296      6478919.764     1.00      
870.00    9.14      90.78     868.84    -968.559        356.304         434081.799      6478919.702     1.00      
895.90    10.00     90.78     894.38    -964.255        356.245         434086.102      6478919.644     1.00      
900.00    10.27     90.45     898.42    -963.533        356.237         434086.823      6478919.636     2.00      
930.00    12.23     88.45     927.84    -957.683        356.302         434092.671      6478919.701     2.00      
960.00    14.20     87.00     957.04    -950.832        356.581         434099.521      6478919.980     2.00      
990.00    16.18     85.89     985.99    -942.987        357.073         434107.363      6478920.471     2.00      
1020.00   18.16     85.03     1014.65   -934.158        357.777         434116.188      6478921.176     2.00      
1050.00   20.15     84.32     1042.99   -924.357        358.694         434125.986      6478922.092     2.00      
1080.00   22.14     83.74     1070.97   -913.594        359.821         434136.745      6478923.219     2.00      
1110.00   24.13     83.25     1098.56   -901.884        361.158         434148.451      6478924.555     2.00      
1140.00   26.12     82.83     1125.72   -889.240        362.702         434161.091      6478926.099     2.00      
1170.00   28.12     82.47     1152.42   -875.678        364.452         434174.648      6478927.849     2.00      
1200.00   30.11     82.15     1178.62   -861.214        366.406         434189.106      6478929.802     2.00      
1230.00   32.10     81.87     1204.31   -845.867        368.562         434204.449      6478931.956     2.00      
1260.00   34.10     81.62     1229.44   -829.654        370.916         434220.656      6478934.310     2.00      
1290.00   36.10     81.39     1253.98   -812.595        373.466         434237.709      6478936.859     2.00      
1320.00   38.09     81.18     1277.91   -794.712        376.208         434255.586      6478939.600     2.00      
1350.00   40.09     80.99     1301.20   -776.025        379.140         434274.266      6478942.531     2.00      
1359.99   40.75     80.93     1308.80   -769.630        380.158         434280.658      6478943.548     2.00      
1380.00   40.75     80.93     1323.96   -756.729        382.217         434293.555      6478945.607     0.00      
1410.00   40.75     80.93     1346.69   -737.391        385.305         434312.887      6478948.693     0.00      
1440.00   40.75     80.93     1369.41   -718.052        388.392         434332.219      6478951.780     0.00      
1470.00   40.75     80.93     1392.14   -698.713        391.479         434351.551      6478954.866     0.00      
1500.00   40.75     80.93     1414.86   -679.374        394.566         434370.883      6478957.952     0.00      
1530.00   40.75     80.93     1437.59   -660.035        397.654         434390.216      6478961.038     0.00      
1560.00   40.75     80.93     1460.32   -640.696        400.741         434409.548      6478964.124     0.00      
1590.00   40.75     80.93     1483.04   -621.358        403.828         434428.880      6478967.210     0.00      
1620.00   40.75     80.93     1505.77   -602.019        406.915         434448.212      6478970.297     0.00      
1650.00   40.75     80.93     1528.49   -582.680        410.002         434467.544      6478973.383     0.00      
1680.00   40.75     80.93     1551.22   -563.341        413.090         434486.876      6478976.469     0.00      
1710.00   40.75     80.93     1573.95   -544.002        416.177         434506.208      6478979.555     0.00      
1740.00   40.75     80.93     1596.67   -524.663        419.264         434525.540      6478982.641     0.00      
1770.00   40.75     80.93     1619.40   -505.325        422.351         434544.872      6478985.727     0.00      
1800.00   40.75     80.93     1642.13   -485.986        425.439         434564.204      6478988.813     0.00      
1830.00   40.75     80.93     1664.85   -466.647        428.526         434583.537      6478991.900     0.00      
1860.00   40.75     80.93     1687.58   -447.308        431.613         434602.869      6478994.986     0.00      
1890.00   40.75     80.93     1710.30   -427.969        434.700         434622.201      6478998.072     0.00      
1920.00   40.75     80.93     1733.03   -408.630        437.788         434641.533      6479001.158     0.00      
1950.00   40.75     80.93     1755.76   -389.291        440.875         434660.865      6479004.244     0.00      
1980.00   40.75     80.93     1778.48   -369.953        443.962         434680.197      6479007.330     0.00      
2010.00   40.75     80.93     1801.21   -350.614        447.049         434699.529      6479010.417     0.00      
2040.00   40.75     80.93     1823.93   -331.275        450.137         434718.861      6479013.503     0.00      
2070.00   40.75     80.93     1846.66   -311.936        453.224         434738.193      6479016.589     0.00      
2100.00   40.75     80.93     1869.39   -292.597        456.311         434757.526      6479019.675     0.00      
2130.00   40.75     80.93     1892.11   -273.258        459.398         434776.858      6479022.761     0.00      
2160.00   40.75     80.93     1914.84   -253.920        462.485         434796.190      6479025.847     0.00      
2190.00   40.75     80.93     1937.57   -234.581        465.573         434815.522      6479028.934     0.00      
2220.00   40.75     80.93     1960.29   -215.242        468.660         434834.854      6479032.020     0.00      
2250.00   40.75     80.93     1983.02   -195.903        471.747         434854.186      6479035.106     0.00      
2280.00   40.75     80.93     2005.74   -176.564        474.834         434873.518      6479038.192     0.00      
2310.00   40.75     80.93     2028.47   -157.225        477.922         434892.850      6479041.278     0.00      
2340.00   40.75     80.93     2051.20   -137.887        481.009         434912.182      6479044.364     0.00      
2370.00   40.75     80.93     2073.92   -118.548        484.096         434931.514      6479047.450     0.00      
2400.00   40.75     80.93     2096.65   -99.209         487.183         434950.847      6479050.537     0.00      
2430.00   40.75     80.93     2119.37   -79.870         490.271         434970.179      6479053.623     0.00      
2460.00   40.75     80.93     2142.10   -60.531         493.358         434989.511      6479056.709     0.00      
2490.00   40.75     80.93     2164.83   -41.192         496.445         435008.843      6479059.795     0.00      
2520.00   40.75     80.93     2187.55   -21.853         499.532         435028.175      6479062.881     0.00      
2550.00   40.75     80.93     2210.28   -2.515          502.619         435047.507      6479065.967     0.00      
2580.00   40.75     80.93     2233.01   16.824          505.707         435066.839      6479069.054     0.00      
2610.00   40.75     80.93     2255.73   36.163          508.794         435086.171      6479072.140     0.00      
2640.00   40.75     80.93     2278.46   55.502          511.881         435105.503      6479075.226     0.00      
2670.60   40.75     80.93     2301.64   75.230          515.031         435125.225      6479078.374     0.00      
2700.00   39.20     79.08     2324.17   93.827          518.304         435143.815      6479081.646     2.00      
2730.00   37.64     77.05     2347.67   112.065         522.154         435162.046      6479085.495     2.00      
2760.00   36.12     74.88     2371.67   129.531         526.513         435179.506      6479089.852     2.00      
2790.00   34.65     72.55     2396.13   146.204         531.376         435196.174      6479094.714     2.00      
2820.00   33.22     70.04     2421.02   162.065         536.738         435212.029      6479100.074     2.00      
2850.00   31.84     67.34     2446.32   177.093         542.592         435227.052      6479105.926     2.00      
2880.00   30.53     64.43     2471.98   191.271         548.931         435241.225      6479112.262     2.00      
2910.00   29.29     61.28     2497.99   204.581         555.746         435254.531      6479119.076     2.00      
2940.00   28.12     57.90     2524.30   217.007         563.030         435266.952      6479126.357     2.00      
2970.00   27.05     54.25     2550.89   228.534         570.774         435278.475      6479134.099     2.00      
3002.53   26.00     50.00     2580.00   240.000         579.680         435289.937      6479143.001     2.00      
3030.00   26.00     50.00     2604.69   249.225         587.421         435299.159      6479150.739     0.00      
3060.00   26.00     50.00     2631.65   259.299         595.874         435309.230      6479159.189     0.00      
3090.00   26.00     50.00     2658.62   269.373         604.327         435319.301      6479167.640     0.00      
3120.00   26.00     50.00     2685.58   279.448         612.781         435329.371      6479176.090     0.00      
3150.00   26.00     50.00     2712.55   289.522         621.234         435339.442      6479184.541     0.00      
3180.00   26.00     50.00     2739.51   299.597         629.687         435349.513      6479192.991     0.00      
3210.00   26.00     50.00     2766.47   309.671         638.141         435359.584      6479201.442     0.00      
3227.53   26.00     50.00     2782.23   315.558         643.080         435365.469      6479206.379     0.00      
3240.00   25.31     48.18     2793.47   319.638         646.615         435369.548      6479209.913     2.52      
3270.00   23.75     43.42     2820.76   328.571         655.280         435378.477      6479218.575     2.52      
3300.00   22.35     38.06     2848.37   336.240         664.161         435386.144      6479227.453     2.52      
3330.00   21.15     32.08     2876.24   342.632         673.241         435392.534      6479236.530     2.52      
3351.99   20.42     27.30     2896.80   346.500         680.014         435396.400      6479243.300     2.52      
