HEADER INFORMATION (all units in Statoil default) 
----------------------------------------------------------------
COMPANY: Statoil Norway
FIELD: SLEIPNER
WELL NAME: Relief well location 3
WELLBORE NAME: F-15 D
Drilled From: Well Ref. Point
Kick Off Depth: 145.90m
Survey Name: F-15 D 9 5/8" csg.shoe revp2
Survey Date: 26.09.2013
Extraction Date: 26.03.2018
----------------------------------------------------------------
Calculation Method: Minimum Curvature
Datum Name: WELL(54.90m)
----------------------------------------------------------------
Surface EW: 434552.000m
Surface NS: 6478471.000m
Surface Latitude: 58° 26' 26.5485 N
Surface Longitude: 1° 52' 44.3204 E
Bottom Hole MD: 3180.20m
Bottom Hole TVD: 2837.50m
Bottom Hole EW: 435355.000m
Bottom Hole NS: 6479084.500m
----------------------------------------------------------------
Survey Program:  
H  146 - 3180 F-15 D 9 5/8" CSG.SHOE REVP2 : 
----------------------------------------------------------------
Water Depth: 91.00m
KB-WH: 145.90m
KB-MSL: 54.90m
System Datum: Mean Sea Level
----------------------------------------------------------------
Map-Zone: Zone 31N (0 E to 6 E)
North Reference: Grid
Geo Datum: European 1950 - Mean
Vertical Section Direction: 52.62deg
----------------------------------------------------------------
SURVEY LIST
MD        Inc       Azim      TVD       X-Offset (E/W)  Y-Offset (N/S)  UTM E/W         UTM N/S         DLS
m RKB     deg       deg       m RKB     m               m               m               m               deg/30m
145.90    0.00      0.00      145.90    -498.194        -92.555         434552.000      6478471.000     0.00      
150.00    0.00      0.00      150.00    -498.194        -92.555         434552.000      6478471.000     0.00      
180.00    0.00      0.00      180.00    -498.194        -92.555         434552.000      6478471.000     0.00      
210.00    0.00      0.00      210.00    -498.194        -92.555         434552.000      6478471.000     0.00      
240.00    0.00      0.00      240.00    -498.194        -92.555         434552.000      6478471.000     0.00      
270.00    0.00      0.00      270.00    -498.194        -92.555         434552.000      6478471.000     0.00      
300.00    0.00      0.00      300.00    -498.194        -92.555         434552.000      6478471.000     0.00      
330.00    0.00      0.00      330.00    -498.194        -92.555         434552.000      6478471.000     0.00      
360.00    0.00      0.00      360.00    -498.194        -92.555         434552.000      6478471.000     0.00      
390.00    0.00      0.00      390.00    -498.194        -92.555         434552.000      6478471.000     0.00      
420.00    0.00      0.00      420.00    -498.194        -92.555         434552.000      6478471.000     0.00      
450.00    0.00      0.00      450.00    -498.194        -92.555         434552.000      6478471.000     0.00      
480.00    0.00      0.00      480.00    -498.194        -92.555         434552.000      6478471.000     0.00      
510.00    0.00      0.00      510.00    -498.194        -92.555         434552.000      6478471.000     0.00      
540.00    0.00      0.00      540.00    -498.194        -92.555         434552.000      6478471.000     0.00      
570.00    0.00      0.00      570.00    -498.194        -92.555         434552.000      6478471.000     0.00      
600.00    0.00      0.00      600.00    -498.194        -92.555         434552.000      6478471.000     0.00      
630.00    0.00      0.00      630.00    -498.194        -92.555         434552.000      6478471.000     0.00      
645.90    0.00      0.00      645.90    -498.194        -92.555         434552.000      6478471.000     0.00      
660.00    0.71      41.40     660.00    -498.137        -92.490         434552.057      6478471.065     1.50      
690.00    2.21      41.40     689.99    -497.633        -91.919         434552.561      6478471.636     1.50      
720.00    3.71      41.40     719.95    -496.611        -90.759         434553.583      6478472.796     1.50      
750.00    5.21      41.40     749.86    -495.070        -89.011         434555.124      6478474.543     1.50      
780.00    6.71      41.40     779.69    -493.011        -86.676         434557.181      6478476.877     1.50      
810.00    8.21      41.40     809.44    -490.437        -83.756         434559.754      6478479.796     1.50      
840.00    9.71      41.40     839.07    -487.349        -80.254         434562.841      6478483.297     1.50      
870.00    11.21     41.40     868.57    -483.749        -76.170         434566.440      6478487.379     1.50      
900.00    12.71     41.40     897.92    -479.640        -71.509         434570.548      6478492.039     1.50      
930.00    14.21     41.40     927.10    -475.024        -66.273         434575.162      6478497.273     1.50      
960.00    15.71     41.40     956.08    -469.904        -60.466         434580.280      6478503.078     1.50      
990.00    17.21     41.40     984.85    -464.285        -54.092         434585.898      6478509.450     1.50      
997.46    17.58     41.40     991.97    -462.810        -52.418         434587.373      6478511.123     1.50      
1020.00   17.58     41.40     1013.46   -458.309        -47.313         434591.872      6478516.227     0.00      
1050.00   17.58     41.40     1042.06   -452.317        -40.516         434597.861      6478523.021     0.00      
1080.00   17.58     41.40     1070.66   -446.326        -33.720         434603.851      6478529.815     0.00      
1110.00   17.58     41.40     1099.26   -440.334        -26.924         434609.840      6478536.608     0.00      
1140.00   17.58     41.40     1127.86   -434.343        -20.128         434615.830      6478543.402     0.00      
1170.00   17.58     41.40     1156.45   -428.351        -13.331         434621.819      6478550.196     0.00      
1200.00   17.58     41.40     1185.05   -422.359        -6.535          434627.809      6478556.990     0.00      
1230.00   17.58     41.40     1213.65   -416.368        0.261           434633.798      6478563.784     0.00      
1260.00   17.58     41.40     1242.25   -410.376        7.057           434639.787      6478570.578     0.00      
1290.00   17.58     41.40     1270.85   -404.385        13.854          434645.777      6478577.372     0.00      
1320.00   17.58     41.40     1299.45   -398.393        20.650          434651.766      6478584.166     0.00      
1350.00   17.58     41.40     1328.05   -392.402        27.446          434657.756      6478590.959     0.00      
1380.00   17.58     41.40     1356.65   -386.410        34.242          434663.745      6478597.753     0.00      
1410.00   17.58     41.40     1385.25   -380.419        41.038          434669.735      6478604.547     0.00      
1440.00   17.58     41.40     1413.85   -374.427        47.835          434675.724      6478611.341     0.00      
1470.00   17.58     41.40     1442.45   -368.436        54.631          434681.714      6478618.135     0.00      
1500.00   17.58     41.40     1471.05   -362.444        61.427          434687.703      6478624.929     0.00      
1530.00   17.58     41.40     1499.64   -356.452        68.223          434693.693      6478631.723     0.00      
1560.00   17.58     41.40     1528.24   -350.461        75.020          434699.682      6478638.517     0.00      
1590.00   17.58     41.40     1556.84   -344.469        81.816          434705.672      6478645.310     0.00      
1620.00   17.58     41.40     1585.44   -338.478        88.612          434711.661      6478652.104     0.00      
1650.00   17.58     41.40     1614.04   -332.486        95.408          434717.650      6478658.898     0.00      
1680.00   17.58     41.40     1642.64   -326.495        102.205         434723.640      6478665.692     0.00      
1710.00   17.58     41.40     1671.24   -320.503        109.001         434729.629      6478672.486     0.00      
1740.00   17.58     41.40     1699.84   -314.512        115.797         434735.619      6478679.280     0.00      
1770.00   17.58     41.40     1728.44   -308.520        122.593         434741.608      6478686.074     0.00      
1800.00   17.58     41.40     1757.04   -302.528        129.390         434747.598      6478692.868     0.00      
1830.00   17.58     41.40     1785.64   -296.537        136.186         434753.587      6478699.661     0.00      
1860.00   17.58     41.40     1814.24   -290.545        142.982         434759.577      6478706.455     0.00      
1890.00   17.58     41.40     1842.83   -284.554        149.778         434765.566      6478713.249     0.00      
1920.00   17.58     41.40     1871.43   -278.562        156.575         434771.556      6478720.043     0.00      
1950.00   17.58     41.40     1900.03   -272.571        163.371         434777.545      6478726.837     0.00      
1980.00   17.58     41.40     1928.63   -266.579        170.167         434783.535      6478733.631     0.00      
2010.00   17.58     41.40     1957.23   -260.588        176.963         434789.524      6478740.425     0.00      
2040.00   17.58     41.40     1985.83   -254.596        183.760         434795.513      6478747.219     0.00      
2070.00   17.58     41.40     2014.43   -248.605        190.556         434801.503      6478754.012     0.00      
2100.00   17.58     41.40     2043.03   -242.613        197.352         434807.492      6478760.806     0.00      
2130.00   17.58     41.40     2071.63   -236.621        204.148         434813.482      6478767.600     0.00      
2160.00   17.58     41.40     2100.23   -230.630        210.945         434819.471      6478774.394     0.00      
2190.00   17.58     41.40     2128.83   -224.638        217.741         434825.461      6478781.188     0.00      
2220.00   17.58     41.40     2157.43   -218.647        224.537         434831.450      6478787.982     0.00      
2250.00   17.58     41.40     2186.02   -212.655        231.333         434837.440      6478794.776     0.00      
2280.00   17.58     41.40     2214.62   -206.664        238.130         434843.429      6478801.570     0.00      
2310.00   17.58     41.40     2243.22   -200.672        244.926         434849.419      6478808.363     0.00      
2340.00   17.58     41.40     2271.82   -194.681        251.722         434855.408      6478815.157     0.00      
2370.00   17.58     41.40     2300.42   -188.689        258.518         434861.398      6478821.951     0.00      
2376.72   17.58     41.40     2306.83   -187.346        260.042         434862.740      6478823.474     0.00      
2400.00   19.27     44.42     2328.91   -182.334        265.421         434867.751      6478828.852     2.50      
2430.00   21.50     47.63     2357.03   -174.806        272.664         434875.276      6478836.092     2.50      
2460.00   23.79     50.25     2384.72   -166.090        280.240         434883.989      6478843.666     2.50      
2490.00   26.12     52.43     2411.92   -156.202        288.137         434893.873      6478851.560     2.50      
2520.00   28.47     54.28     2438.58   -145.161        296.338         434904.910      6478859.758     2.50      
2533.06   29.50     55.00     2450.00   -140.000        300.000         434910.070      6478863.419     2.50      
2550.00   31.14     55.11     2464.62   -132.990        304.898         434917.077      6478868.314     2.90      
2580.00   34.03     55.29     2489.90   -119.723        314.116         434930.339      6478877.530     2.90      
2610.00   36.93     55.44     2514.32   -105.396        324.011         434944.662      6478887.421     2.90      
2640.00   39.83     55.58     2537.84   -90.044         334.558         434960.009      6478897.964     2.90      
2670.00   42.73     55.70     2560.38   -73.707         345.728         434976.340      6478909.131     2.90      
2700.00   45.63     55.80     2581.89   -56.426         357.494         434993.614      6478920.892     2.90      
2730.00   48.53     55.90     2602.32   -38.247         369.825         435011.787      6478933.220     2.90      
2760.00   51.43     55.98     2621.61   -19.216         382.691         435030.812      6478946.080     2.90      
2765.91   52.00     56.00     2625.27   -15.371         385.285         435034.655      6478948.674     2.90      
2790.00   53.29     53.93     2639.89   0.305           396.279         435050.326      6478959.664     2.60      
2819.95   54.93     51.45     2657.45   19.597          410.987         435069.611      6478974.367     2.60      
2838.06   54.93     51.45     2667.85   31.193          420.227         435081.203      6478983.604     0.00      
2850.00   55.19     52.79     2674.69   38.915          426.234         435088.923      6478989.609     2.83      
2880.00   55.88     56.13     2691.67   59.038          440.606         435109.038      6479003.975     2.83      
2910.00   56.67     59.40     2708.33   80.140          453.910         435130.133      6479017.275     2.83      
2940.00   57.54     62.61     2724.63   102.169         466.113         435152.154      6479029.474     2.83      
2970.00   58.48     65.76     2740.52   125.071         477.187         435175.048      6479040.544     2.83      
3000.00   59.51     68.85     2755.98   148.791         487.103         435198.760      6479050.456     2.83      
3030.00   60.60     71.86     2770.95   173.270         495.838         435223.230      6479059.188     2.83      
3060.00   61.77     74.81     2785.42   198.448         503.370         435248.400      6479066.718     2.83      
3090.00   62.99     77.70     2799.33   224.265         509.681         435274.208      6479073.026     2.83      
3120.00   64.27     80.52     2812.65   250.656         514.755         435300.589      6479078.098     2.83      
3150.00   65.61     83.28     2825.36   277.557         518.579         435327.481      6479081.922     2.83      
3180.20   67.00     86.00     2837.50   305.085         521.159         435355.000      6479084.500     2.83      
