HEADER INFORMATION (all units in Statoil default) 
----------------------------------------------------------------
COMPANY: Statoil Norway
FIELD: SLEIPNER
WELL NAME: Relief well location 3
WELLBORE NAME: F-15 D
Drilled From: Well Ref. Point
Kick Off Depth: 145.90m
Survey Name: F-15 D 9 5/8" csg.shoe revp1
Survey Date: 13.09.2013
Extraction Date: 26.03.2018
----------------------------------------------------------------
Calculation Method: Minimum Curvature
Datum Name: WELL(54.90m)
----------------------------------------------------------------
Surface EW: 434552.000m
Surface NS: 6478471.000m
Surface Latitude: 58° 26' 26.5485 N
Surface Longitude: 1° 52' 44.3204 E
Bottom Hole MD: 3264.13m
Bottom Hole TVD: 2837.50m
Bottom Hole EW: 435355.000m
Bottom Hole NS: 6479084.500m
----------------------------------------------------------------
Survey Program:  
H  146 - 3264 F-15 D 9 5/8" CSG.SHOE REVP1 : 
----------------------------------------------------------------
Water Depth: 91.00m
KB-WH: 145.90m
KB-MSL: 54.90m
System Datum: Mean Sea Level
----------------------------------------------------------------
Map-Zone: Zone 31N (0 E to 6 E)
North Reference: Grid
Geo Datum: European 1950 - Mean
Vertical Section Direction: 52.62deg
----------------------------------------------------------------
SURVEY LIST
MD        Inc       Azim      TVD       X-Offset (E/W)  Y-Offset (N/S)  UTM E/W         UTM N/S         DLS
m RKB     deg       deg       m RKB     m               m               m               m               deg/30m
145.90    0.00      0.00      145.90    -498.194        -92.555         434552.000      6478471.000     0.00      
150.00    0.00      0.00      150.00    -498.194        -92.555         434552.000      6478471.000     0.00      
180.00    0.00      0.00      180.00    -498.194        -92.555         434552.000      6478471.000     0.00      
210.00    0.00      0.00      210.00    -498.194        -92.555         434552.000      6478471.000     0.00      
240.00    0.00      0.00      240.00    -498.194        -92.555         434552.000      6478471.000     0.00      
270.00    0.00      0.00      270.00    -498.194        -92.555         434552.000      6478471.000     0.00      
300.00    0.00      0.00      300.00    -498.194        -92.555         434552.000      6478471.000     0.00      
330.00    0.00      0.00      330.00    -498.194        -92.555         434552.000      6478471.000     0.00      
360.00    0.00      0.00      360.00    -498.194        -92.555         434552.000      6478471.000     0.00      
390.00    0.00      0.00      390.00    -498.194        -92.555         434552.000      6478471.000     0.00      
420.00    0.00      0.00      420.00    -498.194        -92.555         434552.000      6478471.000     0.00      
450.00    0.00      0.00      450.00    -498.194        -92.555         434552.000      6478471.000     0.00      
480.00    0.00      0.00      480.00    -498.194        -92.555         434552.000      6478471.000     0.00      
510.00    0.00      0.00      510.00    -498.194        -92.555         434552.000      6478471.000     0.00      
540.00    0.00      0.00      540.00    -498.194        -92.555         434552.000      6478471.000     0.00      
570.00    0.00      0.00      570.00    -498.194        -92.555         434552.000      6478471.000     0.00      
600.00    0.00      0.00      600.00    -498.194        -92.555         434552.000      6478471.000     0.00      
630.00    0.00      0.00      630.00    -498.194        -92.555         434552.000      6478471.000     0.00      
645.90    0.00      0.00      645.90    -498.194        -92.555         434552.000      6478471.000     0.00      
660.00    0.71      118.06    660.00    -498.118        -92.596         434552.077      6478470.959     1.50      
690.00    2.21      118.06    689.99    -497.446        -92.954         434552.749      6478470.601     1.50      
720.00    3.71      118.06    719.95    -496.081        -93.682         434554.113      6478469.874     1.50      
750.00    5.21      118.06    749.86    -494.024        -94.778         434556.169      6478468.778     1.50      
780.00    6.71      118.06    779.69    -491.278        -96.241         434558.914      6478467.315     1.50      
810.00    8.21      118.06    809.44    -487.843        -98.072         434562.348      6478465.485     1.50      
840.00    9.71      118.06    839.07    -483.722        -100.268        434566.467      6478463.290     1.50      
870.00    11.21     118.06    868.57    -478.918        -102.829        434571.270      6478460.730     1.50      
900.00    12.71     118.06    897.92    -473.434        -105.751        434576.752      6478457.809     1.50      
930.00    14.21     118.06    927.10    -467.274        -109.034        434582.910      6478454.527     1.50      
960.00    15.71     118.06    956.08    -460.442        -112.675        434589.739      6478450.887     1.50      
990.00    17.21     118.06    984.85    -452.943        -116.672        434597.236      6478446.892     1.50      
1020.00   18.71     118.06    1013.39   -444.782        -121.021        434605.394      6478442.544     1.50      
1050.00   20.21     118.06    1041.68   -435.964        -125.720        434614.209      6478437.846     1.50      
1080.38   21.72     118.06    1070.04   -426.373        -130.832        434623.797      6478432.737     1.50      
1110.00   21.72     118.06    1097.56   -416.697        -135.989        434633.469      6478427.582     0.00      
1140.00   21.72     118.06    1125.43   -406.898        -141.211        434643.265      6478422.361     0.00      
1170.00   21.72     118.06    1153.30   -397.098        -146.434        434653.061      6478417.140     0.00      
1200.00   21.72     118.06    1181.17   -387.299        -151.656        434662.857      6478411.920     0.00      
1230.00   21.72     118.06    1209.04   -377.500        -156.879        434672.653      6478406.699     0.00      
1260.00   21.72     118.06    1236.91   -367.701        -162.101        434682.448      6478401.478     0.00      
1290.00   21.72     118.06    1264.78   -357.901        -167.323        434692.244      6478396.258     0.00      
1320.00   21.72     118.06    1292.65   -348.102        -172.546        434702.040      6478391.037     0.00      
1350.00   21.72     118.06    1320.52   -338.303        -177.768        434711.836      6478385.817     0.00      
1380.00   21.72     118.06    1348.39   -328.504        -182.991        434721.632      6478380.596     0.00      
1410.00   21.72     118.06    1376.25   -318.704        -188.213        434731.428      6478375.375     0.00      
1438.90   21.72     118.06    1403.10   -309.264        -193.244        434740.864      6478370.346     0.00      
1440.00   21.67     117.85    1404.12   -308.905        -193.435        434741.223      6478370.156     2.50      
1470.00   20.33     111.95    1432.13   -299.172        -197.972        434750.953      6478365.620     2.50      
1500.00   19.22     105.34    1460.37   -289.574        -201.227        434760.547      6478362.366     2.50      
1530.00   18.37     98.03     1488.77   -280.131        -203.194        434769.988      6478360.400     2.50      
1560.00   17.82     90.17     1517.29   -270.859        -203.868        434779.256      6478359.726     2.50      
1590.00   17.60     81.98     1545.88   -261.777        -203.249        434788.335      6478360.345     2.50      
1620.00   17.72     73.74     1574.47   -252.902        -201.338        434797.207      6478362.256     2.50      
1650.00   18.18     65.76     1603.01   -244.251        -198.137        434805.855      6478365.455     2.50      
1680.00   18.95     58.28     1631.45   -235.840        -193.655        434814.263      6478369.936     2.50      
1710.00   19.99     51.46     1659.74   -227.686        -187.898        434822.415      6478375.690     2.50      
1740.00   21.27     45.35     1687.82   -219.803        -180.878        434830.295      6478382.708     2.50      
1770.00   22.74     39.96     1715.64   -212.207        -172.609        434837.888      6478390.974     2.50      
1800.00   24.37     35.22     1743.14   -204.912        -163.105        434845.180      6478400.474     2.50      
1830.00   26.14     31.06     1770.27   -197.933        -152.386        434852.157      6478411.190     2.50      
1860.00   28.00     27.40     1796.99   -191.281        -140.471        434858.806      6478423.101     2.50      
1890.00   29.96     24.18     1823.23   -184.971        -127.384        434865.114      6478436.184     2.50      
1920.00   31.98     21.32     1848.96   -179.015        -113.148        434871.069      6478450.414     2.50      
1950.00   34.06     18.77     1874.11   -173.422        -97.792         434876.659      6478465.765     2.50      
1980.00   36.18     16.49     1898.65   -168.205        -81.344         434881.875      6478482.208     2.50      
2010.00   38.35     14.42     1922.52   -163.373        -63.836         434886.705      6478499.710     2.50      
2032.55   40.00     13.00     1940.00   -160.000        -50.000         434890.077      6478513.540     2.50      
2040.00   40.00     13.00     1945.71   -158.922        -45.331         434891.154      6478518.208     0.00      
2070.00   40.00     13.00     1968.69   -154.584        -26.542         434895.490      6478536.990     0.00      
2100.00   40.00     13.00     1991.67   -150.246        -7.752          434899.827      6478555.773     0.00      
2130.00   40.00     13.00     2014.65   -145.909        11.037          434904.163      6478574.556     0.00      
2160.00   40.00     13.00     2037.64   -141.571        29.826          434908.500      6478593.339     0.00      
2190.00   40.00     13.00     2060.62   -137.233        48.616          434912.836      6478612.122     0.00      
2220.00   40.00     13.00     2083.60   -132.895        67.405          434917.172      6478630.905     0.00      
2250.00   40.00     13.00     2106.58   -128.557        86.194          434921.509      6478649.687     0.00      
2280.00   40.00     13.00     2129.56   -124.219        104.984         434925.845      6478668.470     0.00      
2310.00   40.00     13.00     2152.54   -119.881        123.773         434930.181      6478687.253     0.00      
2340.00   40.00     13.00     2175.52   -115.543        142.563         434934.518      6478706.036     0.00      
2370.00   40.00     13.00     2198.51   -111.206        161.352         434938.854      6478724.819     0.00      
2400.00   40.00     13.00     2221.49   -106.868        180.141         434943.190      6478743.602     0.00      
2430.00   40.00     13.00     2244.47   -102.530        198.931         434947.527      6478762.385     0.00      
2460.00   40.00     13.00     2267.45   -98.192         217.720         434951.863      6478781.167     0.00      
2490.00   40.00     13.00     2290.43   -93.854         236.510         434956.200      6478799.950     0.00      
2520.00   40.00     13.00     2313.41   -89.516         255.299         434960.536      6478818.733     0.00      
2550.00   40.00     13.00     2336.39   -85.178         274.088         434964.872      6478837.516     0.00      
2562.55   40.00     13.00     2346.00   -83.364         281.946         434966.686      6478845.371     0.00      
2580.00   39.71     15.26     2359.40   -80.635         292.791         434969.414      6478856.212     2.54      
2610.00   39.31     19.20     2382.55   -74.985         311.014         434975.062      6478874.429     2.54      
2640.00   39.05     23.20     2405.81   -68.135         328.677         434981.910      6478892.085     2.54      
2670.00   38.93     27.24     2429.13   -60.097         345.745         434989.945      6478909.148     2.54      
2700.00   38.94     31.28     2452.47   -50.887         362.185         434999.151      6478925.582     2.54      
2730.00   39.10     35.31     2475.78   -40.524         377.965         435009.511      6478941.356     2.54      
2760.00   39.39     39.29     2499.02   -29.027         393.053         435021.004      6478956.439     2.54      
2790.00   39.81     43.22     2522.14   -16.419         407.420         435033.608      6478970.802     2.54      
2820.00   40.37     47.07     2545.10   -2.725          421.039         435047.297      6478984.415     2.54      
2850.00   41.05     50.82     2567.84   12.028          433.881         435062.044      6478997.253     2.54      
2880.00   41.85     54.47     2590.33   27.811          445.922         435077.822      6479009.289     2.54      
2910.00   42.76     57.99     2612.52   44.593          457.137         435094.598      6479020.501     2.54      
2940.00   43.77     61.39     2634.37   62.341          467.506         435112.340      6479030.867     2.54      
2970.00   44.88     64.66     2655.83   81.020          477.008         435131.013      6479040.365     2.54      
3000.00   46.09     67.80     2676.87   100.595         485.624         435150.580      6479048.978     2.54      
3030.00   47.37     70.81     2697.43   121.025         493.337         435171.003      6479056.688     2.54      
3060.00   48.73     73.69     2717.49   142.271         500.132         435192.242      6479063.480     2.54      
3090.00   50.16     76.46     2737.00   164.291         505.995         435214.255      6479069.342     2.54      
3120.00   51.65     79.11     2755.92   187.043         510.915         435236.998      6479074.260     2.54      
3150.00   53.19     81.65     2774.22   210.480         514.883         435260.428      6479078.227     2.54      
3180.00   54.79     84.09     2791.85   234.558         517.891         435284.497      6479081.233     2.54      
3210.00   56.44     86.43     2808.80   259.229         519.932         435309.159      6479083.274     2.54      
3240.00   58.13     88.68     2825.01   284.444         521.003         435334.366      6479084.344     2.54      
3264.13   59.52     90.44     2837.50   305.085         521.159         435355.000      6479084.500     2.54      
