HEADER INFORMATION (all units in Statoil default) 
----------------------------------------------------------------
COMPANY: Statoil Norway
FIELD: SLEIPNER
WELL NAME: F-11
WELLBORE NAME: 15/9-F-11 A
Drilled From: 15/9-F-11 T2
Kick Off Depth: 2570.00m
Survey Name: 15/9-F-11 A NWest PIL DG3 rev0
Survey Date: 01.07.2013
Extraction Date: 03.04.2018
----------------------------------------------------------------
Calculation Method: Minimum Curvature
Datum Name: MI(54.90m)
----------------------------------------------------------------
Surface EW: 435049.095m
Surface NS: 6478568.172m
Surface Latitude: 58° 26' 29.9566 N
Surface Longitude: 1° 53' 14.8667 E
Bottom Hole MD: 3713.91m
Bottom Hole TVD: 3088.28m
Bottom Hole EW: 435325.122m
Bottom Hole NS: 6479244.800m
----------------------------------------------------------------
Survey Program:  
H  2570 - 3714 15/9-F-11 A NWEST PIL DG3 REV0 : 
----------------------------------------------------------------
Water Depth: 91.00m
KB-WH: 145.90m
KB-MSL: 54.90m
System Datum: Mean Sea Level
----------------------------------------------------------------
Map-Zone: Zone 31N (0 E to 6 E)
North Reference: Grid
Geo Datum: European 1950 - Mean
Vertical Section Direction: 22.19deg
----------------------------------------------------------------
SURVEY LIST
MD        Inc       Azim      TVD       X-Offset (E/W)  Y-Offset (N/S)  UTM E/W         UTM N/S         DLS
m RKB     deg       deg       m RKB     m               m               m               m               deg/30m
2570.00   36.93     68.78     2440.31   -348.149        39.357          434701.993      6478602.866     0.00      
2570.68   36.98     68.81     2440.85   -347.768        39.505          434702.374      6478603.014     2.32      
2580.68   36.98     68.81     2448.84   -342.159        41.679          434707.981      6478605.187     0.00      
2610.00   35.59     64.45     2472.48   -326.236        48.548          434723.898      6478612.054     3.00      
2640.68   34.32     59.57     2497.63   -310.721        56.781          434739.408      6478620.284     3.00      
2670.00   37.10     57.31     2521.43   -296.148        65.745          434753.976      6478629.245     3.15      
2700.00   39.99     55.28     2544.90   -280.606        76.124          434769.513      6478639.620     3.15      
2730.00   42.90     53.49     2567.38   -264.472        87.692          434785.641      6478651.185     3.15      
2760.00   45.84     51.87     2588.82   -247.795        100.416         434802.312      6478663.904     3.15      
2790.00   48.81     50.42     2609.16   -230.625        114.255         434819.476      6478677.739     3.15      
2820.00   51.79     49.09     2628.32   -213.015        129.170         434837.081      6478692.648     3.15      
2850.00   54.78     47.86     2646.25   -195.016        145.114         434855.072      6478708.586     3.15      
2880.00   57.78     46.73     2662.91   -176.685        162.039         434873.397      6478725.505     3.15      
2910.00   60.80     45.66     2678.22   -158.076        179.894         434892.000      6478743.354     3.15      
2940.00   63.82     44.66     2692.16   -139.245        198.625         434910.824      6478762.079     3.15      
2970.00   66.85     43.70     2704.68   -120.250        218.176         434929.813      6478781.623     3.15      
3000.00   69.88     42.79     2715.74   -101.147        238.488         434948.909      6478801.927     3.15      
3030.00   72.92     41.92     2725.31   -81.995         259.498         434968.055      6478822.931     3.15      
3060.00   75.96     41.07     2733.35   -62.851         281.144         434987.192      6478844.569     3.15      
3069.95   76.97     40.79     2735.68   -56.513         288.453         434993.527      6478851.876     3.15      
3090.00   76.97     40.79     2740.20   -43.751         303.242         435006.285      6478866.659     0.00      
3120.00   76.97     40.79     2746.96   -24.656         325.370         435025.374      6478888.779     0.00      
3150.00   76.97     40.79     2753.72   -5.561          347.497         435044.462      6478910.899     0.00      
3167.78   76.97     40.79     2757.73   5.756           360.612         435055.775      6478924.009     0.00      
3180.00   75.67     40.76     2760.62   13.511          369.603         435063.527      6478932.997     3.20      
3210.00   72.47     40.68     2768.85   32.327          391.465         435082.337      6478954.852     3.20      
3240.00   69.27     40.59     2778.68   50.782          412.973         435100.785      6478976.352     3.20      
3270.00   66.07     40.50     2790.08   68.819          434.058         435118.815      6478997.430     3.20      
3300.00   62.87     40.40     2803.00   86.380          454.656         435136.371      6479018.021     3.20      
3330.00   59.68     40.30     2817.42   103.412         474.702         435153.397      6479038.060     3.20      
3360.00   56.48     40.19     2833.28   119.862         494.134         435169.841      6479057.485     3.20      
3390.00   53.28     40.08     2850.54   135.677         512.891         435185.651      6479076.236     3.20      
3420.00   50.08     39.95     2869.14   150.809         530.915         435200.778      6479094.253     3.20      
3450.00   46.88     39.81     2889.02   165.211         548.149         435215.174      6479111.481     3.20      
3480.00   43.68     39.66     2910.13   178.837         564.539         435228.796      6479127.866     3.20      
3510.00   40.49     39.49     2932.39   191.646         580.036         435241.600      6479143.357     3.20      
3513.29   40.13     39.47     2934.90   193.000         581.680         435242.954      6479145.000     3.20      
3540.00   40.13     39.47     2955.32   203.942         594.970         435253.892      6479158.286     0.00      
3570.00   40.13     39.47     2978.25   216.234         609.899         435266.179      6479173.209     0.00      
3600.00   40.13     39.47     3001.19   228.525         624.828         435278.466      6479188.133     0.00      
3630.00   40.13     39.47     3024.13   240.817         639.756         435290.754      6479203.056     0.00      
3641.35   40.13     39.47     3032.80   245.465         645.402         435295.401      6479208.701     0.00      
3660.00   40.13     39.47     3047.06   253.108         654.685         435303.041      6479217.980     0.00      
3690.00   40.13     39.47     3070.00   265.399         669.614         435315.328      6479232.904     0.00      
3713.91   40.13     39.47     3088.28   275.197         681.514         435325.122      6479244.800     0.00      
