HEADER INFORMATION (all units in Statoil default) 
----------------------------------------------------------------
COMPANY: Statoil Norway
FIELD: SLEIPNER
WELL NAME: 15/9-19
WELLBORE NAME: 19 S
Drilled From: Well Ref. Point
Kick Off Depth: 109.00m
Survey Name: 19 S
Survey Date: 13.10.2005
Extraction Date: 26.03.2018
----------------------------------------------------------------
Calculation Method: Minimum Curvature
Datum Name: RT #2(25.00m)
----------------------------------------------------------------
Surface EW: 435057.043m
Surface NS: 6478570.406m
Surface Latitude: 58° 26' 30.0331 N
Surface Longitude: 1° 53' 15.3544 E
Bottom Hole MD: 3580.00m
Bottom Hole TVD: 2374.52m
Bottom Hole EW: 432833.660m
Bottom Hole NS: 6479109.803m
----------------------------------------------------------------
Survey Program:  
H  123 - 1493 19 SR RIGS 9 5/8" : RIGS, CONT
H  1533 - 3262 19 S MWD 12 1/4" : MAGNETIC, STD, NON-MAG
----------------------------------------------------------------
Water Depth: 84.00m
KB-WH: 109.00m
KB-MSL: 25.00m
System Datum: Mean Sea Level
----------------------------------------------------------------
Map-Zone: Zone 31N (0 E to 6 E)
North Reference: Grid
Geo Datum: European 1950 - Mean
Vertical Section Direction: 283.48deg
----------------------------------------------------------------
SURVEY LIST
MD        Inc       Azim      TVD       X-Offset (E/W)  Y-Offset (N/S)  UTM E/W         UTM N/S         DLS
m RKB     deg       deg       m RKB     m               m               m               m               deg/30m
109.00    0.00      0.00      109.00    7.024           6.886           435057.043      6478570.406     0.00      
122.95    0.07      171.75    122.96    6.994           6.836           435057.013      6478570.356     0.15      
133.00    0.08      251.31    132.98    6.994           6.816           435057.013      6478570.336     0.29      
142.96    0.08      250.95    142.96    7.014           6.806           435057.033      6478570.326     0.00      
152.93    0.09      231.63    152.91    7.034           6.786           435057.053      6478570.306     0.09      
162.98    0.04      245.05    162.96    7.074           6.746           435057.093      6478570.266     0.16      
173.00    0.13      210.77    173.00    7.094           6.696           435057.113      6478570.216     0.30      
182.94    0.06      189.59    182.92    7.104           6.616           435057.123      6478570.136     0.23      
192.92    0.18      247.61    192.92    7.084           6.546           435057.103      6478570.066     0.47      
202.92    0.18      250.26    202.91    7.054           6.516           435057.073      6478570.036     0.02      
212.94    0.15      237.42    212.93    7.024           6.526           435057.043      6478570.046     0.14      
222.95    0.21      250.30    222.94    6.984           6.506           435057.003      6478570.026     0.22      
233.00    0.21      261.96    232.99    6.944           6.506           435056.963      6478570.026     0.13      
242.98    0.21      264.07    242.97    6.914           6.496           435056.933      6478570.016     0.02      
253.01    0.20      255.69    253.00    6.864           6.476           435056.883      6478569.996     0.09      
262.92    0.21      256.13    262.88    6.834           6.476           435056.853      6478569.996     0.03      
272.98    0.24      266.66    272.97    6.774           6.466           435056.793      6478569.986     0.15      
282.94    0.36      263.28    282.93    6.714           6.456           435056.733      6478569.977     0.37      
293.00    0.45      263.01    292.98    6.644           6.466           435056.663      6478569.987     0.27      
302.94    0.43      263.34    302.94    6.574           6.456           435056.593      6478569.977     0.06      
313.00    0.47      258.62    312.98    6.504           6.456           435056.523      6478569.977     0.16      
323.01    0.49      263.23    323.00    6.414           6.456           435056.433      6478569.977     0.13      
332.98    0.43      266.98    332.94    6.334           6.446           435056.353      6478569.967     0.20      
342.92    0.48      262.99    342.91    6.244           6.436           435056.263      6478569.957     0.18      
352.96    0.48      259.06    352.94    6.164           6.446           435056.183      6478569.967     0.10      
363.02    0.50      258.20    363.00    6.084           6.456           435056.103      6478569.977     0.06      
372.96    0.45      247.77    372.95    6.004           6.476           435056.023      6478569.997     0.30      
383.02    0.52      250.21    383.00    5.924           6.476           435055.943      6478569.997     0.22      
392.96    0.47      236.74    392.96    5.844           6.436           435055.863      6478569.957     0.38      
402.93    0.51      238.39    402.92    5.764           6.406           435055.783      6478569.927     0.13      
413.04    0.45      241.33    413.00    5.704           6.376           435055.723      6478569.897     0.19      
422.93    0.40      232.42    422.92    5.644           6.336           435055.663      6478569.857     0.25      
432.93    0.42      231.74    432.92    5.574           6.317           435055.593      6478569.837     0.06      
442.93    0.40      229.35    442.92    5.504           6.287           435055.523      6478569.807     0.08      
453.02    0.37      222.12    453.00    5.444           6.247           435055.463      6478569.767     0.17      
463.02    0.32      220.70    463.00    5.404           6.167           435055.423      6478569.687     0.15      
472.94    0.31      222.32    472.93    5.364           6.127           435055.383      6478569.648     0.04      
482.95    0.31      221.66    482.93    5.314           6.077           435055.333      6478569.598     0.01      
493.02    0.34      219.75    493.00    5.264           6.037           435055.283      6478569.558     0.10      
503.02    0.39      210.74    503.01    5.224           5.987           435055.243      6478569.508     0.23      
512.93    0.32      225.79    512.91    5.174           5.967           435055.193      6478569.488     0.35      
523.00    0.33      212.91    522.97    5.124           5.927           435055.143      6478569.448     0.22      
533.01    0.39      214.25    533.00    5.074           5.867           435055.093      6478569.388     0.18      
542.98    0.30      209.22    542.96    5.034           5.817           435055.053      6478569.338     0.29      
552.94    0.36      212.12    552.93    5.004           5.757           435055.023      6478569.278     0.19      
562.95    0.41      227.72    562.93    4.954           5.707           435054.973      6478569.228     0.35      
572.91    0.78      266.99    572.89    4.854           5.677           435054.873      6478569.198     1.60      
583.01    1.55      276.65    583.00    4.654           5.677           435054.673      6478569.198     2.35      
593.00    2.39      281.53    592.98    4.314           5.747           435054.333      6478569.268     2.57      
602.99    3.16      283.29    602.96    3.834           5.848           435053.853      6478569.369     2.33      
612.93    4.08      285.41    612.87    3.214           6.008           435053.234      6478569.529     2.81      
622.95    4.92      286.72    622.88    2.464           6.238           435052.484      6478569.759     2.53      
632.94    5.82      287.62    632.81    1.584           6.499           435051.604      6478570.020     2.71      
642.92    6.56      288.31    642.73    0.554           6.840           435050.575      6478570.360     2.24      
653.04    7.21      288.58    652.74    -0.595          7.220           435049.426      6478570.741     1.93      
663.02    7.77      288.65    662.67    -1.835          7.651           435048.186      6478571.171     1.68      
672.94    8.69      288.87    672.48    -3.185          8.082           435046.837      6478571.602     2.78      
683.01    9.52      288.85    682.43    -4.695          8.613           435045.328      6478572.133     2.47      
692.96    10.22     289.34    692.25    -6.324          9.194           435043.699      6478572.714     2.13      
702.95    11.07     289.07    702.05    -8.094          9.795           435041.930      6478573.315     2.56      
712.96    11.80     289.07    711.86    -9.963          10.426          435040.061      6478573.946     2.19      
722.92    12.67     288.61    721.59    -11.953         11.128          435038.072      6478574.647     2.64      
732.95    13.47     287.95    731.37    -14.123         11.829          435035.903      6478575.348     2.43      
743.00    14.53     287.49    741.11    -16.462         12.580          435033.565      6478576.099     3.18      
753.02    15.57     287.46    750.78    -18.972         13.352          435031.056      6478576.870     3.11      
762.99    16.72     287.40    760.37    -21.611         14.194          435028.417      6478577.712     3.46      
772.97    17.75     287.84    769.89    -24.441         15.105          435025.589      6478578.623     3.12      
782.99    18.69     288.01    779.44    -27.440         16.037          435022.591      6478579.555     2.82      
793.01    19.66     287.78    788.87    -30.559         17.009          435019.472      6478580.526     2.91      
802.96    20.57     288.08    798.23    -33.839         18.071          435016.194      6478581.588     2.76      
812.99    21.30     288.01    807.59    -37.198         19.253          435012.836      6478582.770     2.18      
822.99    22.09     287.73    816.88    -40.707         20.376          435009.328      6478583.891     2.39      
832.98    22.85     287.70    826.12    -44.377         21.498          435005.660      6478585.013     2.28      
842.95    23.67     287.43    835.27    -48.176         22.650          435001.862      6478586.165     2.49      
852.98    24.19     287.12    844.45    -52.065         23.873          434997.974      6478587.387     1.60      
862.93    24.59     286.95    853.49    -55.944         25.095          434994.096      6478588.609     1.22      
872.92    25.21     286.85    862.56    -59.944         26.268          434990.098      6478589.781     1.87      
882.95    25.91     286.63    871.60    -64.123         27.520          434985.921      6478591.034     2.11      
892.97    26.50     286.45    880.59    -68.362         28.783          434981.683      6478592.296     1.78      
902.92    27.07     286.07    889.47    -72.651         30.066          434977.395      6478593.578     1.79      
912.95    27.77     285.83    898.38    -77.080         31.368          434972.967      6478594.880     2.12      
923.00    28.41     285.52    907.24    -81.660         32.671          434968.390      6478596.183     1.96      
932.97    29.15     285.31    915.98    -86.309         33.914          434963.742      6478597.425     2.25      
942.95    29.83     285.16    924.67    -91.048         35.227          434959.005      6478598.738     2.06      
952.95    30.36     285.01    933.32    -95.927         36.560          434954.127      6478600.071     1.61      
962.96    30.97     284.60    941.92    -100.906        37.833          434949.150      6478601.343     1.93      
972.93    31.52     284.28    950.44    -105.925        39.137          434944.132      6478602.646     1.73      
982.93    32.23     284.27    958.93    -111.045        40.480          434939.015      6478603.989     2.13      
992.94    32.92     284.21    967.37    -116.294        41.703          434933.768      6478605.212     2.07      
1003.00   34.04     284.05    975.76    -121.683        43.066          434928.380      6478606.574     3.35      
1012.92   34.89     283.99    983.95    -127.142        44.470          434922.923      6478607.977     2.57      
1022.92   35.93     283.94    992.10    -132.751        45.773          434917.316      6478609.280     3.12      
1032.95   36.82     283.85    1000.16   -138.510        47.197          434911.559      6478610.704     2.67      
1042.98   37.50     283.75    1008.17   -144.389        48.731          434905.682      6478612.237     2.04      
1052.98   38.22     283.82    1016.06   -150.359        50.154          434899.715      6478613.660     2.16      
1062.93   39.31     283.78    1023.83   -156.438        51.658          434893.638      6478615.163     3.29      
1072.93   40.35     283.76    1031.50   -162.667        53.222          434887.411      6478616.727     3.12      
1082.95   41.42     283.72    1039.07   -169.036        54.766          434881.044      6478618.270     3.20      
1092.99   42.56     283.72    1046.53   -175.625        56.290          434874.457      6478619.794     3.41      
1102.98   43.31     283.72    1053.85   -182.214        57.964          434867.871      6478621.467     2.25      
1112.92   44.10     283.70    1061.04   -188.863        59.489          434861.224      6478622.991     2.38      
1122.98   45.14     283.72    1068.20   -195.812        61.073          434854.277      6478624.575     3.10      
1132.92   46.24     283.67    1075.14   -202.691        62.727          434847.401      6478626.228     3.32      
1142.93   47.30     283.32    1081.99   -209.810        64.492          434840.284      6478627.992     3.27      
1152.94   48.34     283.11    1088.72   -216.998        66.216          434833.098      6478629.716     3.15      
1162.94   49.45     282.75    1095.30   -224.297        68.051          434825.802      6478631.550     3.43      
1172.96   50.48     282.55    1101.74   -231.776        69.586          434818.325      6478633.084     3.12      
1182.95   51.54     282.39    1108.02   -239.345        71.290          434810.759      6478634.788     3.21      
1192.97   52.49     282.27    1114.19   -247.054        72.995          434803.053      6478636.493     2.86      
1202.92   53.47     282.25    1120.19   -254.813        74.650          434795.296      6478638.147     2.96      
1212.95   54.43     282.17    1126.10   -262.762        76.355          434787.350      6478639.851     2.88      
1222.96   55.44     282.08    1131.84   -270.751        77.860          434779.364      6478641.356     3.04      
1232.96   56.26     282.01    1137.47   -278.860        79.725          434771.258      6478643.220     2.47      
1242.94   57.07     281.93    1142.96   -286.989        81.360          434763.132      6478644.855     2.44      
1252.95   57.44     281.90    1148.36   -295.178        83.085          434754.946      6478646.579     1.11      
1262.92   57.71     281.98    1153.71   -303.447        84.771          434746.680      6478648.264     0.84      
1272.93   58.10     282.06    1159.02   -311.746        86.596          434738.384      6478650.089     1.19      
1282.92   58.55     282.16    1164.28   -320.045        88.381          434730.088      6478651.873     1.38      
1292.93   58.89     282.25    1169.47   -328.393        90.186          434721.742      6478653.678     1.04      
1302.94   59.08     282.29    1174.63   -336.712        92.001          434713.426      6478655.492     0.58      
1312.93   59.24     282.40    1179.74   -345.091        93.937          434705.050      6478657.427     0.56      
1322.91   58.95     282.46    1184.89   -353.440        95.712          434696.704      6478659.202     0.89      
1332.92   58.46     282.45    1190.09   -361.819        97.527          434688.328      6478661.016     1.47      
1342.91   58.05     282.34    1195.34   -370.078        99.292          434680.072      6478662.781     1.26      
1352.96   57.74     282.42    1200.68   -378.397        101.118         434671.756      6478664.605     0.95      
1362.95   57.37     282.54    1206.04   -386.605        102.993         434663.550      6478666.480     1.15      
1372.94   56.77     282.59    1211.48   -394.774        104.848         434655.384      6478668.334     1.81      
1382.94   56.41     282.70    1216.98   -402.943        106.533         434647.218      6478670.019     1.11      
1392.93   55.92     282.83    1222.54   -411.042        108.378         434639.122      6478671.863     1.51      
1402.91   55.83     282.94    1228.13   -419.141        110.363         434631.026      6478673.848     0.38      
1412.91   56.29     283.03    1233.74   -427.140        112.068         434623.030      6478675.552     1.40      
1422.94   57.06     283.03    1239.26   -435.368        114.113         434614.804      6478677.597     2.30      
1432.95   57.71     283.09    1244.64   -443.517        116.078         434606.658      6478679.561     1.95      
1442.92   57.80     283.07    1249.96   -451.656        117.964         434598.522      6478681.446     0.28      
1452.96   58.17     283.11    1255.27   -459.965        119.839         434590.216      6478683.320     1.11      
1462.95   58.84     283.11    1260.50   -468.304        121.644         434581.880      6478685.125     2.01      
1472.96   59.11     283.07    1265.65   -476.672        123.689         434573.514      6478687.169     0.82      
1482.92   58.79     283.21    1270.76   -484.921        125.704         434565.269      6478689.184     1.03      
1492.92   58.10     283.51    1276.03   -493.220        127.600         434556.973      6478691.078     2.21      
1532.70   60.30     284.14    1296.40   -526.397        135.764         434523.807      6478699.240     1.71      
1561.50   60.50     283.04    1310.62   -550.738        141.646         434499.475      6478705.120     1.02      
1590.00   60.10     283.84    1324.74   -574.816        147.398         434475.405      6478710.869     0.84      
1617.90   59.50     283.94    1338.78   -598.224        153.185         434452.005      6478716.654     0.65      
1648.30   59.90     284.84    1354.12   -623.648        159.706         434426.590      6478723.173     0.86      
1675.90   59.70     282.34    1368.00   -646.831        165.309         434403.415      6478728.775     2.36      
1705.40   58.30     281.74    1383.19   -671.561        170.583         434378.694      6478734.047     1.52      
1732.30   58.50     284.24    1397.29   -693.884        175.731         434356.379      6478739.193     2.39      
1762.30   58.50     282.54    1412.97   -718.766        181.653         434331.505      6478745.113     1.45      
1791.60   58.50     284.04    1428.28   -743.079        187.394         434307.201      6478750.852     1.31      
1821.20   58.60     282.64    1443.72   -767.649        193.218         434282.639      6478756.674     1.21      
1850.30   58.30     282.14    1458.95   -791.870        198.537         434258.427      6478761.991     0.54      
1877.90   58.10     283.04    1473.49   -814.763        203.648         434235.542      6478767.101     0.86      
1906.50   57.50     282.94    1488.73   -838.345        209.087         434211.968      6478772.537     0.64      
1935.10   57.70     283.74    1504.06   -861.841        214.657         434188.480      6478778.105     0.74      
1964.30   57.50     282.74    1519.70   -885.840        220.302         434164.489      6478783.748     0.89      
1993.60   57.60     282.84    1535.43   -909.952        225.774         434140.385      6478789.218     0.13      
2020.60   57.50     284.04    1549.91   -932.112        231.068         434118.233      6478794.510     1.13      
2050.70   57.40     283.24    1566.11   -956.769        237.049         434093.585      6478800.490     0.68      
2079.40   57.60     283.44    1581.53   -980.321        242.632         434070.041      6478806.071     0.27      
2108.90   57.30     285.04    1597.40   -1004.423       248.747         434045.948      6478812.183     1.41      
2137.70   58.00     283.84    1612.81   -1027.984       254.811         434022.395      6478818.245     1.28      
2167.00   58.80     284.34    1628.16   -1052.189       260.885         433998.198      6478824.317     0.93      
2196.10   58.70     283.94    1643.26   -1076.314       266.961         433974.082      6478830.391     0.37      
2225.00   58.90     282.44    1658.23   -1100.381       272.599         433950.023      6478836.027     1.35      
2253.00   58.80     284.34    1672.72   -1123.691       278.146         433926.721      6478841.572     1.75      
2281.70   58.80     284.24    1687.58   -1147.481       284.204         433902.940      6478847.628     0.09      
2309.60   58.80     283.54    1702.04   -1170.648       289.931         433879.781      6478853.353     0.64      
2338.60   58.90     284.14    1717.04   -1194.746       295.866         433855.691      6478859.286     0.54      
2367.00   58.90     283.54    1731.71   -1218.358       301.682         433832.087      6478865.100     0.54      
2395.70   58.90     283.64    1746.53   -1242.246       307.454         433808.208      6478870.870     0.09      
2424.60   58.90     283.04    1761.46   -1266.324       313.162         433784.138      6478876.576     0.53      
2453.90   58.80     284.24    1776.62   -1290.692       319.074         433759.778      6478882.486     1.06      
2484.40   58.80     283.34    1792.42   -1316.029       325.290         433734.450      6478888.700     0.76      
2513.90   58.80     284.14    1807.70   -1340.540       331.282         433709.948      6478894.689     0.70      
2541.00   58.90     284.34    1821.72   -1363.021       336.985         433687.475      6478900.391     0.22      
2569.00   59.00     284.54    1836.16   -1386.251       342.966         433664.252      6478906.369     0.21      
2597.00   58.90     284.14    1850.60   -1409.492       348.905         433641.020      6478912.307     0.38      
2626.90   58.90     283.44    1866.05   -1434.357       355.006         433616.164      6478918.405     0.60      
2655.80   58.90     284.14    1880.97   -1458.390       360.903         433592.139      6478924.300     0.62      
2684.60   58.00     282.34    1896.04   -1482.279       366.524         433568.259      6478929.919     1.85      
2713.60   57.40     282.84    1911.54   -1506.202       371.865         433544.343      6478935.258     0.76      
2743.10   57.60     282.44    1927.39   -1530.479       377.307         433520.075      6478940.699     0.40      
2771.40   57.60     282.44    1942.56   -1553.813       382.453         433496.749      6478945.843     0.00      
2800.60   57.70     280.84    1958.18   -1577.973       387.428         433472.597      6478950.816     1.39      
2829.50   57.80     282.94    1973.60   -1601.888       392.462         433448.690      6478955.848     1.85      
2857.90   57.80     282.94    1988.74   -1625.310       397.842         433425.277      6478961.226     0.00      
2886.70   57.90     282.84    2004.06   -1649.080       403.279         433401.515      6478966.662     0.14      
2914.80   58.00     282.34    2018.97   -1672.325       408.469         433378.279      6478971.850     0.46      
2943.40   57.90     280.94    2034.15   -1696.067       413.358         433354.545      6478976.737     1.25      
2971.90   57.70     281.44    2049.34   -1719.725       418.037         433330.895      6478981.414     0.49      
2999.20   57.80     282.54    2063.91   -1742.309       422.831         433308.318      6478986.207     1.03      
3029.60   58.20     281.84    2080.02   -1767.509       428.273         433283.128      6478991.647     0.71      
3058.80   57.80     283.44    2095.49   -1791.671       433.689         433258.974      6478997.061     1.45      
3087.60   58.00     282.44    2110.80   -1815.448       439.150         433235.205      6479002.520     0.91      
3114.80   58.20     282.54    2125.17   -1837.994       444.143         433212.667      6479007.511     0.24      
3144.00   58.30     284.84    2140.54   -1862.117       450.017         433188.552      6479013.384     2.01      
3174.20   58.00     285.54    2156.47   -1886.874       456.737         433163.804      6479020.101     0.66      
3204.50   57.50     284.34    2172.64   -1911.633       463.342         433139.054      6479026.704     1.12      
3233.00   57.20     284.34    2188.02   -1934.882       469.284         433115.813      6479032.643     0.32      
3261.80   57.50     285.34    2203.56   -1958.322       475.493         433092.381      6479038.850     0.93      
3580.00   57.50     285.34    2374.52   -2217.133       546.470         432833.660      6479109.803     0.00      
