HEADER INFORMATION (all units in Statoil default) 
----------------------------------------------------------------
COMPANY: Statoil Norway
FIELD: SLEIPNER
WELL NAME: F-2
WELLBORE NAME: F-2
Drilled From: Well Ref. Point
Kick Off Depth: 145.90m
Survey Name: F-2 rev#2 STGAL 151015
Survey Date: 14.10.2015
Extraction Date: 03.04.2018
----------------------------------------------------------------
Calculation Method: Minimum Curvature
Datum Name: Rotary Table(54.90m)
----------------------------------------------------------------
Surface EW: 435047.604m
Surface NS: 6478564.735m
Surface Latitude: 58° 26' 29.8447 N
Surface Longitude: 1° 53' 14.7783 E
Bottom Hole MD: 3849.85m
Bottom Hole TVD: 3088.00m
Bottom Hole EW: 435474.997m
Bottom Hole NS: 6479446.001m
----------------------------------------------------------------
Survey Program:  
H  146 - 220 F-2 REV#2 STGAL 151015 : INCLINATION ONLY
H  220 - 550 F-2 REV#2 STGAL 151015 : KEEPER, SIGHTLINE
H  550 - 670 F-2 REV#2 STGAL 151015 : NOT_USEMWD GYRO, BAKER HUGHES(GYROTRAK)
H  670 - 1334 F-2 REV#2 STGAL 151015 : MAGN, IFR, MAG-CORR, REDUCED QC
H  1334 - 2460 F-2 REV#2 STGAL 151015 : MAGN, IFR, MAG-CORR, RED QC, MSA DUAL IN
H  2460 - 3016 F-2 REV#2 STGAL 151015 : MAGN, IFR, MAG-CORR, RED QC, MSA DUAL IN
H  3016 - 3850 F-2 REV#2 STGAL 151015 : MAGN, IFR, MAG-CORR, RED QC, MSA DUAL IN
----------------------------------------------------------------
Water Depth: 91.00m
KB-WH: 145.90m
KB-MSL: 54.90m
System Datum: Mean Sea Level
----------------------------------------------------------------
Map-Zone: Zone 31N (0 E to 6 E)
North Reference: Grid
Geo Datum: European 1950 - Mean
Vertical Section Direction: 25.87deg
----------------------------------------------------------------
SURVEY LIST
MD        Inc       Azim      TVD       X-Offset (E/W)  Y-Offset (N/S)  UTM E/W         UTM N/S         DLS
m RKB     deg       deg       m RKB     m               m               m               m               deg/30m
0.00      0.00      0.00      0.00      -2.418          1.212           435047.604      6478564.735     0.00      
145.90    0.00      0.00      145.90    -2.418          1.212           435047.604      6478564.735     0.00      
150.00    0.00      0.00      150.00    -2.418          1.212           435047.604      6478564.735     0.00      
180.00    0.00      0.00      180.00    -2.418          1.212           435047.604      6478564.735     0.00      
210.00    0.00      0.00      210.00    -2.418          1.212           435047.604      6478564.735     0.00      
240.00    0.00      0.00      240.00    -2.418          1.212           435047.604      6478564.735     0.00      
245.90    0.00      0.00      245.90    -2.418          1.212           435047.604      6478564.735     0.00      
270.00    0.40      210.00    270.00    -2.460          1.139           435047.562      6478564.662     0.50      
300.00    0.90      210.00    300.00    -2.631          0.844           435047.391      6478564.366     0.50      
330.00    1.40      210.00    329.99    -2.932          0.322           435047.090      6478563.844     0.50      
360.00    1.90      210.00    359.98    -3.365          -0.427          435046.657      6478563.096     0.50      
365.90    2.00      210.00    365.88    -3.465          -0.601          435046.557      6478562.922     0.50      
390.00    2.80      210.00    389.95    -3.970          -1.476          435046.052      6478562.048     1.00      
420.00    3.80      210.00    419.90    -4.834          -2.973          435045.188      6478560.551     1.00      
450.00    4.80      210.00    449.82    -5.960          -4.922          435044.063      6478558.602     1.00      
455.90    5.00      210.00    455.70    -6.212          -5.359          435043.811      6478558.166     1.00      
480.00    5.00      210.00    479.71    -7.262          -7.178          435042.761      6478556.348     0.00      
510.00    5.00      210.00    509.59    -8.569          -9.442          435041.454      6478554.084     0.00      
540.00    5.00      210.00    539.48    -9.877          -11.707         435040.148      6478551.820     0.00      
555.90    5.00      210.00    555.32    -10.570         -12.907         435039.455      6478550.621     0.00      
570.00    4.90      204.68    569.36    -11.128         -13.986         435038.896      6478549.542     1.00      
600.00    4.83      192.89    599.26    -11.945         -16.382         435038.080      6478547.146     1.00      
630.00    4.97      181.28    629.15    -12.256         -18.914         435037.769      6478544.615     1.00      
633.45    5.00      180.00    632.59    -12.260         -19.214         435037.765      6478544.315     1.00      
660.00    5.00      180.00    659.03    -12.260         -21.528         435037.765      6478542.002     0.00      
690.00    5.00      180.00    688.92    -12.260         -24.143         435037.765      6478539.389     0.00      
720.00    5.00      180.00    718.81    -12.260         -26.757         435037.765      6478536.775     0.00      
750.00    5.00      180.00    748.69    -12.260         -29.372         435037.765      6478534.161     0.00      
780.00    5.00      180.00    778.58    -12.260         -31.987         435037.765      6478531.547     0.00      
810.00    5.00      180.00    808.46    -12.260         -34.601         435037.765      6478528.934     0.00      
840.00    5.00      180.00    838.35    -12.260         -37.216         435037.765      6478526.320     0.00      
870.00    5.00      180.00    868.23    -12.260         -39.831         435037.765      6478523.706     0.00      
900.00    5.00      180.00    898.12    -12.260         -42.445         435037.765      6478521.092     0.00      
930.00    5.00      180.00    928.01    -12.260         -45.060         435037.765      6478518.479     0.00      
960.00    5.00      180.00    957.89    -12.260         -47.675         435037.765      6478515.865     0.00      
990.00    5.00      180.00    987.78    -12.260         -50.289         435037.765      6478513.251     0.00      
1020.00   5.00      180.00    1017.66   -12.260         -52.904         435037.765      6478510.637     0.00      
1050.00   5.00      180.00    1047.55   -12.260         -55.519         435037.765      6478508.024     0.00      
1080.00   5.00      180.00    1077.44   -12.260         -58.133         435037.765      6478505.410     0.00      
1110.00   5.00      180.00    1107.32   -12.260         -60.748         435037.765      6478502.796     0.00      
1140.00   5.00      180.00    1137.21   -12.260         -63.363         435037.765      6478500.182     0.00      
1170.00   5.00      180.00    1167.09   -12.260         -65.977         435037.765      6478497.569     0.00      
1200.00   5.00      180.00    1196.98   -12.260         -68.592         435037.765      6478494.955     0.00      
1230.00   5.00      180.00    1226.86   -12.260         -71.207         435037.765      6478492.341     0.00      
1260.00   5.00      180.00    1256.75   -12.260         -73.821         435037.765      6478489.727     0.00      
1290.00   5.00      180.00    1286.64   -12.260         -76.436         435037.765      6478487.113     0.00      
1320.00   5.00      180.00    1316.52   -12.260         -79.051         435037.765      6478484.500     0.00      
1350.00   5.00      180.00    1346.41   -12.260         -81.665         435037.765      6478481.886     0.00      
1380.00   5.00      180.00    1376.29   -12.260         -84.280         435037.765      6478479.272     0.00      
1410.00   5.00      180.00    1406.18   -12.260         -86.895         435037.765      6478476.658     0.00      
1440.00   5.00      180.00    1436.07   -12.260         -89.509         435037.765      6478474.045     0.00      
1470.00   5.00      180.00    1465.95   -12.260         -92.124         435037.765      6478471.431     0.00      
1500.00   5.00      180.00    1495.84   -12.260         -94.739         435037.765      6478468.817     0.00      
1530.00   5.00      180.00    1525.72   -12.260         -97.354         435037.765      6478466.203     0.00      
1560.00   5.00      180.00    1555.61   -12.260         -99.968         435037.765      6478463.590     0.00      
1590.00   5.00      180.00    1585.50   -12.260         -102.583        435037.765      6478460.976     0.00      
1620.00   5.00      180.00    1615.38   -12.260         -105.198        435037.765      6478458.362     0.00      
1650.00   5.00      180.00    1645.27   -12.260         -107.812        435037.765      6478455.748     0.00      
1680.00   5.00      180.00    1675.15   -12.260         -110.427        435037.765      6478453.135     0.00      
1710.00   5.00      180.00    1705.04   -12.260         -113.042        435037.765      6478450.521     0.00      
1740.00   5.00      180.00    1734.92   -12.260         -115.656        435037.765      6478447.907     0.00      
1770.00   5.00      180.00    1764.81   -12.260         -118.271        435037.765      6478445.293     0.00      
1800.00   5.00      180.00    1794.70   -12.260         -120.886        435037.765      6478442.680     0.00      
1830.00   5.00      180.00    1824.58   -12.260         -123.500        435037.765      6478440.066     0.00      
1860.00   5.00      180.00    1854.47   -12.260         -126.115        435037.765      6478437.452     0.00      
1890.00   5.00      180.00    1884.35   -12.260         -128.730        435037.765      6478434.838     0.00      
1920.00   5.00      180.00    1914.24   -12.260         -131.344        435037.765      6478432.224     0.00      
1950.00   5.00      180.00    1944.13   -12.260         -133.959        435037.765      6478429.611     0.00      
1980.00   5.00      180.00    1974.01   -12.260         -136.574        435037.765      6478426.997     0.00      
2010.00   5.00      180.00    2003.90   -12.260         -139.188        435037.765      6478424.383     0.00      
2040.00   5.00      180.00    2033.78   -12.260         -141.803        435037.765      6478421.769     0.00      
2070.00   5.00      180.00    2063.67   -12.260         -144.418        435037.765      6478419.156     0.00      
2100.00   5.00      180.00    2093.55   -12.260         -147.032        435037.765      6478416.542     0.00      
2130.00   5.00      180.00    2123.44   -12.260         -149.647        435037.765      6478413.928     0.00      
2160.00   5.00      180.00    2153.33   -12.260         -152.262        435037.765      6478411.314     0.00      
2190.00   5.00      180.00    2183.21   -12.260         -154.876        435037.765      6478408.701     0.00      
2220.00   5.00      180.00    2213.10   -12.260         -157.491        435037.765      6478406.087     0.00      
2233.45   5.00      180.00    2226.50   -12.260         -158.664        435037.765      6478404.915     0.00      
2250.00   3.72      173.05    2243.00   -12.195         -159.918        435037.830      6478403.661     2.50      
2280.00   1.84      136.48    2272.96   -11.746         -161.234        435038.279      6478402.345     2.50      
2310.00   2.32      63.61     2302.95   -10.870         -161.313        435039.155      6478402.266     2.50      
2340.00   4.46      40.39     2332.90   -9.570          -160.155        435040.454      6478403.424     2.50      
2370.00   6.85      32.70     2362.75   -7.848          -157.761        435042.176      6478405.817     2.50      
2400.00   9.29      29.00     2392.45   -5.706          -154.137        435044.316      6478409.440     2.50      
2430.00   11.76     26.84     2421.94   -3.150          -149.289        435046.872      6478414.286     2.50      
2460.00   14.24     25.43     2451.17   -0.184          -143.226        435049.837      6478420.347     2.50      
2490.00   16.73     24.42     2480.08   3.186           -135.960        435053.206      6478427.610     2.50      
2520.00   19.22     23.67     2508.61   6.954           -127.506        435056.973      6478436.062     2.50      
2550.00   21.71     23.09     2536.72   11.113          -117.878        435061.130      6478445.686     2.50      
2580.00   24.20     22.62     2564.34   15.655          -107.095        435065.670      6478456.465     2.50      
2610.00   26.70     22.23     2591.43   20.570          -95.179         435070.584      6478468.378     2.50      
2640.00   29.19     21.91     2617.92   25.851          -82.150         435075.863      6478481.401     2.50      
2670.00   31.69     21.63     2643.79   31.487          -68.035         435081.496      6478495.511     2.50      
2700.00   34.19     21.39     2668.96   37.466          -52.861         435087.474      6478510.681     2.50      
2730.00   36.68     21.18     2693.40   43.778          -36.655         435093.784      6478526.881     2.50      
2760.00   39.18     20.99     2717.07   50.411          -19.449         435100.414      6478544.081     2.50      
2790.00   41.68     20.82     2739.90   57.351          -1.276          435107.352      6478562.248     2.50      
2820.00   44.18     20.67     2761.87   64.587          17.830          435114.585      6478581.347     2.50      
2850.00   46.67     20.53     2782.92   72.103          37.833          435122.099      6478601.343     2.50      
2880.00   49.17     20.40     2803.02   79.886          58.694          435129.879      6478622.196     2.50      
2895.37   50.45     20.33     2812.94   83.973          69.703          435133.965      6478633.202     2.50      
2910.00   50.45     20.33     2822.25   87.893          80.279          435137.883      6478643.774     0.00      
2940.00   50.45     20.33     2841.36   95.931          101.970         435145.919      6478665.457     0.00      
2970.00   50.45     20.33     2860.46   103.970         123.661         435153.955      6478687.141     0.00      
3000.00   50.45     20.33     2879.56   112.009         145.352         435161.991      6478708.824     0.00      
3030.00   50.45     20.33     2898.66   120.047         167.043         435170.027      6478730.508     0.00      
3047.91   50.45     20.33     2910.06   124.845         179.989         435174.823      6478743.450     0.00      
3060.00   51.45     20.47     2917.68   128.120         188.793         435178.096      6478752.250     2.50      
3090.00   53.94     20.80     2935.86   136.530         211.123         435186.503      6478774.573     2.50      
3120.00   56.43     21.10     2952.99   145.336         234.123         435195.306      6478797.564     2.50      
3150.00   58.92     21.39     2969.03   154.522         257.748         435204.489      6478821.181     2.50      
3180.00   61.41     21.66     2983.96   164.069         281.954         435214.033      6478845.379     2.50      
3210.00   63.89     21.92     2997.74   173.961         306.694         435223.921      6478870.110     2.50      
3240.00   66.38     22.17     3010.35   184.178         331.921         435234.134      6478895.329     2.50      
3270.00   68.87     22.41     3021.77   194.700         357.588         435244.653      6478920.987     2.50      
3300.00   71.36     22.64     3031.97   205.508         383.646         435255.457      6478947.035     2.50      
3330.00   73.86     22.87     3040.93   216.581         410.044         435266.526      6478973.424     2.50      
3360.00   76.35     23.09     3048.64   227.898         436.733         435277.839      6479000.104     2.50      
3390.00   78.84     23.30     3055.09   239.437         463.662         435289.375      6479027.023     2.50      
3420.00   81.33     23.51     3060.26   251.177         490.779         435301.110      6479054.131     2.50      
3450.00   83.82     23.72     3064.13   263.095         518.033         435313.024      6479081.376     2.50      
3480.00   86.31     23.93     3066.71   275.168         545.372         435325.093      6479108.706     2.50      
3484.71   86.70     23.96     3067.00   277.076         549.668         435327.000      6479113.000     2.50      
3510.00   86.70     23.96     3068.45   287.330         572.741         435337.251      6479136.065     0.00      
3540.00   86.70     23.96     3070.18   299.494         600.110         435349.410      6479163.424     0.00      
3570.00   86.70     23.96     3071.91   311.657         627.479         435361.570      6479190.784     0.00      
3600.00   86.70     23.96     3073.63   323.821         654.848         435373.729      6479218.143     0.00      
3630.00   86.70     23.96     3075.36   335.985         682.217         435385.889      6479245.503     0.00      
3660.00   86.70     23.96     3077.08   348.149         709.587         435398.048      6479272.862     0.00      
3690.00   86.70     23.96     3078.81   360.312         736.956         435410.208      6479300.222     0.00      
3720.00   86.70     23.96     3080.53   372.476         764.325         435422.367      6479327.582     0.00      
3750.00   86.70     23.96     3082.26   384.640         791.694         435434.527      6479354.941     0.00      
3780.00   86.70     23.96     3083.98   396.804         819.063         435446.686      6479382.301     0.00      
3810.00   86.70     23.96     3085.71   408.967         846.432         435458.846      6479409.660     0.00      
3840.00   86.70     23.96     3087.43   421.131         873.801         435471.005      6479437.020     0.00      
3849.85   86.70     23.96     3088.00   425.124         882.786         435474.997      6479446.001     0.00      
