HEADER INFORMATION (all units in Statoil default) 
----------------------------------------------------------------
COMPANY: Statoil Norway
FIELD: SLEIPNER
WELL NAME: F-2
WELLBORE NAME: F-2
Drilled From: Well Ref. Point
Kick Off Depth: 145.90m
Survey Name: F-2 Producer Max DRAFT FOR COST,MZ,211108
Survey Date: 21.11.2008
Extraction Date: 03.04.2018
----------------------------------------------------------------
Calculation Method: Minimum Curvature
Datum Name: Rotary Table(54.90m)
----------------------------------------------------------------
Surface EW: 435047.604m
Surface NS: 6478564.735m
Surface Latitude: 58° 26' 29.8447 N
Surface Longitude: 1° 53' 14.7783 E
Bottom Hole MD: 3728.62m
Bottom Hole TVD: 3204.90m
Bottom Hole EW: 433401.000m
Bottom Hole NS: 6478100.000m
----------------------------------------------------------------
Survey Program:  
H  146 - 3729 F-2 PRODUCER MAX DRAFT FOR COST,MZ,211108 : MAGNETIC, IFR, NON-MAG
----------------------------------------------------------------
Water Depth: 91.00m
KB-WH: 145.90m
KB-MSL: 54.90m
System Datum: Mean Sea Level
----------------------------------------------------------------
Map-Zone: Zone 31N (0 E to 6 E)
North Reference: Grid
Geo Datum: European 1950 - Mean
Vertical Section Direction: 254.24deg
----------------------------------------------------------------
SURVEY LIST
MD        Inc       Azim      TVD       X-Offset (E/W)  Y-Offset (N/S)  UTM E/W         UTM N/S         DLS
m RKB     deg       deg       m RKB     m               m               m               m               deg/30m
145.90    0.00      0.00      145.90    -2.418          1.212           435047.604      6478564.735     0.00      
150.00    0.00      0.00      150.00    -2.418          1.212           435047.604      6478564.735     0.00      
180.00    0.00      0.00      180.00    -2.418          1.212           435047.604      6478564.735     0.00      
210.00    0.00      0.00      210.00    -2.418          1.212           435047.604      6478564.735     0.00      
240.00    0.00      0.00      240.00    -2.418          1.212           435047.604      6478564.735     0.00      
270.00    0.00      0.00      270.00    -2.418          1.212           435047.604      6478564.735     0.00      
300.00    0.00      0.00      300.00    -2.418          1.212           435047.604      6478564.735     0.00      
330.00    0.00      0.00      330.00    -2.418          1.212           435047.604      6478564.735     0.00      
360.00    0.00      0.00      360.00    -2.418          1.212           435047.604      6478564.735     0.00      
390.00    0.00      0.00      390.00    -2.418          1.212           435047.604      6478564.735     0.00      
400.00    0.00      0.00      400.00    -2.418          1.212           435047.604      6478564.735     0.00      
420.00    0.67      254.00    420.00    -2.530          1.180           435047.492      6478564.703     1.00      
450.00    1.67      254.00    449.99    -3.117          1.012           435046.905      6478564.535     1.00      
480.00    2.67      254.00    479.97    -4.207          0.699           435045.815      6478564.222     1.00      
510.00    3.67      254.00    509.92    -5.800          0.243           435044.223      6478563.765     1.00      
540.00    4.67      254.00    539.85    -7.895          -0.358          435042.128      6478563.165     1.00      
570.00    5.67      254.00    569.72    -10.492         -1.103          435039.532      6478562.421     1.00      
600.00    6.67      254.00    599.55    -13.590         -1.991          435036.436      6478561.533     1.00      
630.00    7.67      254.00    629.31    -17.188         -3.023          435032.839      6478560.501     1.00      
640.00    8.00      254.00    639.22    -18.498         -3.398          435031.529      6478560.126     1.00      
660.00    9.33      254.04    658.99    -21.395         -4.228          435028.633      6478559.297     2.00      
690.00    11.33     254.09    688.50    -26.569         -5.705          435023.461      6478557.820     2.00      
720.00    13.33     254.12    717.81    -32.732         -7.459          435017.300      6478556.066     2.00      
750.00    15.33     254.15    746.87    -39.876         -9.489          435010.159      6478554.037     2.00      
780.00    17.33     254.17    775.66    -47.992         -11.792         435002.046      6478551.735     2.00      
810.00    19.33     254.18    804.14    -57.070         -14.365         434992.971      6478549.163     2.00      
840.00    21.33     254.20    832.27    -67.100         -17.205         434982.945      6478546.324     2.00      
870.00    23.33     254.21    860.02    -78.068         -20.308         434971.980      6478543.222     2.00      
900.00    25.33     254.22    887.35    -89.963         -23.671         434960.090      6478539.860     2.00      
930.00    27.33     254.22    914.24    -102.768        -27.290         434947.289      6478536.242     2.00      
960.00    29.33     254.23    940.64    -116.469        -31.160         434933.592      6478532.374     2.00      
990.00    31.33     254.24    966.53    -131.049        -35.277         434919.017      6478528.258     2.00      
1020.00   33.33     254.24    991.88    -146.491        -39.635         434903.581      6478523.902     2.00      
1048.32   35.22     254.25    1015.28   -161.840        -43.966         434888.237      6478519.572     2.00      
1050.00   35.22     254.25    1016.65   -162.773        -44.229         434887.305      6478519.309     0.00      
1080.00   35.22     254.25    1041.16   -179.425        -48.927         434870.658      6478514.613     0.00      
1110.00   35.22     254.25    1065.67   -196.077        -53.625         434854.012      6478509.917     0.00      
1140.00   35.22     254.25    1090.18   -212.729        -58.323         434837.366      6478505.221     0.00      
1170.00   35.22     254.25    1114.68   -229.381        -63.020         434820.720      6478500.525     0.00      
1200.00   35.22     254.25    1139.19   -246.033        -67.718         434804.073      6478495.828     0.00      
1230.00   35.22     254.25    1163.70   -262.685        -72.416         434787.427      6478491.132     0.00      
1260.00   35.22     254.25    1188.21   -279.337        -77.114         434770.781      6478486.436     0.00      
1290.00   35.22     254.25    1212.72   -295.990        -81.811         434754.134      6478481.740     0.00      
1320.00   35.22     254.25    1237.22   -312.642        -86.509         434737.488      6478477.044     0.00      
1350.00   35.22     254.25    1261.73   -329.294        -91.207         434720.842      6478472.348     0.00      
1380.00   35.22     254.25    1286.24   -345.946        -95.905         434704.196      6478467.652     0.00      
1410.00   35.22     254.25    1310.75   -362.598        -100.603        434687.549      6478462.956     0.00      
1440.00   35.22     254.25    1335.25   -379.250        -105.300        434670.903      6478458.259     0.00      
1470.00   35.22     254.25    1359.76   -395.902        -109.998        434654.257      6478453.563     0.00      
1500.00   35.22     254.25    1384.27   -412.554        -114.696        434637.610      6478448.867     0.00      
1530.00   35.22     254.25    1408.78   -429.206        -119.394        434620.964      6478444.171     0.00      
1560.00   35.22     254.25    1433.29   -445.858        -124.091        434604.318      6478439.475     0.00      
1590.00   35.22     254.25    1457.79   -462.511        -128.789        434587.671      6478434.779     0.00      
1620.00   35.22     254.25    1482.30   -479.163        -133.487        434571.025      6478430.083     0.00      
1650.00   35.22     254.25    1506.81   -495.815        -138.185        434554.379      6478425.386     0.00      
1680.00   35.22     254.25    1531.32   -512.467        -142.882        434537.733      6478420.690     0.00      
1710.00   35.22     254.25    1555.83   -529.119        -147.580        434521.086      6478415.994     0.00      
1740.00   35.22     254.25    1580.33   -545.771        -152.278        434504.440      6478411.298     0.00      
1770.00   35.22     254.25    1604.84   -562.423        -156.976        434487.794      6478406.602     0.00      
1800.00   35.22     254.25    1629.35   -579.075        -161.674        434471.147      6478401.906     0.00      
1830.00   35.22     254.25    1653.86   -595.727        -166.371        434454.501      6478397.210     0.00      
1860.00   35.22     254.25    1678.37   -612.379        -171.069        434437.855      6478392.513     0.00      
1890.00   35.22     254.25    1702.87   -629.031        -175.767        434421.209      6478387.817     0.00      
1920.00   35.22     254.25    1727.38   -645.684        -180.465        434404.562      6478383.121     0.00      
1950.00   35.22     254.25    1751.89   -662.336        -185.162        434387.916      6478378.425     0.00      
1980.00   35.22     254.25    1776.40   -678.988        -189.860        434371.270      6478373.729     0.00      
2010.00   35.22     254.25    1800.91   -695.640        -194.558        434354.623      6478369.033     0.00      
2040.00   35.22     254.25    1825.41   -712.292        -199.256        434337.977      6478364.337     0.00      
2070.00   35.22     254.25    1849.92   -728.944        -203.954        434321.331      6478359.640     0.00      
2100.00   35.22     254.25    1874.43   -745.596        -208.651        434304.684      6478354.944     0.00      
2130.00   35.22     254.25    1898.94   -762.248        -213.349        434288.038      6478350.248     0.00      
2160.00   35.22     254.25    1923.45   -778.900        -218.047        434271.392      6478345.552     0.00      
2190.00   35.22     254.25    1947.95   -795.552        -222.745        434254.746      6478340.856     0.00      
2220.00   35.22     254.25    1972.46   -812.204        -227.442        434238.099      6478336.160     0.00      
2250.00   35.22     254.25    1996.97   -828.857        -232.140        434221.453      6478331.464     0.00      
2280.00   35.22     254.25    2021.48   -845.509        -236.838        434204.807      6478326.768     0.00      
2310.00   35.22     254.25    2045.98   -862.161        -241.536        434188.160      6478322.071     0.00      
2340.00   35.22     254.25    2070.49   -878.813        -246.234        434171.514      6478317.375     0.00      
2370.00   35.22     254.25    2095.00   -895.465        -250.931        434154.868      6478312.679     0.00      
2400.00   35.22     254.25    2119.51   -912.117        -255.629        434138.222      6478307.983     0.00      
2430.00   35.22     254.25    2144.02   -928.769        -260.327        434121.575      6478303.287     0.00      
2460.00   35.22     254.25    2168.52   -945.421        -265.025        434104.929      6478298.591     0.00      
2490.00   35.22     254.25    2193.03   -962.073        -269.722        434088.283      6478293.895     0.00      
2520.00   35.22     254.25    2217.54   -978.725        -274.420        434071.636      6478289.198     0.00      
2550.00   35.22     254.25    2242.05   -995.378        -279.118        434054.990      6478284.502     0.00      
2580.00   35.22     254.25    2266.56   -1012.030       -283.816        434038.344      6478279.806     0.00      
2610.00   35.22     254.25    2291.06   -1028.682       -288.513        434021.697      6478275.110     0.00      
2640.00   35.22     254.25    2315.57   -1045.334       -293.211        434005.051      6478270.414     0.00      
2670.00   35.22     254.25    2340.08   -1061.986       -297.909        433988.405      6478265.718     0.00      
2700.00   35.22     254.25    2364.59   -1078.638       -302.607        433971.759      6478261.022     0.00      
2730.00   35.22     254.25    2389.10   -1095.290       -307.305        433955.112      6478256.325     0.00      
2760.00   35.22     254.25    2413.60   -1111.942       -312.002        433938.466      6478251.629     0.00      
2790.00   35.22     254.25    2438.11   -1128.594       -316.700        433921.820      6478246.933     0.00      
2820.00   35.22     254.25    2462.62   -1145.246       -321.398        433905.173      6478242.237     0.00      
2850.00   35.22     254.25    2487.13   -1161.898       -326.096        433888.527      6478237.541     0.00      
2880.00   35.22     254.25    2511.64   -1178.551       -330.793        433871.881      6478232.845     0.00      
2910.00   35.22     254.25    2536.14   -1195.203       -335.491        433855.235      6478228.149     0.00      
2940.00   35.22     254.25    2560.65   -1211.855       -340.189        433838.588      6478223.452     0.00      
2970.00   35.22     254.25    2585.16   -1228.507       -344.887        433821.942      6478218.756     0.00      
3000.00   35.22     254.25    2609.67   -1245.159       -349.585        433805.296      6478214.060     0.00      
3030.00   35.22     254.25    2634.18   -1261.811       -354.282        433788.649      6478209.364     0.00      
3060.00   35.22     254.25    2658.68   -1278.463       -358.980        433772.003      6478204.668     0.00      
3090.00   35.22     254.25    2683.19   -1295.115       -363.678        433755.357      6478199.972     0.00      
3120.00   35.22     254.25    2707.70   -1311.767       -368.376        433738.710      6478195.276     0.00      
3150.00   35.22     254.25    2732.21   -1328.419       -373.073        433722.064      6478190.580     0.00      
3180.00   35.22     254.25    2756.71   -1345.072       -377.771        433705.418      6478185.883     0.00      
3210.00   35.22     254.25    2781.22   -1361.724       -382.469        433688.772      6478181.187     0.00      
3240.00   35.22     254.25    2805.73   -1378.376       -387.167        433672.125      6478176.491     0.00      
3270.00   35.22     254.25    2830.24   -1395.028       -391.864        433655.479      6478171.795     0.00      
3300.00   35.22     254.25    2854.75   -1411.680       -396.562        433638.833      6478167.099     0.00      
3330.00   35.22     254.25    2879.25   -1428.332       -401.260        433622.186      6478162.403     0.00      
3360.00   35.22     254.25    2903.76   -1444.984       -405.958        433605.540      6478157.707     0.00      
3390.00   35.22     254.25    2928.27   -1461.636       -410.656        433588.894      6478153.010     0.00      
3420.00   35.22     254.25    2952.78   -1478.288       -415.353        433572.248      6478148.314     0.00      
3450.00   35.22     254.25    2977.29   -1494.940       -420.051        433555.601      6478143.618     0.00      
3480.00   35.22     254.25    3001.79   -1511.592       -424.749        433538.955      6478138.922     0.00      
3510.00   35.22     254.25    3026.30   -1528.245       -429.447        433522.309      6478134.226     0.00      
3540.00   35.22     254.25    3050.81   -1544.897       -434.144        433505.662      6478129.530     0.00      
3570.00   35.22     254.25    3075.32   -1561.549       -438.842        433489.016      6478124.834     0.00      
3600.00   35.22     254.25    3099.83   -1578.201       -443.540        433472.370      6478120.137     0.00      
3630.00   35.22     254.25    3124.33   -1594.853       -448.238        433455.723      6478115.441     0.00      
3660.00   35.22     254.25    3148.84   -1611.505       -452.936        433439.077      6478110.745     0.00      
3690.00   35.22     254.25    3173.35   -1628.157       -457.633        433422.431      6478106.049     0.00      
3720.00   35.22     254.25    3197.86   -1644.809       -462.331        433405.785      6478101.353     0.00      
3726.19   35.22     254.25    3202.91   -1648.245       -463.300        433402.350      6478100.384     0.00      
3728.62   35.30     254.00    3204.90   -1649.595       -463.684        433401.000      6478100.000     2.00      
