HEADER INFORMATION (all units in Statoil default) 
----------------------------------------------------------------
COMPANY: Statoil Norway
FIELD: SLEIPNER
WELL NAME: F-2
WELLBORE NAME: F-2
Drilled From: Well Ref. Point
Kick Off Depth: 145.00m
Survey Name: F2 Injector 170907
Survey Date: 17.09.2007
Extraction Date: 03.04.2018
----------------------------------------------------------------
Calculation Method: Minimum Curvature
Datum Name: Maersk Inspirer(54.00m)
----------------------------------------------------------------
Surface EW: 435047.604m
Surface NS: 6478564.735m
Surface Latitude: 58° 26' 29.8447 N
Surface Longitude: 1° 53' 14.7783 E
Bottom Hole MD: 3596.46m
Bottom Hole TVD: 3264.00m
Bottom Hole EW: 434086.357m
Bottom Hole NS: 6479401.231m
----------------------------------------------------------------
Survey Program:  
H  145 - 3596 F2 INJECTOR 170907 : MAGNETIC, STD, MAG-CORR
----------------------------------------------------------------
Water Depth: 91.00m
KB-WH: 145.00m
KB-MSL: 54.00m
System Datum: Mean Sea Level
----------------------------------------------------------------
Map-Zone: Zone 31N (0 E to 6 E)
North Reference: Grid
Geo Datum: European 1950 - Mean
Vertical Section Direction: 311.03deg
----------------------------------------------------------------
SURVEY LIST
MD        Inc       Azim      TVD       X-Offset (E/W)  Y-Offset (N/S)  UTM E/W         UTM N/S         DLS
m RKB     deg       deg       m RKB     m               m               m               m               deg/30m
145.00    0.00      0.00      145.00    -2.418          1.212           435047.604      6478564.735     0.00      
150.00    0.00      0.00      150.00    -2.418          1.212           435047.604      6478564.735     0.00      
180.00    0.00      0.00      180.00    -2.418          1.212           435047.604      6478564.735     0.00      
210.00    0.00      0.00      210.00    -2.418          1.212           435047.604      6478564.735     0.00      
240.00    0.00      0.00      240.00    -2.418          1.212           435047.604      6478564.735     0.00      
250.00    0.00      0.00      250.00    -2.418          1.212           435047.604      6478564.735     0.00      
270.00    0.67      230.00    270.00    -2.507          1.138           435047.515      6478564.660     1.00      
300.00    1.67      230.00    299.99    -2.975          0.745           435047.047      6478564.268     1.00      
330.00    2.67      230.00    329.97    -3.844          0.016           435046.178      6478563.539     1.00      
360.00    3.67      230.00    359.92    -5.113          -1.049          435044.909      6478562.474     1.00      
390.00    4.67      230.00    389.85    -6.783          -2.450          435043.240      6478561.074     1.00      
400.00    5.00      230.00    399.81    -7.429          -2.992          435042.595      6478560.532     1.00      
420.00    5.87      230.00    419.72    -8.879          -4.209          435041.145      6478559.315     1.30      
450.00    7.17      230.00    449.53    -11.487         -6.398          435038.538      6478557.128     1.30      
480.00    8.47      230.00    479.25    -14.613         -9.020          435035.413      6478554.506     1.30      
510.00    9.77      230.00    508.87    -18.254         -12.076         435031.773      6478551.452     1.30      
515.38    10.00     230.00    514.17    -18.962         -12.670         435031.065      6478550.858     1.30      
540.00    9.87      234.69    538.42    -22.320         -15.262         435027.708      6478548.266     1.00      
570.00    9.79      240.54    567.98    -26.640         -18.003         435023.390      6478545.526     1.00      
600.00    9.82      246.41    597.54    -31.206         -20.282         435018.825      6478543.248     1.00      
630.00    9.95      252.19    627.10    -36.019         -22.099         435014.014      6478541.432     1.00      
660.00    10.17     257.77    656.63    -41.076         -23.453         435008.959      6478540.078     1.00      
690.00    10.49     263.06    686.15    -46.377         -24.344         435003.660      6478539.187     1.00      
720.00    10.89     268.02    715.63    -51.919         -24.772         434998.120      6478538.760     1.00      
750.00    11.36     272.60    745.07    -57.700         -24.736         434992.341      6478538.795     1.00      
780.00    11.89     276.79    774.45    -63.719         -24.237         434986.324      6478539.294     1.00      
810.00    12.48     280.61    803.78    -69.975         -23.274         434980.070      6478540.257     1.00      
840.00    13.12     284.08    833.03    -76.464         -21.849         434973.583      6478541.682     1.00      
870.00    13.80     287.22    862.21    -83.186         -19.961         434966.863      6478543.569     1.00      
900.00    14.52     290.06    891.29    -90.139         -17.610         434959.914      6478545.919     1.00      
930.00    15.27     292.64    920.29    -97.319         -14.799         434952.736      6478548.729     1.00      
960.00    16.05     294.98    949.17    -104.725        -11.527         434945.333      6478552.000     1.00      
990.00    16.85     297.10    977.94    -112.354        -7.795          434937.706      6478555.731     1.00      
1020.00   17.67     299.03    1006.59   -120.205        -3.605          434929.857      6478559.919     1.00      
1050.00   18.50     300.80    1035.11   -128.275        1.042           434921.790      6478564.564     1.00      
1080.00   19.36     302.41    1063.49   -136.562        6.144           434913.507      6478569.665     1.00      
1110.00   20.22     303.90    1091.72   -145.062        11.701          434905.010      6478575.220     1.00      
1140.00   21.10     305.27    1119.79   -153.773        17.710          434896.301      6478581.227     1.00      
1170.00   21.98     306.53    1147.69   -162.694        24.169          434887.384      6478587.684     1.00      
1200.00   22.88     307.70    1175.42   -171.820        31.078          434878.261      6478594.590     1.00      
1230.00   23.78     308.78    1202.97   -181.149        38.432          434868.935      6478601.942     1.00      
1260.00   24.69     309.79    1230.33   -190.679        46.231          434859.408      6478609.738     1.00      
1290.00   25.61     310.73    1257.48   -200.406        54.472          434849.684      6478617.976     1.00      
1320.00   26.53     311.61    1284.43   -210.328        63.152          434839.766      6478626.653     1.00      
1350.00   27.46     312.44    1311.16   -220.441        72.269          434829.656      6478635.767     1.00      
1380.00   28.39     313.22    1337.67   -230.743        81.820          434819.359      6478645.314     1.00      
1410.00   29.32     313.95    1363.94   -241.229        91.802          434808.875      6478655.293     1.00      
1440.00   30.26     314.64    1389.98   -251.898        102.211         434798.210      6478665.699     1.00      
1470.00   31.21     315.29    1415.76   -262.746        113.046         434787.367      6478676.530     1.00      
1502.70   32.24     315.96    1443.58   -274.770        125.337         434775.346      6478688.816     1.00      
1530.00   32.24     315.96    1466.67   -284.893        135.804         434765.227      6478699.280     0.00      
1560.00   32.24     315.96    1492.05   -296.019        147.308         434754.105      6478710.779     0.00      
1590.00   32.24     315.96    1517.42   -307.144        158.811         434742.984      6478722.279     0.00      
1620.00   32.24     315.96    1542.80   -318.269        170.314         434731.863      6478733.778     0.00      
1650.00   32.24     315.96    1568.17   -329.394        181.818         434720.741      6478745.278     0.00      
1680.00   32.24     315.96    1593.55   -340.519        193.321         434709.620      6478756.777     0.00      
1710.00   32.24     315.96    1618.92   -351.645        204.825         434698.499      6478768.276     0.00      
1740.00   32.24     315.96    1644.30   -362.770        216.328         434687.377      6478779.776     0.00      
1770.00   32.24     315.96    1669.67   -373.895        227.832         434676.256      6478791.275     0.00      
1800.00   32.24     315.96    1695.05   -385.020        239.335         434665.135      6478802.775     0.00      
1830.00   32.24     315.96    1720.42   -396.145        250.839         434654.013      6478814.274     0.00      
1860.00   32.24     315.96    1745.80   -407.271        262.342         434642.892      6478825.774     0.00      
1890.00   32.24     315.96    1771.17   -418.396        273.846         434631.771      6478837.273     0.00      
1920.00   32.24     315.96    1796.55   -429.521        285.349         434620.649      6478848.773     0.00      
1950.00   32.24     315.96    1821.92   -440.646        296.852         434609.528      6478860.272     0.00      
1980.00   32.24     315.96    1847.30   -451.772        308.356         434598.407      6478871.772     0.00      
2010.00   32.24     315.96    1872.67   -462.897        319.859         434587.285      6478883.271     0.00      
2040.00   32.24     315.96    1898.05   -474.022        331.363         434576.164      6478894.770     0.00      
2070.00   32.24     315.96    1923.42   -485.147        342.866         434565.043      6478906.270     0.00      
2100.00   32.24     315.96    1948.80   -496.272        354.370         434553.921      6478917.769     0.00      
2130.00   32.24     315.96    1974.17   -507.398        365.873         434542.800      6478929.269     0.00      
2160.00   32.24     315.96    1999.55   -518.523        377.377         434531.679      6478940.768     0.00      
2190.00   32.24     315.96    2024.93   -529.648        388.880         434520.557      6478952.268     0.00      
2220.00   32.24     315.96    2050.30   -540.773        400.384         434509.436      6478963.767     0.00      
2250.00   32.24     315.96    2075.68   -551.898        411.887         434498.315      6478975.267     0.00      
2280.00   32.24     315.96    2101.05   -563.024        423.390         434487.193      6478986.766     0.00      
2310.00   32.24     315.96    2126.43   -574.149        434.894         434476.072      6478998.265     0.00      
2340.00   32.24     315.96    2151.80   -585.274        446.397         434464.951      6479009.765     0.00      
2370.00   32.24     315.96    2177.18   -596.399        457.901         434453.829      6479021.264     0.00      
2400.00   32.24     315.96    2202.55   -607.524        469.404         434442.708      6479032.764     0.00      
2430.00   32.24     315.96    2227.93   -618.650        480.908         434431.587      6479044.263     0.00      
2460.00   32.24     315.96    2253.30   -629.775        492.411         434420.465      6479055.763     0.00      
2490.00   32.24     315.96    2278.68   -640.900        503.915         434409.344      6479067.262     0.00      
2520.00   32.24     315.96    2304.05   -652.025        515.418         434398.223      6479078.762     0.00      
2550.00   32.24     315.96    2329.43   -663.150        526.922         434387.102      6479090.261     0.00      
2580.00   32.24     315.96    2354.80   -674.276        538.425         434375.980      6479101.760     0.00      
2610.00   32.24     315.96    2380.18   -685.401        549.928         434364.859      6479113.260     0.00      
2640.00   32.24     315.96    2405.55   -696.526        561.432         434353.738      6479124.759     0.00      
2670.00   32.24     315.96    2430.93   -707.651        572.935         434342.616      6479136.259     0.00      
2700.00   32.24     315.96    2456.30   -718.776        584.439         434331.495      6479147.758     0.00      
2730.00   32.24     315.96    2481.68   -729.902        595.942         434320.374      6479159.258     0.00      
2760.00   32.24     315.96    2507.05   -741.027        607.446         434309.252      6479170.757     0.00      
2790.00   32.24     315.96    2532.43   -752.152        618.949         434298.131      6479182.257     0.00      
2820.00   32.24     315.96    2557.80   -763.277        630.453         434287.010      6479193.756     0.00      
2850.00   32.24     315.96    2583.18   -774.402        641.956         434275.888      6479205.256     0.00      
2880.00   32.24     315.96    2608.55   -785.528        653.460         434264.767      6479216.755     0.00      
2910.00   32.24     315.96    2633.93   -796.653        664.963         434253.646      6479228.254     0.00      
2940.00   32.24     315.96    2659.30   -807.778        676.467         434242.524      6479239.754     0.00      
2970.00   32.24     315.96    2684.68   -818.903        687.970         434231.403      6479251.253     0.00      
3000.00   32.24     315.96    2710.06   -830.028        699.473         434220.282      6479262.753     0.00      
3030.00   32.24     315.96    2735.43   -841.154        710.977         434209.160      6479274.252     0.00      
3060.00   32.24     315.96    2760.81   -852.279        722.480         434198.039      6479285.752     0.00      
3090.00   32.24     315.96    2786.18   -863.404        733.984         434186.918      6479297.251     0.00      
3112.89   32.24     315.96    2805.54   -871.894        742.762         434178.431      6479306.026     0.00      
3120.00   31.76     315.96    2811.57   -874.512        745.469         434175.814      6479308.733     2.00      
3150.00   29.76     315.96    2837.35   -885.179        756.499         434165.150      6479319.759     2.00      
3180.00   27.76     315.96    2863.65   -895.215        766.876         434155.118      6479330.132     2.00      
3210.00   25.76     315.96    2890.43   -904.606        776.586         434145.730      6479339.839     2.00      
3240.00   23.76     315.96    2917.67   -913.341        785.619         434136.998      6479348.868     2.00      
3270.00   21.76     315.96    2945.33   -921.411        793.963         434128.931      6479357.209     2.00      
3300.00   19.76     315.96    2973.38   -928.804        801.608         434121.540      6479364.852     2.00      
3330.00   17.76     315.96    3001.79   -935.513        808.544         434114.834      6479371.786     2.00      
3360.00   15.76     315.96    3030.51   -941.528        814.764         434108.821      6479378.003     2.00      
3390.00   13.76     315.96    3059.52   -946.843        820.259         434103.508      6479383.497     2.00      
3420.00   11.76     315.96    3088.77   -951.450        825.023         434098.902      6479388.259     2.00      
3450.00   9.76      315.96    3118.25   -955.345        829.051         434095.009      6479392.285     2.00      
3480.00   7.76      315.96    3147.89   -958.523        832.336         434091.832      6479395.570     2.00      
3510.00   5.76      315.96    3177.68   -960.979        834.876         434089.377      6479398.109     2.00      
3540.00   3.76      315.96    3207.58   -962.711        836.667         434087.645      6479399.899     2.00      
3570.00   1.76      315.96    3237.54   -963.717        837.707         434086.640      6479400.938     2.00      
3596.46   0.00      0.00      3264.00   -964.000        838.000         434086.357      6479401.231     2.00      
