HEADER INFORMATION (all units in Statoil default) 
----------------------------------------------------------------
COMPANY: Statoil Norway
FIELD: SLEIPNER
WELL NAME: F-2
WELLBORE NAME: F-2
Drilled From: Well Ref. Point
Kick Off Depth: 145.90m
Survey Name: F-2 Producer Most DRAFT FOR COST,MZ,211108
Survey Date: 21.11.2008
Extraction Date: 03.04.2018
----------------------------------------------------------------
Calculation Method: Minimum Curvature
Datum Name: Rotary Table(54.90m)
----------------------------------------------------------------
Surface EW: 435047.604m
Surface NS: 6478564.735m
Surface Latitude: 58° 26' 29.8447 N
Surface Longitude: 1° 53' 14.7783 E
Bottom Hole MD: 3131.12m
Bottom Hole TVD: 3094.90m
Bottom Hole EW: 435051.000m
Bottom Hole NS: 6479000.000m
----------------------------------------------------------------
Survey Program:  
H  146 - 3131 F-2 PRODUCER MOST DRAFT FOR COST,MZ,211108 : MAGNETIC, IFR, NON-MAG
----------------------------------------------------------------
Water Depth: 91.00m
KB-WH: 145.90m
KB-MSL: 54.90m
System Datum: Mean Sea Level
----------------------------------------------------------------
Map-Zone: Zone 31N (0 E to 6 E)
North Reference: Grid
Geo Datum: European 1950 - Mean
Vertical Section Direction: 0.45deg
----------------------------------------------------------------
SURVEY LIST
MD        Inc       Azim      TVD       X-Offset (E/W)  Y-Offset (N/S)  UTM E/W         UTM N/S         DLS
m RKB     deg       deg       m RKB     m               m               m               m               deg/30m
145.90    0.00      0.00      145.90    -2.418          1.212           435047.604      6478564.735     0.00      
150.00    0.00      0.00      150.00    -2.418          1.212           435047.604      6478564.735     0.00      
180.00    0.00      0.00      180.00    -2.418          1.212           435047.604      6478564.735     0.00      
210.00    0.00      0.00      210.00    -2.418          1.212           435047.604      6478564.735     0.00      
240.00    0.00      0.00      240.00    -2.418          1.212           435047.604      6478564.735     0.00      
270.00    0.00      0.00      270.00    -2.418          1.212           435047.604      6478564.735     0.00      
300.00    0.00      0.00      300.00    -2.418          1.212           435047.604      6478564.735     0.00      
330.00    0.00      0.00      330.00    -2.418          1.212           435047.604      6478564.735     0.00      
360.00    0.00      0.00      360.00    -2.418          1.212           435047.604      6478564.735     0.00      
390.00    0.00      0.00      390.00    -2.418          1.212           435047.604      6478564.735     0.00      
400.00    0.00      0.00      400.00    -2.418          1.212           435047.604      6478564.735     0.00      
420.00    0.67      0.00      420.00    -2.418          1.329           435047.604      6478564.851     1.00      
450.00    1.67      0.00      449.99    -2.418          1.940           435047.604      6478565.462     1.00      
480.00    2.67      0.00      479.97    -2.418          3.074           435047.604      6478566.596     1.00      
510.00    3.67      0.00      509.92    -2.418          4.731           435047.604      6478568.252     1.00      
540.00    4.67      0.00      539.85    -2.418          6.911           435047.604      6478570.431     1.00      
570.00    5.67      0.00      569.72    -2.418          9.612           435047.604      6478573.132     1.00      
600.00    6.67      0.00      599.55    -2.418          12.835          435047.604      6478576.353     1.00      
630.00    7.67      0.00      629.31    -2.418          16.577          435047.604      6478580.095     1.00      
640.00    8.00      0.00      639.22    -2.418          17.940          435047.604      6478581.457     1.00      
660.00    9.33      0.38      658.99    -2.407          20.954          435047.615      6478584.469     2.00      
665.29    9.68      0.47      664.21    -2.401          21.828          435047.621      6478585.343     2.00      
690.00    9.68      0.47      688.57    -2.367          25.984          435047.655      6478589.498     0.00      
720.00    9.68      0.47      718.14    -2.326          31.031          435047.696      6478594.543     0.00      
750.00    9.68      0.47      747.71    -2.284          36.077          435047.737      6478599.588     0.00      
780.00    9.68      0.47      777.28    -2.243          41.124          435047.778      6478604.633     0.00      
810.00    9.68      0.47      806.86    -2.202          46.171          435047.819      6478609.678     0.00      
840.00    9.68      0.47      836.43    -2.161          51.217          435047.861      6478614.722     0.00      
870.00    9.68      0.47      866.00    -2.120          56.264          435047.902      6478619.767     0.00      
900.00    9.68      0.47      895.57    -2.079          61.310          435047.943      6478624.812     0.00      
930.00    9.68      0.47      925.15    -2.038          66.357          435047.984      6478629.857     0.00      
960.00    9.68      0.47      954.72    -1.997          71.404          435048.025      6478634.902     0.00      
990.00    9.68      0.47      984.29    -1.955          76.450          435048.066      6478639.947     0.00      
1020.00   9.68      0.47      1013.86   -1.914          81.497          435048.107      6478644.991     0.00      
1050.00   9.68      0.47      1043.44   -1.873          86.543          435048.148      6478650.036     0.00      
1080.00   9.68      0.47      1073.01   -1.832          91.590          435048.190      6478655.081     0.00      
1110.00   9.68      0.47      1102.58   -1.791          96.637          435048.231      6478660.126     0.00      
1140.00   9.68      0.47      1132.15   -1.750          101.683         435048.272      6478665.171     0.00      
1170.00   9.68      0.47      1161.73   -1.709          106.730         435048.313      6478670.216     0.00      
1200.00   9.68      0.47      1191.30   -1.667          111.776         435048.354      6478675.260     0.00      
1230.00   9.68      0.47      1220.87   -1.626          116.823         435048.395      6478680.305     0.00      
1260.00   9.68      0.47      1250.44   -1.585          121.869         435048.436      6478685.350     0.00      
1290.00   9.68      0.47      1280.02   -1.544          126.916         435048.477      6478690.395     0.00      
1320.00   9.68      0.47      1309.59   -1.503          131.963         435048.518      6478695.440     0.00      
1350.00   9.68      0.47      1339.16   -1.462          137.009         435048.560      6478700.485     0.00      
1380.00   9.68      0.47      1368.73   -1.421          142.056         435048.601      6478705.529     0.00      
1410.00   9.68      0.47      1398.31   -1.380          147.102         435048.642      6478710.574     0.00      
1440.00   9.68      0.47      1427.88   -1.338          152.149         435048.683      6478715.619     0.00      
1470.00   9.68      0.47      1457.45   -1.297          157.196         435048.724      6478720.664     0.00      
1500.00   9.68      0.47      1487.02   -1.256          162.242         435048.765      6478725.709     0.00      
1530.00   9.68      0.47      1516.60   -1.215          167.289         435048.806      6478730.754     0.00      
1560.00   9.68      0.47      1546.17   -1.174          172.335         435048.847      6478735.798     0.00      
1590.00   9.68      0.47      1575.74   -1.133          177.382         435048.889      6478740.843     0.00      
1620.00   9.68      0.47      1605.31   -1.092          182.429         435048.930      6478745.888     0.00      
1650.00   9.68      0.47      1634.89   -1.050          187.475         435048.971      6478750.933     0.00      
1680.00   9.68      0.47      1664.46   -1.009          192.522         435049.012      6478755.978     0.00      
1710.00   9.68      0.47      1694.03   -0.968          197.568         435049.053      6478761.022     0.00      
1740.00   9.68      0.47      1723.60   -0.927          202.615         435049.094      6478766.067     0.00      
1770.00   9.68      0.47      1753.18   -0.886          207.661         435049.135      6478771.112     0.00      
1800.00   9.68      0.47      1782.75   -0.845          212.708         435049.176      6478776.157     0.00      
1830.00   9.68      0.47      1812.32   -0.804          217.755         435049.217      6478781.202     0.00      
1860.00   9.68      0.47      1841.89   -0.763          222.801         435049.259      6478786.247     0.00      
1890.00   9.68      0.47      1871.47   -0.721          227.848         435049.300      6478791.291     0.00      
1920.00   9.68      0.47      1901.04   -0.680          232.894         435049.341      6478796.336     0.00      
1950.00   9.68      0.47      1930.61   -0.639          237.941         435049.382      6478801.381     0.00      
1980.00   9.68      0.47      1960.18   -0.598          242.988         435049.423      6478806.426     0.00      
2010.00   9.68      0.47      1989.76   -0.557          248.034         435049.464      6478811.471     0.00      
2040.00   9.68      0.47      2019.33   -0.516          253.081         435049.505      6478816.516     0.00      
2070.00   9.68      0.47      2048.90   -0.475          258.127         435049.546      6478821.560     0.00      
2100.00   9.68      0.47      2078.47   -0.433          263.174         435049.588      6478826.605     0.00      
2130.00   9.68      0.47      2108.05   -0.392          268.221         435049.629      6478831.650     0.00      
2160.00   9.68      0.47      2137.62   -0.351          273.267         435049.670      6478836.695     0.00      
2190.00   9.68      0.47      2167.19   -0.310          278.314         435049.711      6478841.740     0.00      
2220.00   9.68      0.47      2196.76   -0.269          283.360         435049.752      6478846.785     0.00      
2250.00   9.68      0.47      2226.34   -0.228          288.407         435049.793      6478851.829     0.00      
2280.00   9.68      0.47      2255.91   -0.187          293.453         435049.834      6478856.874     0.00      
2310.00   9.68      0.47      2285.48   -0.146          298.500         435049.875      6478861.919     0.00      
2340.00   9.68      0.47      2315.05   -0.104          303.547         435049.917      6478866.964     0.00      
2370.00   9.68      0.47      2344.62   -0.063          308.593         435049.958      6478872.009     0.00      
2400.00   9.68      0.47      2374.20   -0.022          313.640         435049.999      6478877.054     0.00      
2430.00   9.68      0.47      2403.77   0.019           318.686         435050.040      6478882.098     0.00      
2460.00   9.68      0.47      2433.34   0.060           323.733         435050.081      6478887.143     0.00      
2490.00   9.68      0.47      2462.91   0.101           328.780         435050.122      6478892.188     0.00      
2520.00   9.68      0.47      2492.49   0.142           333.826         435050.163      6478897.233     0.00      
2550.00   9.68      0.47      2522.06   0.183           338.873         435050.204      6478902.278     0.00      
2580.00   9.68      0.47      2551.63   0.225           343.919         435050.245      6478907.323     0.00      
2610.00   9.68      0.47      2581.20   0.266           348.966         435050.287      6478912.367     0.00      
2640.00   9.68      0.47      2610.78   0.307           354.013         435050.328      6478917.412     0.00      
2670.00   9.68      0.47      2640.35   0.348           359.059         435050.369      6478922.457     0.00      
2700.00   9.68      0.47      2669.92   0.389           364.106         435050.410      6478927.502     0.00      
2730.00   9.68      0.47      2699.49   0.430           369.152         435050.451      6478932.547     0.00      
2760.00   9.68      0.47      2729.07   0.471           374.199         435050.492      6478937.592     0.00      
2790.00   9.68      0.47      2758.64   0.513           379.245         435050.533      6478942.636     0.00      
2820.00   9.68      0.47      2788.21   0.554           384.292         435050.574      6478947.681     0.00      
2850.00   9.68      0.47      2817.78   0.595           389.339         435050.616      6478952.726     0.00      
2880.00   9.68      0.47      2847.36   0.636           394.385         435050.657      6478957.771     0.00      
2910.00   9.68      0.47      2876.93   0.677           399.432         435050.698      6478962.816     0.00      
2940.00   9.68      0.47      2906.50   0.718           404.478         435050.739      6478967.861     0.00      
2970.00   9.68      0.47      2936.07   0.759           409.525         435050.780      6478972.905     0.00      
3000.00   9.68      0.47      2965.65   0.800           414.572         435050.821      6478977.950     0.00      
3030.00   9.68      0.47      2995.22   0.842           419.618         435050.862      6478982.995     0.00      
3060.00   9.68      0.47      3024.79   0.883           424.665         435050.903      6478988.040     0.00      
3090.00   9.68      0.47      3054.36   0.924           429.711         435050.944      6478993.085     0.00      
3120.00   9.68      0.47      3083.94   0.965           434.758         435050.986      6478998.130     0.00      
3129.92   9.68      0.47      3093.72   0.979           436.427         435050.999      6478999.798     0.00      
3131.12   9.70      0.00      3094.90   0.979           436.629         435051.000      6479000.000     2.00      
