HEADER INFORMATION (all units in Statoil default) 
----------------------------------------------------------------
COMPANY: Statoil Norway
FIELD: SLEIPNER
WELL NAME: F-2
WELLBORE NAME: F-2
Drilled From: Well Ref. Point
Kick Off Depth: 145.90m
Survey Name: F-2 Injector Most DRAFT FOR COST ,MZ,211108
Survey Date: 21.11.2008
Extraction Date: 03.04.2018
----------------------------------------------------------------
Calculation Method: Minimum Curvature
Datum Name: Rotary Table(54.90m)
----------------------------------------------------------------
Surface EW: 435047.604m
Surface NS: 6478564.735m
Surface Latitude: 58° 26' 29.8447 N
Surface Longitude: 1° 53' 14.7783 E
Bottom Hole MD: 3545.30m
Bottom Hole TVD: 3335.17m
Bottom Hole EW: 434700.961m
Bottom Hole NS: 6479600.106m
----------------------------------------------------------------
Survey Program:  
H  146 - 3545 F-2 INJECTOR MOST DRAFT FOR COST ,MZ,211108 : MAGNETIC, IFR, NON-MAG
----------------------------------------------------------------
Water Depth: 91.00m
KB-WH: 145.90m
KB-MSL: 54.90m
System Datum: Mean Sea Level
----------------------------------------------------------------
Map-Zone: Zone 31N (0 E to 6 E)
North Reference: Grid
Geo Datum: European 1950 - Mean
Vertical Section Direction: 341.49deg
----------------------------------------------------------------
SURVEY LIST
MD        Inc       Azim      TVD       X-Offset (E/W)  Y-Offset (N/S)  UTM E/W         UTM N/S         DLS
m RKB     deg       deg       m RKB     m               m               m               m               deg/30m
145.90    0.00      0.00      145.90    -2.418          1.212           435047.604      6478564.735     0.00      
150.00    0.00      0.00      150.00    -2.418          1.212           435047.604      6478564.735     0.00      
180.00    0.00      0.00      180.00    -2.418          1.212           435047.604      6478564.735     0.00      
210.00    0.00      0.00      210.00    -2.418          1.212           435047.604      6478564.735     0.00      
240.00    0.00      0.00      240.00    -2.418          1.212           435047.604      6478564.735     0.00      
270.00    0.00      0.00      270.00    -2.418          1.212           435047.604      6478564.735     0.00      
300.00    0.00      0.00      300.00    -2.418          1.212           435047.604      6478564.735     0.00      
330.00    0.00      0.00      330.00    -2.418          1.212           435047.604      6478564.735     0.00      
360.00    0.00      0.00      360.00    -2.418          1.212           435047.604      6478564.735     0.00      
390.00    0.00      0.00      390.00    -2.418          1.212           435047.604      6478564.735     0.00      
400.00    0.00      0.00      400.00    -2.418          1.212           435047.604      6478564.735     0.00      
420.00    0.67      0.00      420.00    -2.418          1.329           435047.604      6478564.851     1.00      
450.00    1.67      0.00      449.99    -2.418          1.940           435047.604      6478565.462     1.00      
480.00    2.67      0.00      479.97    -2.418          3.074           435047.604      6478566.596     1.00      
510.00    3.67      0.00      509.92    -2.418          4.731           435047.604      6478568.252     1.00      
540.00    4.67      0.00      539.85    -2.418          6.911           435047.604      6478570.431     1.00      
570.00    5.67      0.00      569.72    -2.418          9.612           435047.604      6478573.132     1.00      
600.00    6.67      0.00      599.55    -2.418          12.835          435047.604      6478576.353     1.00      
630.00    7.67      0.00      629.31    -2.418          16.577          435047.604      6478580.095     1.00      
640.00    8.00      0.00      639.22    -2.418          17.940          435047.604      6478581.457     1.00      
660.00    9.19      355.99    659.00    -2.530          20.926          435047.492      6478584.441     2.00      
690.00    11.04     351.62    688.53    -3.116          26.158          435046.906      6478589.672     2.00      
720.00    12.93     348.50    717.87    -4.204          32.291          435045.819      6478595.802     2.00      
750.00    14.85     346.18    746.99    -5.792          39.315          435044.231      6478602.824     2.00      
780.00    16.79     344.37    775.86    -7.878          47.223          435042.146      6478610.730     2.00      
810.00    18.74     342.93    804.42    -10.460         56.005          435039.564      6478619.509     2.00      
840.00    20.70     341.76    832.66    -13.536         65.651          435036.490      6478629.151     2.00      
864.84    22.33     340.93    855.78    -16.453         74.284          435033.574      6478637.781     2.00      
870.00    22.33     340.93    860.54    -17.092         76.135          435032.934      6478639.632     0.00      
900.00    22.33     340.93    888.29    -20.816         86.910          435029.212      6478650.403     0.00      
930.00    22.33     340.93    916.04    -24.540         97.684          435025.490      6478661.173     0.00      
960.00    22.33     340.93    943.79    -28.264         108.458         435021.767      6478671.944     0.00      
990.00    22.33     340.93    971.54    -31.987         119.233         435018.045      6478682.714     0.00      
1020.00   22.33     340.93    999.29    -35.711         130.007         435014.322      6478693.485     0.00      
1050.00   22.33     340.93    1027.04   -39.435         140.781         435010.600      6478704.255     0.00      
1080.00   22.33     340.93    1054.79   -43.159         151.556         435006.877      6478715.026     0.00      
1110.00   22.33     340.93    1082.54   -46.882         162.330         435003.155      6478725.796     0.00      
1140.00   22.33     340.93    1110.29   -50.606         173.104         434999.432      6478736.567     0.00      
1170.00   22.33     340.93    1138.04   -54.330         183.878         434995.710      6478747.337     0.00      
1200.00   22.33     340.93    1165.79   -58.054         194.653         434991.987      6478758.108     0.00      
1230.00   22.33     340.93    1193.54   -61.777         205.427         434988.265      6478768.879     0.00      
1260.00   22.33     340.93    1221.29   -65.501         216.201         434984.543      6478779.649     0.00      
1290.00   22.33     340.93    1249.04   -69.225         226.976         434980.820      6478790.420     0.00      
1320.00   22.33     340.93    1276.79   -72.949         237.750         434977.098      6478801.190     0.00      
1350.00   22.33     340.93    1304.54   -76.672         248.524         434973.375      6478811.961     0.00      
1380.00   22.33     340.93    1332.29   -80.396         259.299         434969.653      6478822.731     0.00      
1410.00   22.33     340.93    1360.04   -84.120         270.073         434965.930      6478833.502     0.00      
1440.00   22.33     340.93    1387.79   -87.844         280.847         434962.208      6478844.272     0.00      
1470.00   22.33     340.93    1415.54   -91.567         291.621         434958.485      6478855.043     0.00      
1500.00   22.33     340.93    1443.29   -95.291         302.396         434954.763      6478865.813     0.00      
1530.00   22.33     340.93    1471.04   -99.015         313.170         434951.040      6478876.584     0.00      
1560.00   22.33     340.93    1498.79   -102.739        323.944         434947.318      6478887.355     0.00      
1590.00   22.33     340.93    1526.54   -106.462        334.719         434943.596      6478898.125     0.00      
1620.00   22.33     340.93    1554.29   -110.186        345.493         434939.873      6478908.896     0.00      
1650.00   22.33     340.93    1582.04   -113.910        356.267         434936.151      6478919.666     0.00      
1680.00   22.33     340.93    1609.79   -117.634        367.042         434932.428      6478930.437     0.00      
1710.00   22.33     340.93    1637.54   -121.357        377.816         434928.706      6478941.207     0.00      
1740.00   22.33     340.93    1665.29   -125.081        388.590         434924.983      6478951.978     0.00      
1770.00   22.33     340.93    1693.04   -128.805        399.364         434921.261      6478962.748     0.00      
1800.00   22.33     340.93    1720.79   -132.529        410.139         434917.538      6478973.519     0.00      
1830.00   22.33     340.93    1748.54   -136.252        420.913         434913.816      6478984.289     0.00      
1860.00   22.33     340.93    1776.29   -139.976        431.687         434910.093      6478995.060     0.00      
1890.00   22.33     340.93    1804.04   -143.700        442.462         434906.371      6479005.831     0.00      
1920.00   22.33     340.93    1831.79   -147.424        453.236         434902.649      6479016.601     0.00      
1950.00   22.33     340.93    1859.53   -151.147        464.010         434898.926      6479027.372     0.00      
1980.00   22.33     340.93    1887.28   -154.871        474.785         434895.204      6479038.142     0.00      
2010.00   22.33     340.93    1915.03   -158.595        485.559         434891.481      6479048.913     0.00      
2040.00   22.33     340.93    1942.78   -162.319        496.333         434887.759      6479059.683     0.00      
2070.00   22.33     340.93    1970.53   -166.042        507.107         434884.036      6479070.454     0.00      
2100.00   22.33     340.93    1998.28   -169.766        517.882         434880.314      6479081.224     0.00      
2130.00   22.33     340.93    2026.03   -173.490        528.656         434876.591      6479091.995     0.00      
2160.00   22.33     340.93    2053.78   -177.214        539.430         434872.869      6479102.765     0.00      
2190.00   22.33     340.93    2081.53   -180.937        550.205         434869.146      6479113.536     0.00      
2220.00   22.33     340.93    2109.28   -184.661        560.979         434865.424      6479124.306     0.00      
2250.00   22.33     340.93    2137.03   -188.385        571.753         434861.702      6479135.077     0.00      
2280.00   22.33     340.93    2164.78   -192.109        582.527         434857.979      6479145.848     0.00      
2310.00   22.33     340.93    2192.53   -195.832        593.302         434854.257      6479156.618     0.00      
2340.00   22.33     340.93    2220.28   -199.556        604.076         434850.534      6479167.389     0.00      
2370.00   22.33     340.93    2248.03   -203.280        614.850         434846.812      6479178.159     0.00      
2400.00   22.33     340.93    2275.78   -207.004        625.625         434843.089      6479188.930     0.00      
2430.00   22.33     340.93    2303.53   -210.728        636.399         434839.367      6479199.700     0.00      
2460.00   22.33     340.93    2331.28   -214.451        647.173         434835.644      6479210.471     0.00      
2490.00   22.33     340.93    2359.03   -218.175        657.948         434831.922      6479221.241     0.00      
2520.00   22.33     340.93    2386.78   -221.899        668.722         434828.199      6479232.012     0.00      
2550.00   22.33     340.93    2414.53   -225.623        679.496         434824.477      6479242.782     0.00      
2580.00   22.33     340.93    2442.28   -229.346        690.270         434820.755      6479253.553     0.00      
2610.00   22.33     340.93    2470.03   -233.070        701.045         434817.032      6479264.324     0.00      
2640.00   22.33     340.93    2497.78   -236.794        711.819         434813.310      6479275.094     0.00      
2670.00   22.33     340.93    2525.53   -240.518        722.593         434809.587      6479285.865     0.00      
2700.00   22.33     340.93    2553.28   -244.241        733.368         434805.865      6479296.635     0.00      
2730.00   22.33     340.93    2581.03   -247.965        744.142         434802.142      6479307.406     0.00      
2760.00   22.33     340.93    2608.78   -251.689        754.916         434798.420      6479318.176     0.00      
2790.00   22.33     340.93    2636.53   -255.413        765.691         434794.697      6479328.947     0.00      
2820.00   22.33     340.93    2664.28   -259.136        776.465         434790.975      6479339.717     0.00      
2850.00   22.33     340.93    2692.03   -262.860        787.239         434787.252      6479350.488     0.00      
2880.00   22.33     340.93    2719.78   -266.584        798.013         434783.530      6479361.258     0.00      
2910.00   22.33     340.93    2747.53   -270.308        808.788         434779.808      6479372.029     0.00      
2940.00   22.33     340.93    2775.28   -274.031        819.562         434776.085      6479382.800     0.00      
2970.00   22.33     340.93    2803.03   -277.755        830.336         434772.363      6479393.570     0.00      
3000.00   22.33     340.93    2830.78   -281.479        841.111         434768.640      6479404.341     0.00      
3030.00   22.33     340.93    2858.53   -285.203        851.885         434764.918      6479415.111     0.00      
3060.00   22.33     340.93    2886.28   -288.926        862.659         434761.195      6479425.882     0.00      
3090.00   22.33     340.93    2914.03   -292.650        873.434         434757.473      6479436.652     0.00      
3120.00   22.33     340.93    2941.77   -296.374        884.208         434753.750      6479447.423     0.00      
3150.00   22.33     340.93    2969.52   -300.098        894.982         434750.028      6479458.193     0.00      
3180.00   22.33     340.93    2997.27   -303.821        905.756         434746.305      6479468.964     0.00      
3210.00   22.33     340.93    3025.02   -307.545        916.531         434742.583      6479479.734     0.00      
3240.00   22.33     340.93    3052.77   -311.269        927.305         434738.861      6479490.505     0.00      
3270.00   22.33     340.93    3080.52   -314.993        938.079         434735.138      6479501.276     0.00      
3300.00   22.33     340.93    3108.27   -318.716        948.854         434731.416      6479512.046     0.00      
3330.00   22.33     340.93    3136.02   -322.440        959.628         434727.693      6479522.817     0.00      
3360.00   22.33     340.93    3163.77   -326.164        970.402         434723.971      6479533.587     0.00      
3390.00   22.33     340.93    3191.52   -329.888        981.176         434720.248      6479544.358     0.00      
3420.00   22.33     340.93    3219.27   -333.611        991.951         434716.526      6479555.128     0.00      
3450.00   22.33     340.93    3247.02   -337.335        1002.725        434712.803      6479565.899     0.00      
3480.00   22.33     340.93    3274.77   -341.059        1013.499        434709.081      6479576.669     0.00      
3510.00   22.33     340.93    3302.52   -344.783        1024.274        434705.358      6479587.440     0.00      
3539.66   22.33     340.93    3329.96   -348.464        1034.926        434701.678      6479598.088     0.00      
3540.00   22.33     340.87    3330.27   -348.506        1035.048        434701.636      6479598.210     2.00      
3545.00   22.30     340.00    3334.90   -349.143        1036.838        434701.000      6479600.000     2.00      
3545.30   22.30     340.00    3335.17   -349.181        1036.944        434700.961      6479600.106     0.00      
