HEADER INFORMATION (all units in Statoil default) 
----------------------------------------------------------------
COMPANY: Statoil Norway
FIELD: SLEIPNER
WELL NAME: F-2
WELLBORE NAME: F-2
Drilled From: Well Ref. Point
Kick Off Depth: 145.90m
Survey Name: F-2 rev#1 STGAL 141015
Survey Date: 14.10.2015
Extraction Date: 03.04.2018
----------------------------------------------------------------
Calculation Method: Minimum Curvature
Datum Name: Rotary Table(54.90m)
----------------------------------------------------------------
Surface EW: 435047.604m
Surface NS: 6478564.735m
Surface Latitude: 58° 26' 29.8447 N
Surface Longitude: 1° 53' 14.7783 E
Bottom Hole MD: 3925.74m
Bottom Hole TVD: 3088.00m
Bottom Hole EW: 435474.999m
Bottom Hole NS: 6479446.005m
----------------------------------------------------------------
Survey Program:  
H  146 - 220 F-2 REV#1 STGAL 141015 : INCLINATION ONLY
H  220 - 550 F-2 REV#1 STGAL 141015 : KEEPER, SIGHTLINE
H  550 - 670 F-2 REV#1 STGAL 141015 : NOT_USEMWD GYRO, BAKER HUGHES(GYROTRAK)
H  670 - 1334 F-2 REV#1 STGAL 141015 : MAGN, IFR, MAG-CORR, REDUCED QC
H  1334 - 2457 F-2 REV#1 STGAL 141015 : MAGN, IFR, MAG-CORR, RED QC, MSA DUAL IN
H  2457 - 2979 F-2 REV#1 STGAL 141015 : MAGN, IFR, MAG-CORR, RED QC, MSA DUAL IN
H  2979 - 3926 F-2 REV#1 STGAL 141015 : MAGN, IFR, MAG-CORR, RED QC, MSA DUAL IN
----------------------------------------------------------------
Water Depth: 91.00m
KB-WH: 145.90m
KB-MSL: 54.90m
System Datum: Mean Sea Level
----------------------------------------------------------------
Map-Zone: Zone 31N (0 E to 6 E)
North Reference: Grid
Geo Datum: European 1950 - Mean
Vertical Section Direction: 25.87deg
----------------------------------------------------------------
SURVEY LIST
MD        Inc       Azim      TVD       X-Offset (E/W)  Y-Offset (N/S)  UTM E/W         UTM N/S         DLS
m RKB     deg       deg       m RKB     m               m               m               m               deg/30m
145.90    0.00      0.00      145.90    -2.418          1.212           435047.604      6478564.735     0.00      
150.00    0.00      0.00      150.00    -2.418          1.212           435047.604      6478564.735     0.00      
180.00    0.00      0.00      180.00    -2.418          1.212           435047.604      6478564.735     0.00      
210.00    0.00      0.00      210.00    -2.418          1.212           435047.604      6478564.735     0.00      
240.00    0.00      0.00      240.00    -2.418          1.212           435047.604      6478564.735     0.00      
245.90    0.00      0.00      245.90    -2.418          1.212           435047.604      6478564.735     0.00      
270.00    0.40      210.00    270.00    -2.460          1.139           435047.562      6478564.662     0.50      
300.00    0.90      210.00    300.00    -2.631          0.844           435047.391      6478564.366     0.50      
330.00    1.40      210.00    329.99    -2.932          0.322           435047.090      6478563.844     0.50      
360.00    1.90      210.00    359.98    -3.365          -0.427          435046.657      6478563.096     0.50      
365.90    2.00      210.00    365.88    -3.465          -0.601          435046.557      6478562.922     0.50      
390.00    2.80      210.00    389.95    -3.970          -1.476          435046.052      6478562.048     1.00      
420.00    3.80      210.00    419.90    -4.834          -2.973          435045.188      6478560.551     1.00      
450.00    4.80      210.00    449.82    -5.960          -4.922          435044.063      6478558.602     1.00      
455.90    5.00      210.00    455.70    -6.212          -5.359          435043.811      6478558.166     1.00      
480.00    5.00      210.00    479.71    -7.262          -7.178          435042.761      6478556.348     0.00      
510.00    5.00      210.00    509.59    -8.569          -9.442          435041.454      6478554.084     0.00      
540.00    5.00      210.00    539.48    -9.877          -11.707         435040.148      6478551.820     0.00      
570.00    5.00      210.00    569.36    -11.184         -13.971         435038.841      6478549.557     0.00      
600.00    5.00      210.00    599.25    -12.491         -16.235         435037.534      6478547.293     0.00      
630.00    5.00      210.00    629.13    -13.799         -18.500         435036.227      6478545.030     0.00      
660.00    5.00      210.00    659.02    -15.106         -20.764         435034.920      6478542.766     0.00      
690.00    5.00      210.00    688.91    -16.413         -23.029         435033.613      6478540.502     0.00      
720.00    5.00      210.00    718.79    -17.721         -25.293         435032.306      6478538.239     0.00      
750.00    5.00      210.00    748.68    -19.028         -27.557         435030.999      6478535.975     0.00      
780.00    5.00      210.00    778.56    -20.335         -29.822         435029.692      6478533.712     0.00      
810.00    5.00      210.00    808.45    -21.643         -32.086         435028.386      6478531.448     0.00      
840.00    5.00      210.00    838.34    -22.950         -34.350         435027.079      6478529.185     0.00      
870.00    5.00      210.00    868.22    -24.258         -36.615         435025.772      6478526.921     0.00      
900.00    5.00      210.00    898.11    -25.565         -38.879         435024.465      6478524.657     0.00      
930.00    5.00      210.00    927.99    -26.872         -41.144         435023.158      6478522.394     0.00      
960.00    5.00      210.00    957.88    -28.180         -43.408         435021.851      6478520.130     0.00      
990.00    5.00      210.00    987.77    -29.487         -45.672         435020.544      6478517.867     0.00      
1020.00   5.00      210.00    1017.65   -30.794         -47.937         435019.237      6478515.603     0.00      
1050.00   5.00      210.00    1047.54   -32.102         -50.201         435017.931      6478513.339     0.00      
1080.00   5.00      210.00    1077.42   -33.409         -52.465         435016.624      6478511.076     0.00      
1110.00   5.00      210.00    1107.31   -34.716         -54.730         435015.317      6478508.812     0.00      
1140.00   5.00      210.00    1137.19   -36.024         -56.994         435014.010      6478506.549     0.00      
1170.00   5.00      210.00    1167.08   -37.331         -59.259         435012.703      6478504.285     0.00      
1200.00   5.00      210.00    1196.97   -38.638         -61.523         435011.396      6478502.022     0.00      
1230.00   5.00      210.00    1226.85   -39.946         -63.787         435010.089      6478499.758     0.00      
1260.00   5.00      210.00    1256.74   -41.253         -66.052         435008.782      6478497.494     0.00      
1290.00   5.00      210.00    1286.62   -42.560         -68.316         435007.476      6478495.231     0.00      
1320.00   5.00      210.00    1316.51   -43.868         -70.580         435006.169      6478492.967     0.00      
1350.00   5.00      210.00    1346.40   -45.175         -72.845         435004.862      6478490.704     0.00      
1380.00   5.00      210.00    1376.28   -46.482         -75.109         435003.555      6478488.440     0.00      
1410.00   5.00      210.00    1406.17   -47.790         -77.374         435002.248      6478486.176     0.00      
1440.00   5.00      210.00    1436.05   -49.097         -79.638         435000.941      6478483.913     0.00      
1470.00   5.00      210.00    1465.94   -50.404         -81.902         434999.634      6478481.649     0.00      
1500.00   5.00      210.00    1495.82   -51.712         -84.167         434998.327      6478479.386     0.00      
1530.00   5.00      210.00    1525.71   -53.019         -86.431         434997.020      6478477.122     0.00      
1560.00   5.00      210.00    1555.60   -54.326         -88.695         434995.714      6478474.859     0.00      
1590.00   5.00      210.00    1585.48   -55.634         -90.960         434994.407      6478472.595     0.00      
1620.00   5.00      210.00    1615.37   -56.941         -93.224         434993.100      6478470.331     0.00      
1650.00   5.00      210.00    1645.25   -58.248         -95.488         434991.793      6478468.068     0.00      
1680.00   5.00      210.00    1675.14   -59.556         -97.753         434990.486      6478465.804     0.00      
1710.00   5.00      210.00    1705.03   -60.863         -100.017        434989.179      6478463.541     0.00      
1740.00   5.00      210.00    1734.91   -62.170         -102.282        434987.872      6478461.277     0.00      
1770.00   5.00      210.00    1764.80   -63.478         -104.546        434986.565      6478459.013     0.00      
1800.00   5.00      210.00    1794.68   -64.785         -106.810        434985.259      6478456.750     0.00      
1830.00   5.00      210.00    1824.57   -66.092         -109.075        434983.952      6478454.486     0.00      
1860.00   5.00      210.00    1854.45   -67.400         -111.339        434982.645      6478452.223     0.00      
1890.00   5.00      210.00    1884.34   -68.707         -113.603        434981.338      6478449.959     0.00      
1920.00   5.00      210.00    1914.23   -70.014         -115.868        434980.031      6478447.696     0.00      
1950.00   5.00      210.00    1944.11   -71.322         -118.132        434978.724      6478445.432     0.00      
1980.00   5.00      210.00    1974.00   -72.629         -120.397        434977.417      6478443.168     0.00      
2010.00   5.00      210.00    2003.88   -73.936         -122.661        434976.110      6478440.905     0.00      
2040.00   5.00      210.00    2033.77   -75.244         -124.925        434974.803      6478438.641     0.00      
2070.00   5.00      210.00    2063.66   -76.551         -127.190        434973.497      6478436.378     0.00      
2100.00   5.00      210.00    2093.54   -77.858         -129.454        434972.190      6478434.114     0.00      
2130.00   5.00      210.00    2123.43   -79.166         -131.718        434970.883      6478431.850     0.00      
2160.00   5.00      210.00    2153.31   -80.473         -133.983        434969.576      6478429.587     0.00      
2190.00   5.00      210.00    2183.20   -81.780         -136.247        434968.269      6478427.323     0.00      
2220.00   5.00      210.00    2213.08   -83.088         -138.512        434966.962      6478425.060     0.00      
2250.00   5.00      210.00    2242.97   -84.395         -140.776        434965.655      6478422.796     0.00      
2280.00   5.00      210.00    2272.86   -85.702         -143.040        434964.348      6478420.533     0.00      
2310.00   5.00      210.00    2302.74   -87.010         -145.305        434963.042      6478418.269     0.00      
2319.90   5.00      210.00    2312.60   -87.441         -146.052        434962.610      6478417.522     0.00      
2340.00   3.33      211.04    2332.65   -88.180         -147.310        434961.872      6478416.264     2.50      
2370.00   0.84      220.28    2362.63   -88.771         -148.224        434961.281      6478415.350     2.50      
2400.00   1.69      21.83     2392.63   -88.749         -147.982        434961.303      6478415.593     2.50      
2430.00   4.18      25.49     2422.58   -88.114         -146.584        434961.938      6478416.990     2.50      
2460.00   6.68      26.41     2452.45   -86.867         -144.033        434963.184      6478419.540     2.50      
2490.00   9.18      26.83     2482.16   -85.010         -140.335        434965.040      6478423.237     2.50      
2520.00   11.68     27.07     2511.66   -82.548         -135.495        434967.502      6478428.076     2.50      
2550.00   14.18     27.23     2540.90   -79.484         -129.523        434970.565      6478434.045     2.50      
2580.00   16.68     27.34     2569.81   -75.824         -122.430        434974.223      6478441.135     2.50      
2610.00   19.18     27.43     2598.35   -71.576         -114.231        434978.470      6478449.332     2.50      
2640.00   21.68     27.49     2626.46   -66.747         -104.940        434983.297      6478458.619     2.50      
2670.00   24.18     27.54     2654.09   -61.348         -94.576         434988.695      6478468.980     2.50      
2700.00   26.68     27.59     2681.18   -55.387         -83.158         434994.654      6478480.394     2.50      
2730.00   29.18     27.62     2707.69   -48.876         -70.707         435001.162      6478492.841     2.50      
2760.00   31.68     27.65     2733.55   -41.828         -57.248         435008.207      6478506.295     2.50      
2790.00   34.18     27.68     2758.73   -34.257         -42.806         435015.776      6478520.732     2.50      
2820.00   36.68     27.70     2783.17   -26.175         -27.408         435023.855      6478536.124     2.50      
2850.00   39.18     27.72     2806.84   -17.600         -11.085         435032.427      6478552.442     2.50      
2880.00   41.68     27.74     2829.67   -8.547          6.134           435041.476      6478569.655     2.50      
2910.00   44.18     27.76     2851.64   0.966           24.215          435050.987      6478587.729     2.50      
2940.00   46.68     27.78     2872.69   10.922          43.123          435060.939      6478606.631     2.50      
2970.00   49.18     27.79     2892.79   21.301          62.824          435071.314      6478626.325     2.50      
3000.00   51.68     27.80     2911.90   32.084          83.279          435082.094      6478646.773     2.50      
3030.00   54.18     27.81     2929.98   43.250          104.449         435093.256      6478667.936     2.50      
3060.00   56.68     27.83     2947.00   54.778          126.295         435104.780      6478689.774     2.50      
3090.00   59.18     27.84     2962.93   66.646          148.774         435116.643      6478712.245     2.50      
3120.00   61.68     27.85     2977.73   78.831          171.844         435128.824      6478735.307     2.50      
3150.00   64.18     27.86     2991.39   91.310          195.460         435141.299      6478758.915     2.50      
3180.00   66.68     27.87     3003.86   104.060         219.579         435154.045      6478783.025     2.50      
3210.00   69.18     27.88     3015.13   117.056         244.153         435167.036      6478807.591     2.50      
3240.00   71.68     27.89     3025.18   130.274         269.137         435180.249      6478832.566     2.50      
3270.00   74.18     27.89     3033.99   143.687         294.482         435193.658      6478857.902     2.50      
3300.00   76.68     27.90     3041.53   157.272         320.140         435207.238      6478883.552     2.50      
3330.00   79.18     27.91     3047.81   171.001         346.064         435220.962      6478909.466     2.50      
3360.00   81.68     27.92     3052.80   184.849         372.202         435234.805      6478935.595     2.50      
3390.00   84.18     27.93     3056.49   198.789         398.506         435248.741      6478961.890     2.50      
3420.10   86.69     27.93     3058.89   212.841         425.011         435262.788      6478988.386     2.50      
3450.00   86.69     27.93     3060.61   226.825         451.385         435276.767      6479014.751     0.00      
3480.00   86.69     27.93     3062.35   240.856         477.845         435290.793      6479041.202     0.00      
3510.00   86.69     27.93     3064.08   254.886         504.306         435304.818      6479067.653     0.00      
3513.01   86.69     27.93     3064.26   256.292         506.957         435306.224      6479070.304     0.00      
3540.00   86.69     25.68     3065.81   268.445         531.008         435318.372      6479094.346     2.50      
3560.59   86.70     23.96     3067.00   277.076         549.668         435327.000      6479113.000     2.50      
3570.00   86.70     23.96     3067.54   280.889         558.249         435330.812      6479121.578     0.00      
3600.00   86.70     23.96     3069.27   293.053         585.618         435342.972      6479148.937     0.00      
3630.00   86.70     23.96     3070.99   305.217         612.987         435355.131      6479176.297     0.00      
3660.00   86.70     23.96     3072.72   317.380         640.356         435367.291      6479203.656     0.00      
3690.00   86.70     23.96     3074.44   329.544         667.725         435379.450      6479231.016     0.00      
3720.00   86.70     23.96     3076.17   341.708         695.094         435391.610      6479258.375     0.00      
3750.00   86.70     23.96     3077.89   353.872         722.463         435403.769      6479285.735     0.00      
3780.00   86.70     23.96     3079.62   366.035         749.832         435415.929      6479313.094     0.00      
3810.00   86.70     23.96     3081.34   378.199         777.202         435428.088      6479340.454     0.00      
3840.00   86.70     23.96     3083.07   390.363         804.571         435440.248      6479367.813     0.00      
3870.00   86.70     23.96     3084.79   402.527         831.940         435452.407      6479395.173     0.00      
3900.00   86.70     23.96     3086.52   414.690         859.309         435464.567      6479422.533     0.00      
3925.74   86.70     23.96     3088.00   425.126         882.789         435474.999      6479446.005     0.00      
