HEADER INFORMATION (all units in Statoil default) 
----------------------------------------------------------------
COMPANY: Statoil Norway
FIELD: SLEIPNER
WELL NAME: F-2
WELLBORE NAME: F-2
Drilled From: Well Ref. Point
Kick Off Depth: 145.90m
Survey Name: F-2 Injector Max,MZ DRAFT FOR COST,211108
Survey Date: 21.11.2008
Extraction Date: 03.04.2018
----------------------------------------------------------------
Calculation Method: Minimum Curvature
Datum Name: Rotary Table(54.90m)
----------------------------------------------------------------
Surface EW: 435047.604m
Surface NS: 6478564.735m
Surface Latitude: 58° 26' 29.8447 N
Surface Longitude: 1° 53' 14.7783 E
Bottom Hole MD: 3709.15m
Bottom Hole TVD: 3305.03m
Bottom Hole EW: 433600.922m
Bottom Hole NS: 6478900.015m
----------------------------------------------------------------
Survey Program:  
H  146 - 3709 F-2 INJECTOR MAX,MZ DRAFT FOR COST,211108 : MAGNETIC, IFR, NON-MAG
----------------------------------------------------------------
Water Depth: 91.00m
KB-WH: 145.90m
KB-MSL: 54.90m
System Datum: Mean Sea Level
----------------------------------------------------------------
Map-Zone: Zone 31N (0 E to 6 E)
North Reference: Grid
Geo Datum: European 1950 - Mean
Vertical Section Direction: 283.05deg
----------------------------------------------------------------
SURVEY LIST
MD        Inc       Azim      TVD       X-Offset (E/W)  Y-Offset (N/S)  UTM E/W         UTM N/S         DLS
m RKB     deg       deg       m RKB     m               m               m               m               deg/30m
145.90    0.00      0.00      145.90    -2.418          1.212           435047.604      6478564.735     0.00      
150.00    0.00      0.00      150.00    -2.418          1.212           435047.604      6478564.735     0.00      
180.00    0.00      0.00      180.00    -2.418          1.212           435047.604      6478564.735     0.00      
210.00    0.00      0.00      210.00    -2.418          1.212           435047.604      6478564.735     0.00      
240.00    0.00      0.00      240.00    -2.418          1.212           435047.604      6478564.735     0.00      
270.00    0.00      0.00      270.00    -2.418          1.212           435047.604      6478564.735     0.00      
300.00    0.00      0.00      300.00    -2.418          1.212           435047.604      6478564.735     0.00      
330.00    0.00      0.00      330.00    -2.418          1.212           435047.604      6478564.735     0.00      
360.00    0.00      0.00      360.00    -2.418          1.212           435047.604      6478564.735     0.00      
390.00    0.00      0.00      390.00    -2.418          1.212           435047.604      6478564.735     0.00      
400.00    0.00      0.00      400.00    -2.418          1.212           435047.604      6478564.735     0.00      
420.00    0.67      0.00      420.00    -2.418          1.329           435047.604      6478564.851     1.00      
450.00    1.67      0.00      449.99    -2.418          1.940           435047.604      6478565.462     1.00      
480.00    2.67      0.00      479.97    -2.418          3.074           435047.604      6478566.596     1.00      
510.00    3.67      0.00      509.92    -2.418          4.731           435047.604      6478568.252     1.00      
540.00    4.67      0.00      539.85    -2.418          6.911           435047.604      6478570.431     1.00      
570.00    5.67      0.00      569.72    -2.418          9.612           435047.604      6478573.132     1.00      
600.00    6.67      0.00      599.55    -2.418          12.835          435047.604      6478576.353     1.00      
630.00    7.67      0.00      629.31    -2.418          16.577          435047.604      6478580.095     1.00      
640.00    8.00      0.00      639.22    -2.418          17.940          435047.604      6478581.457     1.00      
660.00    8.06      350.45    659.03    -2.650          20.715          435047.371      6478584.231     2.00      
690.00    8.54      336.98    688.71    -3.871          24.840          435046.151      6478588.354     2.00      
720.00    9.43      325.48    718.35    -6.136          28.917          435043.887      6478592.430     2.00      
750.00    10.63     316.24    747.89    -9.443          32.941          435040.582      6478596.453     2.00      
780.00    12.03     308.99    777.31    -13.787         36.907          435036.238      6478600.417     2.00      
810.00    13.59     303.30    806.56    -19.164         40.811          435030.863      6478604.319     2.00      
840.00    15.25     298.80    835.62    -25.567         44.646          435024.463      6478608.154     2.00      
870.00    16.98     295.17    864.44    -32.988         48.410          435017.044      6478611.916     2.00      
900.00    18.76     292.21    892.99    -41.418         52.096          435008.617      6478615.601     2.00      
930.00    20.58     289.75    921.24    -50.847         55.702          434999.191      6478619.205     2.00      
960.00    22.43     287.68    949.15    -61.264         59.221          434988.779      6478622.724     2.00      
990.00    24.30     285.90    976.69    -72.655         62.651          434977.392      6478626.152     2.00      
1020.00   26.19     284.37    1003.82   -85.006         65.987          434965.044      6478629.487     2.00      
1050.00   28.10     283.04    1030.52   -98.303         69.224          434951.752      6478632.723     2.00      
1080.00   30.01     281.85    1056.74   -112.530        72.359          434937.530      6478635.857     2.00      
1098.96   31.23     281.18    1073.05   -121.992        74.286          434928.071      6478637.783     2.00      
1110.00   31.23     281.18    1082.50   -127.609        75.396          434922.457      6478638.892     0.00      
1140.00   31.23     281.18    1108.15   -142.867        78.411          434907.203      6478641.906     0.00      
1170.00   31.23     281.18    1133.80   -158.126        81.426          434891.950      6478644.920     0.00      
1200.00   31.23     281.18    1159.46   -173.385        84.441          434876.696      6478647.934     0.00      
1230.00   31.23     281.18    1185.11   -188.644        87.456          434861.443      6478650.948     0.00      
1260.00   31.23     281.18    1210.76   -203.902        90.471          434846.189      6478653.962     0.00      
1290.00   31.23     281.18    1236.41   -219.161        93.486          434830.936      6478656.976     0.00      
1320.00   31.23     281.18    1262.07   -234.420        96.501          434815.682      6478659.990     0.00      
1350.00   31.23     281.18    1287.72   -249.679        99.516          434800.429      6478663.004     0.00      
1380.00   31.23     281.18    1313.37   -264.938        102.531         434785.176      6478666.018     0.00      
1410.00   31.23     281.18    1339.03   -280.196        105.546         434769.922      6478669.032     0.00      
1440.00   31.23     281.18    1364.68   -295.455        108.561         434754.669      6478672.046     0.00      
1470.00   31.23     281.18    1390.33   -310.714        111.576         434739.415      6478675.060     0.00      
1500.00   31.23     281.18    1415.99   -325.973        114.591         434724.162      6478678.074     0.00      
1530.00   31.23     281.18    1441.64   -341.232        117.606         434708.908      6478681.088     0.00      
1560.00   31.23     281.18    1467.29   -356.490        120.621         434693.655      6478684.102     0.00      
1590.00   31.23     281.18    1492.94   -371.749        123.636         434678.401      6478687.116     0.00      
1620.00   31.23     281.18    1518.60   -387.008        126.651         434663.148      6478690.130     0.00      
1650.00   31.23     281.18    1544.25   -402.267        129.666         434647.894      6478693.144     0.00      
1680.00   31.23     281.18    1569.90   -417.526        132.681         434632.641      6478696.158     0.00      
1710.00   31.23     281.18    1595.56   -432.784        135.696         434617.387      6478699.172     0.00      
1740.00   31.23     281.18    1621.21   -448.043        138.711         434602.134      6478702.185     0.00      
1770.00   31.23     281.18    1646.86   -463.302        141.726         434586.880      6478705.199     0.00      
1800.00   31.23     281.18    1672.52   -478.561        144.741         434571.627      6478708.213     0.00      
1830.00   31.23     281.18    1698.17   -493.820        147.756         434556.373      6478711.227     0.00      
1860.00   31.23     281.18    1723.82   -509.078        150.771         434541.120      6478714.241     0.00      
1890.00   31.23     281.18    1749.48   -524.337        153.786         434525.866      6478717.255     0.00      
1920.00   31.23     281.18    1775.13   -539.596        156.801         434510.613      6478720.269     0.00      
1950.00   31.23     281.18    1800.78   -554.855        159.816         434495.359      6478723.283     0.00      
1980.00   31.23     281.18    1826.43   -570.114        162.831         434480.106      6478726.297     0.00      
2010.00   31.23     281.18    1852.09   -585.372        165.846         434464.852      6478729.311     0.00      
2040.00   31.23     281.18    1877.74   -600.631        168.861         434449.599      6478732.325     0.00      
2070.00   31.23     281.18    1903.39   -615.890        171.876         434434.346      6478735.339     0.00      
2100.00   31.23     281.18    1929.05   -631.149        174.891         434419.092      6478738.353     0.00      
2130.00   31.23     281.18    1954.70   -646.407        177.906         434403.839      6478741.367     0.00      
2160.00   31.23     281.18    1980.35   -661.666        180.921         434388.585      6478744.381     0.00      
2190.00   31.23     281.18    2006.01   -676.925        183.936         434373.332      6478747.395     0.00      
2220.00   31.23     281.18    2031.66   -692.184        186.951         434358.078      6478750.409     0.00      
2250.00   31.23     281.18    2057.31   -707.443        189.966         434342.825      6478753.423     0.00      
2280.00   31.23     281.18    2082.96   -722.701        192.981         434327.571      6478756.437     0.00      
2310.00   31.23     281.18    2108.62   -737.960        195.996         434312.318      6478759.451     0.00      
2340.00   31.23     281.18    2134.27   -753.219        199.011         434297.064      6478762.465     0.00      
2370.00   31.23     281.18    2159.92   -768.478        202.026         434281.811      6478765.479     0.00      
2400.00   31.23     281.18    2185.58   -783.737        205.041         434266.557      6478768.493     0.00      
2430.00   31.23     281.18    2211.23   -798.995        208.056         434251.304      6478771.507     0.00      
2460.00   31.23     281.18    2236.88   -814.254        211.071         434236.050      6478774.521     0.00      
2490.00   31.23     281.18    2262.54   -829.513        214.086         434220.797      6478777.534     0.00      
2520.00   31.23     281.18    2288.19   -844.772        217.101         434205.543      6478780.548     0.00      
2550.00   31.23     281.18    2313.84   -860.031        220.116         434190.290      6478783.562     0.00      
2580.00   31.23     281.18    2339.50   -875.289        223.131         434175.036      6478786.576     0.00      
2610.00   31.23     281.18    2365.15   -890.548        226.146         434159.783      6478789.590     0.00      
2640.00   31.23     281.18    2390.80   -905.807        229.161         434144.529      6478792.604     0.00      
2670.00   31.23     281.18    2416.45   -921.066        232.176         434129.276      6478795.618     0.00      
2700.00   31.23     281.18    2442.11   -936.325        235.191         434114.022      6478798.632     0.00      
2730.00   31.23     281.18    2467.76   -951.583        238.206         434098.769      6478801.646     0.00      
2760.00   31.23     281.18    2493.41   -966.842        241.221         434083.516      6478804.660     0.00      
2790.00   31.23     281.18    2519.07   -982.101        244.236         434068.262      6478807.674     0.00      
2820.00   31.23     281.18    2544.72   -997.360        247.251         434053.009      6478810.688     0.00      
2850.00   31.23     281.18    2570.37   -1012.618       250.266         434037.755      6478813.702     0.00      
2880.00   31.23     281.18    2596.03   -1027.877       253.281         434022.502      6478816.716     0.00      
2910.00   31.23     281.18    2621.68   -1043.136       256.296         434007.248      6478819.730     0.00      
2940.00   31.23     281.18    2647.33   -1058.395       259.311         433991.995      6478822.744     0.00      
2970.00   31.23     281.18    2672.99   -1073.654       262.326         433976.741      6478825.758     0.00      
3000.00   31.23     281.18    2698.64   -1088.912       265.341         433961.488      6478828.772     0.00      
3030.00   31.23     281.18    2724.29   -1104.171       268.356         433946.234      6478831.786     0.00      
3060.00   31.23     281.18    2749.94   -1119.430       271.371         433930.981      6478834.800     0.00      
3090.00   31.23     281.18    2775.60   -1134.689       274.386         433915.727      6478837.814     0.00      
3120.00   31.23     281.18    2801.25   -1149.948       277.401         433900.474      6478840.828     0.00      
3150.00   31.23     281.18    2826.90   -1165.206       280.416         433885.220      6478843.842     0.00      
3180.00   31.23     281.18    2852.56   -1180.465       283.431         433869.967      6478846.856     0.00      
3210.00   31.23     281.18    2878.21   -1195.724       286.446         433854.713      6478849.869     0.00      
3240.00   31.23     281.18    2903.86   -1210.983       289.461         433839.460      6478852.883     0.00      
3270.00   31.23     281.18    2929.52   -1226.242       292.476         433824.206      6478855.897     0.00      
3300.00   31.23     281.18    2955.17   -1241.500       295.491         433808.953      6478858.911     0.00      
3330.00   31.23     281.18    2980.82   -1256.759       298.506         433793.699      6478861.925     0.00      
3360.00   31.23     281.18    3006.47   -1272.018       301.521         433778.446      6478864.939     0.00      
3390.00   31.23     281.18    3032.13   -1287.277       304.536         433763.192      6478867.953     0.00      
3420.00   31.23     281.18    3057.78   -1302.536       307.551         433747.939      6478870.967     0.00      
3450.00   31.23     281.18    3083.43   -1317.794       310.566         433732.686      6478873.981     0.00      
3480.00   31.23     281.18    3109.09   -1333.053       313.581         433717.432      6478876.995     0.00      
3510.00   31.23     281.18    3134.74   -1348.312       316.596         433702.179      6478880.009     0.00      
3540.00   31.23     281.18    3160.39   -1363.571       319.611         433686.925      6478883.023     0.00      
3570.00   31.23     281.18    3186.05   -1378.830       322.626         433671.672      6478886.037     0.00      
3600.00   31.23     281.18    3211.70   -1394.088       325.641         433656.418      6478889.051     0.00      
3630.00   31.23     281.18    3237.35   -1409.347       328.656         433641.165      6478892.065     0.00      
3660.00   31.23     281.18    3263.01   -1424.606       331.671         433625.911      6478895.079     0.00      
3690.00   31.23     281.18    3288.66   -1439.865       334.686         433610.658      6478898.093     0.00      
3707.62   31.23     281.18    3303.72   -1448.825       336.457         433601.701      6478899.863     0.00      
3708.99   31.23     281.00    3304.90   -1449.526       336.594         433601.000      6478900.000     2.00      
3709.15   31.23     281.00    3305.03   -1449.604       336.609         433600.922      6478900.015     0.00      
