HEADER INFORMATION (all units in Statoil default) 
----------------------------------------------------------------
COMPANY: Statoil Norway
FIELD: SLEIPNER
WELL NAME: F-3
WELLBORE NAME: F-3
Drilled From: Well Ref. Point
Kick Off Depth: 145.00m
Survey Name: F3 E TS DRAFT NewRigCoords 220607
Survey Date: 12.01.2007
Extraction Date: 03.04.2018
----------------------------------------------------------------
Calculation Method: Minimum Curvature
Datum Name: Maersk Inspirer(54.00m)
----------------------------------------------------------------
Surface EW: 435048.718m
Surface NS: 6478562.780m
Surface Latitude: 58° 26' 29.7821 N
Surface Longitude: 1° 53' 14.8489 E
Bottom Hole MD: 4009.89m
Bottom Hole TVD: 3064.00m
Bottom Hole EW: 437000.000m
Bottom Hole NS: 6477720.000m
----------------------------------------------------------------
Survey Program:  
H  145 - 254 F3 E TS DRAFT NEWRIGCOORDS 220607 : WELLBORE SURVEYOR, STAT
H  254 - 4010 F3 E TS DRAFT NEWRIGCOORDS 220607 : MAGNETIC, STD, NON-MAG
----------------------------------------------------------------
Water Depth: 91.00m
KB-WH: 145.00m
KB-MSL: 54.00m
System Datum: Mean Sea Level
----------------------------------------------------------------
Map-Zone: Zone 31N (0 E to 6 E)
North Reference: Grid
Geo Datum: European 1950 - Mean
Vertical Section Direction: 113.36deg
----------------------------------------------------------------
SURVEY LIST
MD        Inc       Azim      TVD       X-Offset (E/W)  Y-Offset (N/S)  UTM E/W         UTM N/S         DLS
m RKB     deg       deg       m RKB     m               m               m               m               deg/30m
145.00    0.00      0.00      145.00    -1.304          -0.743          435048.718      6478562.780     0.00      
150.00    0.00      0.00      150.00    -1.304          -0.743          435048.718      6478562.780     0.00      
180.00    0.00      0.00      180.00    -1.304          -0.743          435048.718      6478562.780     0.00      
210.00    0.00      0.00      210.00    -1.304          -0.743          435048.718      6478562.780     0.00      
240.00    0.00      0.00      240.00    -1.304          -0.743          435048.718      6478562.780     0.00      
254.00    0.00      0.00      254.00    -1.304          -0.743          435048.718      6478562.780     0.00      
270.00    0.00      0.00      270.00    -1.304          -0.743          435048.718      6478562.780     0.00      
284.00    0.00      0.00      284.00    -1.304          -0.743          435048.718      6478562.780     0.00      
300.00    0.53      240.00    300.00    -1.368          -0.780          435048.653      6478562.743     1.00      
330.00    1.53      240.00    329.99    -1.837          -1.051          435048.185      6478562.472     1.00      
360.00    2.53      240.00    359.98    -2.759          -1.583          435047.263      6478561.940     1.00      
390.00    3.53      240.00    389.93    -4.133          -2.377          435045.889      6478561.147     1.00      
420.00    4.53      240.00    419.86    -5.961          -3.432          435044.062      6478560.092     1.00      
450.00    5.53      240.00    449.74    -8.240          -4.748          435041.784      6478558.777     1.00      
480.00    6.53      240.00    479.58    -10.971         -6.325          435039.054      6478557.201     1.00      
510.00    7.53      240.00    509.35    -14.152         -8.161          435035.874      6478555.365     1.00      
524.00    8.00      240.00    523.22    -15.791         -9.107          435034.236      6478554.419     1.00      
540.00    7.32      233.82    539.08    -17.578         -10.266         435032.449      6478553.261     2.00      
570.00    6.34      219.09    568.87    -20.165         -12.679         435029.863      6478550.848     2.00      
600.00    5.89      200.70    598.70    -21.754         -15.406         435028.274      6478548.122     2.00      
630.00    6.11      181.58    628.54    -22.343         -18.442         435027.686      6478545.087     2.00      
660.00    6.91      165.36    658.35    -21.930         -21.784         435028.098      6478541.747     2.00      
690.00    8.14      153.24    688.09    -20.517         -25.427         435029.511      6478538.104     2.00      
720.00    9.63      144.55    717.73    -18.106         -29.368         435031.921      6478534.165     2.00      
750.00    11.28     138.27    747.23    -14.698         -33.601         435035.328      6478529.933     2.00      
780.00    13.02     133.62    776.56    -10.299         -38.122         435039.725      6478525.414     2.00      
810.00    14.83     130.06    805.68    -4.914          -42.924         435045.109      6478520.614     2.00      
840.00    16.68     127.27    834.55    1.452           -48.003         435051.472      6478515.537     2.00      
870.00    18.56     125.02    863.14    8.789           -53.351         435058.807      6478510.191     2.00      
900.00    20.46     123.18    891.42    17.089          -58.962         435067.104      6478504.582     2.00      
930.00    22.38     121.64    919.34    26.343          -64.830         435076.354      6478498.716     2.00      
960.00    24.32     120.34    946.89    36.538          -70.946         435086.546      6478492.601     2.00      
990.00    26.26     119.21    974.01    47.662          -77.305         435097.666      6478486.245     2.00      
1020.00   28.21     118.23    1000.68   59.702          -83.898         435109.702      6478479.654     2.00      
1050.00   30.16     117.37    1026.87   72.643          -90.717         435122.639      6478472.838     2.00      
1080.00   32.12     116.60    1052.55   86.469          -97.753         435136.460      6478465.804     2.00      
1110.00   34.09     115.91    1077.68   101.164         -104.999        435151.150      6478458.561     2.00      
1140.00   36.05     115.29    1102.23   116.710         -112.445        435166.690      6478451.117     2.00      
1170.00   38.03     114.73    1126.18   133.087         -120.082        435183.061      6478443.483     2.00      
1200.00   40.00     114.21    1149.48   150.275         -127.901        435200.244      6478435.666     2.00      
1230.00   41.97     113.73    1172.13   168.254         -135.893        435218.217      6478427.678     2.00      
1260.00   43.95     113.29    1194.08   187.002         -144.047        435236.958      6478419.526     2.00      
1290.00   45.93     112.88    1215.32   206.497         -152.354        435256.446      6478411.222     2.00      
1320.00   47.91     112.49    1235.81   226.713         -160.804        435276.655      6478402.775     2.00      
1350.00   49.89     112.13    1255.53   247.627         -169.386        435297.561      6478394.196     2.00      
1380.00   51.87     111.79    1274.45   269.213         -178.089        435319.140      6478385.496     2.00      
1397.76   53.05     111.60    1285.27   282.296         -183.294        435332.218      6478380.293     2.00      
1410.00   53.05     111.60    1292.63   291.392         -186.896        435341.311      6478376.692     0.00      
1440.00   53.05     111.60    1310.67   313.683         -195.721        435363.595      6478367.870     0.00      
1470.00   53.05     111.60    1328.70   335.974         -204.546        435385.878      6478359.048     0.00      
1500.00   53.05     111.60    1346.73   358.265         -213.371        435408.161      6478350.226     0.00      
1530.00   53.05     111.60    1364.77   380.555         -222.196        435430.444      6478341.404     0.00      
1560.00   53.05     111.60    1382.80   402.846         -231.022        435452.727      6478332.582     0.00      
1590.00   53.05     111.60    1400.84   425.137         -239.847        435475.010      6478323.760     0.00      
1620.00   53.05     111.60    1418.87   447.428         -248.672        435497.293      6478314.938     0.00      
1650.00   53.05     111.60    1436.90   469.719         -257.497        435519.576      6478306.115     0.00      
1680.00   53.05     111.60    1454.94   492.010         -266.322        435541.859      6478297.293     0.00      
1710.00   53.05     111.60    1472.97   514.301         -275.148        435564.142      6478288.471     0.00      
1740.00   53.05     111.60    1491.01   536.591         -283.973        435586.425      6478279.649     0.00      
1770.00   53.05     111.60    1509.04   558.882         -292.798        435608.709      6478270.827     0.00      
1800.00   53.05     111.60    1527.08   581.173         -301.623        435630.992      6478262.005     0.00      
1830.00   53.05     111.60    1545.11   603.464         -310.448        435653.275      6478253.183     0.00      
1860.00   53.05     111.60    1563.14   625.755         -319.273        435675.558      6478244.361     0.00      
1890.00   53.05     111.60    1581.18   648.046         -328.099        435697.841      6478235.539     0.00      
1920.00   53.05     111.60    1599.21   670.337         -336.924        435720.124      6478226.716     0.00      
1950.00   53.05     111.60    1617.25   692.627         -345.749        435742.407      6478217.894     0.00      
1980.00   53.05     111.60    1635.28   714.918         -354.574        435764.690      6478209.072     0.00      
2010.00   53.05     111.60    1653.32   737.209         -363.399        435786.973      6478200.250     0.00      
2040.00   53.05     111.60    1671.35   759.500         -372.225        435809.256      6478191.428     0.00      
2070.00   53.05     111.60    1689.38   781.791         -381.050        435831.539      6478182.606     0.00      
2100.00   53.05     111.60    1707.42   804.082         -389.875        435853.822      6478173.784     0.00      
2130.00   53.05     111.60    1725.45   826.372         -398.700        435876.106      6478164.962     0.00      
2160.00   53.05     111.60    1743.49   848.663         -407.525        435898.389      6478156.140     0.00      
2190.00   53.05     111.60    1761.52   870.954         -416.351        435920.672      6478147.318     0.00      
2220.00   53.05     111.60    1779.56   893.245         -425.176        435942.955      6478138.495     0.00      
2250.00   53.05     111.60    1797.59   915.536         -434.001        435965.238      6478129.673     0.00      
2280.00   53.05     111.60    1815.62   937.827         -442.826        435987.521      6478120.851     0.00      
2310.00   53.05     111.60    1833.66   960.118         -451.651        436009.804      6478112.029     0.00      
2340.00   53.05     111.60    1851.69   982.408         -460.476        436032.087      6478103.207     0.00      
2370.00   53.05     111.60    1869.73   1004.699        -469.302        436054.370      6478094.385     0.00      
2400.00   53.05     111.60    1887.76   1026.990        -478.127        436076.653      6478085.563     0.00      
2430.00   53.05     111.60    1905.80   1049.281        -486.952        436098.936      6478076.741     0.00      
2460.00   53.05     111.60    1923.83   1071.572        -495.777        436121.220      6478067.919     0.00      
2490.00   53.05     111.60    1941.86   1093.863        -504.602        436143.503      6478059.096     0.00      
2520.00   53.05     111.60    1959.90   1116.154        -513.428        436165.786      6478050.274     0.00      
2550.00   53.05     111.60    1977.93   1138.444        -522.253        436188.069      6478041.452     0.00      
2580.00   53.05     111.60    1995.97   1160.735        -531.078        436210.352      6478032.630     0.00      
2610.00   53.05     111.60    2014.00   1183.026        -539.903        436232.635      6478023.808     0.00      
2640.00   53.05     111.60    2032.04   1205.317        -548.728        436254.918      6478014.986     0.00      
2670.00   53.05     111.60    2050.07   1227.608        -557.553        436277.201      6478006.164     0.00      
2700.00   53.05     111.60    2068.10   1249.899        -566.379        436299.484      6477997.342     0.00      
2730.00   53.05     111.60    2086.14   1272.189        -575.204        436321.767      6477988.520     0.00      
2760.00   53.05     111.60    2104.17   1294.480        -584.029        436344.050      6477979.697     0.00      
2790.00   53.05     111.60    2122.21   1316.771        -592.854        436366.333      6477970.875     0.00      
2820.00   53.05     111.60    2140.24   1339.062        -601.679        436388.617      6477962.053     0.00      
2850.00   53.05     111.60    2158.27   1361.353        -610.505        436410.900      6477953.231     0.00      
2880.00   53.05     111.60    2176.31   1383.644        -619.330        436433.183      6477944.409     0.00      
2910.00   53.05     111.60    2194.34   1405.935        -628.155        436455.466      6477935.587     0.00      
2940.00   53.05     111.60    2212.38   1428.225        -636.980        436477.749      6477926.765     0.00      
2970.00   53.05     111.60    2230.41   1450.516        -645.805        436500.032      6477917.943     0.00      
3000.00   53.05     111.60    2248.45   1472.807        -654.630        436522.315      6477909.121     0.00      
3030.00   53.05     111.60    2266.48   1495.098        -663.456        436544.598      6477900.298     0.00      
3060.00   53.05     111.60    2284.51   1517.389        -672.281        436566.881      6477891.476     0.00      
3090.00   53.05     111.60    2302.55   1539.680        -681.106        436589.164      6477882.654     0.00      
3120.00   53.05     111.60    2320.58   1561.971        -689.931        436611.447      6477873.832     0.00      
3150.00   53.05     111.60    2338.62   1584.261        -698.756        436633.730      6477865.010     0.00      
3180.00   53.05     111.60    2356.65   1606.552        -707.582        436656.014      6477856.188     0.00      
3210.00   53.05     111.60    2374.69   1628.843        -716.407        436678.297      6477847.366     0.00      
3214.16   53.05     111.60    2377.19   1631.935        -717.631        436681.388      6477846.142     0.00      
3240.00   51.33     111.60    2393.03   1650.914        -725.145        436700.360      6477838.631     2.00      
3270.00   49.33     111.60    2412.18   1672.382        -733.644        436721.820      6477830.134     2.00      
3300.00   47.33     111.60    2432.13   1693.216        -741.893        436742.647      6477821.889     2.00      
3330.00   45.33     111.60    2452.84   1713.389        -749.880        436762.813      6477813.905     2.00      
3360.00   43.33     111.60    2474.30   1732.879        -757.596        436782.296      6477806.191     2.00      
3390.00   41.33     111.60    2496.48   1751.660        -765.031        436801.070      6477798.758     2.00      
3420.00   39.33     111.60    2519.35   1769.709        -772.177        436819.114      6477791.615     2.00      
3450.00   37.33     111.60    2542.88   1787.006        -779.025        436836.405      6477784.769     2.00      
3480.00   35.33     111.60    2567.05   1803.529        -785.567        436852.921      6477778.230     2.00      
3510.00   33.33     111.60    2591.83   1819.257        -791.794        436868.644      6477772.005     2.00      
3540.00   31.33     111.60    2617.18   1834.172        -797.699        436883.554      6477766.102     2.00      
3570.00   29.33     111.60    2643.07   1848.255        -803.274        436897.632      6477760.529     2.00      
3600.00   27.33     111.60    2669.48   1861.489        -808.514        436910.862      6477755.291     2.00      
3630.00   25.33     111.60    2696.36   1873.858        -813.411        436923.227      6477750.395     2.00      
3660.00   23.33     111.60    2723.70   1885.348        -817.960        436934.712      6477745.848     2.00      
3690.00   21.33     111.60    2751.45   1895.943        -822.155        436945.304      6477741.655     2.00      
3720.00   19.33     111.60    2779.58   1905.632        -825.990        436954.989      6477737.820     2.00      
3750.00   17.33     111.60    2808.06   1914.402        -829.462        436963.756      6477734.350     2.00      
3780.00   15.33     111.60    2836.85   1922.242        -832.566        436971.593      6477731.246     2.00      
3810.00   13.33     111.60    2865.91   1929.143        -835.299        436978.492      6477728.515     2.00      
3840.00   11.33     111.60    2895.22   1935.097        -837.656        436984.444      6477726.159     2.00      
3870.00   9.33      111.60    2924.73   1940.097        -839.635        436989.442      6477724.180     2.00      
3900.00   7.33      111.60    2954.41   1944.136        -841.234        436993.480      6477722.582     2.00      
3930.00   5.33      111.60    2984.23   1947.209        -842.451        436996.552      6477721.365     2.00      
3960.00   3.33      111.60    3014.14   1949.313        -843.284        436998.655      6477720.533     2.00      
3990.00   1.33      111.60    3044.12   1950.445        -843.732        436999.786      6477720.085     2.00      
4009.89   0.00      360.00    3064.00   1950.658        -843.817        437000.000      6477720.000     2.00      
