HEADER INFORMATION (all units in Statoil default) 
----------------------------------------------------------------
COMPANY: Statoil Norway
FIELD: SLEIPNER
WELL NAME: F-3
WELLBORE NAME: F-3
Drilled From: Well Ref. Point
Kick Off Depth: 145.00m
Survey Name: F3 S injector 170907
Survey Date: 17.09.2007
Extraction Date: 03.04.2018
----------------------------------------------------------------
Calculation Method: Minimum Curvature
Datum Name: Maersk Inspirer(54.00m)
----------------------------------------------------------------
Surface EW: 435048.718m
Surface NS: 6478562.780m
Surface Latitude: 58° 26' 29.7821 N
Surface Longitude: 1° 53' 14.8489 E
Bottom Hole MD: 3566.90m
Bottom Hole TVD: 3133.00m
Bottom Hole EW: 434270.293m
Bottom Hole NS: 6477285.968m
----------------------------------------------------------------
Survey Program:  
H  145 - 3567 F3 S INJECTOR 170907 : MAGNETIC, STD, MAG-CORR
----------------------------------------------------------------
Water Depth: 91.00m
KB-WH: 145.00m
KB-MSL: 54.00m
System Datum: Mean Sea Level
----------------------------------------------------------------
Map-Zone: Zone 31N (0 E to 6 E)
North Reference: Grid
Geo Datum: European 1950 - Mean
Vertical Section Direction: 211.37deg
----------------------------------------------------------------
SURVEY LIST
MD        Inc       Azim      TVD       X-Offset (E/W)  Y-Offset (N/S)  UTM E/W         UTM N/S         DLS
m RKB     deg       deg       m RKB     m               m               m               m               deg/30m
145.00    0.00      0.00      145.00    -1.304          -0.743          435048.718      6478562.780     0.00      
150.00    0.00      0.00      150.00    -1.304          -0.743          435048.718      6478562.780     0.00      
180.00    0.00      0.00      180.00    -1.304          -0.743          435048.718      6478562.780     0.00      
210.00    0.00      0.00      210.00    -1.304          -0.743          435048.718      6478562.780     0.00      
240.00    0.00      0.00      240.00    -1.304          -0.743          435048.718      6478562.780     0.00      
250.00    0.00      0.00      250.00    -1.304          -0.743          435048.718      6478562.780     0.00      
270.00    0.67      230.00    270.00    -1.393          -0.818          435048.628      6478562.705     1.00      
300.00    1.67      230.00    299.99    -1.861          -1.211          435048.161      6478562.313     1.00      
330.00    2.67      230.00    329.97    -2.730          -1.940          435047.292      6478561.584     1.00      
360.00    3.67      230.00    359.92    -3.999          -3.005          435046.023      6478560.519     1.00      
390.00    4.67      230.00    389.85    -5.669          -4.406          435044.354      6478559.119     1.00      
420.00    5.67      230.00    419.72    -7.738          -6.143          435042.285      6478557.383     1.00      
450.00    6.67      230.00    449.55    -10.207         -8.214          435039.817      6478555.312     1.00      
460.00    7.00      230.00    459.48    -11.118         -8.979          435038.906      6478554.547     1.00      
480.00    7.87      230.00    479.31    -13.101         -10.642         435036.925      6478552.885     1.30      
510.00    9.17      230.00    508.98    -16.504         -13.498         435033.523      6478550.030     1.30      
529.23    10.00     230.00    527.94    -18.956         -15.556         435031.071      6478547.973     1.30      
540.00    10.32     229.11    538.54    -20.402         -16.788         435029.626      6478546.741     1.00      
570.00    11.23     226.92    568.01    -24.569         -20.544         435025.460      6478542.986     1.00      
600.00    12.16     225.05    597.39    -28.940         -24.773         435021.091      6478538.759     1.00      
630.00    13.10     223.44    626.66    -33.513         -29.474         435016.520      6478534.060     1.00      
660.00    14.04     222.04    655.82    -38.287         -34.645         435011.747      6478528.890     1.00      
690.00    14.99     220.82    684.87    -43.261         -40.284         435006.775      6478523.253     1.00      
720.00    15.95     219.74    713.78    -48.433         -46.391         435001.605      6478517.148     1.00      
750.00    16.91     218.78    742.55    -53.801         -52.963         434996.238      6478510.578     1.00      
780.00    17.88     217.92    771.18    -59.365         -59.999         434990.677      6478503.545     1.00      
810.00    18.85     217.15    799.65    -65.121         -67.495         434984.922      6478496.052     1.00      
840.00    19.82     216.44    827.96    -71.070         -75.450         434978.976      6478488.099     1.00      
870.00    20.80     215.81    856.09    -77.208         -83.861         434972.840      6478479.691     1.00      
900.00    21.78     215.22    884.05    -83.533         -92.727         434966.517      6478470.829     1.00      
930.00    22.75     214.69    911.81    -90.045         -102.043        434960.007      6478461.516     1.00      
960.00    23.74     214.20    939.37    -96.740         -111.808        434953.314      6478451.754     1.00      
990.00    24.72     213.74    966.73    -103.618        -122.017        434946.439      6478441.548     1.00      
1020.00   25.70     213.32    993.87    -110.675        -132.669        434939.385      6478430.900     1.00      
1050.00   26.69     212.92    1020.79   -117.910        -143.760        434932.152      6478419.813     1.00      
1080.00   27.67     212.56    1047.48   -125.320        -155.287        434924.745      6478408.290     1.00      
1110.00   28.66     212.21    1073.93   -132.903        -167.245        434917.164      6478396.336     1.00      
1140.00   29.65     211.89    1100.13   -140.657        -179.632        434909.413      6478383.953     1.00      
1170.00   30.63     211.58    1126.07   -148.580        -192.444        434901.493      6478371.146     1.00      
1200.00   31.62     211.30    1151.75   -156.668        -205.676        434893.407      6478357.919     1.00      
1230.00   32.61     211.02    1177.16   -164.921        -219.325        434885.158      6478344.275     1.00      
1260.00   33.60     210.77    1202.29   -173.334        -233.386        434876.747      6478330.218     1.00      
1290.00   34.59     210.52    1227.13   -181.906        -247.856        434868.178      6478315.753     1.00      
1320.00   35.58     210.29    1251.68   -190.634        -262.729        434859.454      6478300.885     1.00      
1340.90   36.28     210.13    1268.60   -196.805        -273.328        434853.284      6478290.290     1.00      
1350.00   36.28     210.13    1275.94   -199.508        -277.984        434850.583      6478285.636     0.00      
1380.00   36.28     210.13    1300.12   -208.419        -293.335        434841.675      6478270.290     0.00      
1410.00   36.28     210.13    1324.31   -217.330        -308.686        434832.767      6478254.945     0.00      
1440.00   36.28     210.13    1348.49   -226.241        -324.037        434823.859      6478239.599     0.00      
1470.00   36.28     210.13    1372.68   -235.152        -339.388        434814.951      6478224.253     0.00      
1500.00   36.28     210.13    1396.87   -244.063        -354.739        434806.043      6478208.908     0.00      
1530.00   36.28     210.13    1421.05   -252.974        -370.090        434797.135      6478193.562     0.00      
1560.00   36.28     210.13    1445.24   -261.885        -385.441        434788.227      6478178.216     0.00      
1590.00   36.28     210.13    1469.42   -270.796        -400.792        434779.320      6478162.871     0.00      
1620.00   36.28     210.13    1493.61   -279.707        -416.143        434770.412      6478147.525     0.00      
1650.00   36.28     210.13    1517.79   -288.618        -431.494        434761.504      6478132.179     0.00      
1680.00   36.28     210.13    1541.98   -297.529        -446.845        434752.596      6478116.834     0.00      
1710.00   36.28     210.13    1566.17   -306.440        -462.196        434743.688      6478101.488     0.00      
1740.00   36.28     210.13    1590.35   -315.351        -477.547        434734.780      6478086.143     0.00      
1770.00   36.28     210.13    1614.54   -324.262        -492.898        434725.872      6478070.797     0.00      
1800.00   36.28     210.13    1638.72   -333.173        -508.249        434716.964      6478055.451     0.00      
1830.00   36.28     210.13    1662.91   -342.084        -523.600        434708.057      6478040.106     0.00      
1860.00   36.28     210.13    1687.09   -350.995        -538.951        434699.149      6478024.760     0.00      
1890.00   36.28     210.13    1711.28   -359.905        -554.302        434690.241      6478009.414     0.00      
1920.00   36.28     210.13    1735.46   -368.816        -569.653        434681.333      6477994.069     0.00      
1950.00   36.28     210.13    1759.65   -377.727        -585.004        434672.425      6477978.723     0.00      
1980.00   36.28     210.13    1783.84   -386.638        -600.355        434663.517      6477963.377     0.00      
2010.00   36.28     210.13    1808.02   -395.549        -615.706        434654.609      6477948.032     0.00      
2040.00   36.28     210.13    1832.21   -404.460        -631.057        434645.701      6477932.686     0.00      
2070.00   36.28     210.13    1856.39   -413.371        -646.408        434636.793      6477917.341     0.00      
2100.00   36.28     210.13    1880.58   -422.282        -661.759        434627.886      6477901.995     0.00      
2130.00   36.28     210.13    1904.76   -431.193        -677.110        434618.978      6477886.649     0.00      
2160.00   36.28     210.13    1928.95   -440.104        -692.461        434610.070      6477871.304     0.00      
2190.00   36.28     210.13    1953.13   -449.015        -707.812        434601.162      6477855.958     0.00      
2220.00   36.28     210.13    1977.32   -457.926        -723.163        434592.254      6477840.612     0.00      
2250.00   36.28     210.13    2001.51   -466.837        -738.514        434583.346      6477825.267     0.00      
2280.00   36.28     210.13    2025.69   -475.748        -753.865        434574.438      6477809.921     0.00      
2310.00   36.28     210.13    2049.88   -484.659        -769.215        434565.530      6477794.575     0.00      
2340.00   36.28     210.13    2074.06   -493.570        -784.566        434556.623      6477779.230     0.00      
2370.00   36.28     210.13    2098.25   -502.481        -799.917        434547.715      6477763.884     0.00      
2400.00   36.28     210.13    2122.43   -511.392        -815.268        434538.807      6477748.538     0.00      
2430.00   36.28     210.13    2146.62   -520.303        -830.619        434529.899      6477733.193     0.00      
2460.00   36.28     210.13    2170.80   -529.214        -845.970        434520.991      6477717.847     0.00      
2490.00   36.28     210.13    2194.99   -538.125        -861.321        434512.083      6477702.502     0.00      
2520.00   36.28     210.13    2219.18   -547.036        -876.672        434503.175      6477687.156     0.00      
2550.00   36.28     210.13    2243.36   -555.947        -892.023        434494.267      6477671.810     0.00      
2580.00   36.28     210.13    2267.55   -564.858        -907.374        434485.359      6477656.465     0.00      
2610.00   36.28     210.13    2291.73   -573.769        -922.725        434476.452      6477641.119     0.00      
2640.00   36.28     210.13    2315.92   -582.680        -938.076        434467.544      6477625.773     0.00      
2670.00   36.28     210.13    2340.10   -591.591        -953.427        434458.636      6477610.428     0.00      
2700.00   36.28     210.13    2364.29   -600.502        -968.778        434449.728      6477595.082     0.00      
2730.00   36.28     210.13    2388.47   -609.413        -984.129        434440.820      6477579.736     0.00      
2760.00   36.28     210.13    2412.66   -618.324        -999.480        434431.912      6477564.391     0.00      
2790.00   36.28     210.13    2436.85   -627.235        -1014.831       434423.004      6477549.045     0.00      
2820.00   36.28     210.13    2461.03   -636.146        -1030.182       434414.096      6477533.700     0.00      
2850.00   36.28     210.13    2485.22   -645.057        -1045.533       434405.189      6477518.354     0.00      
2880.00   36.28     210.13    2509.40   -653.968        -1060.884       434396.281      6477503.008     0.00      
2910.00   36.28     210.13    2533.59   -662.879        -1076.235       434387.373      6477487.663     0.00      
2940.00   36.28     210.13    2557.77   -671.790        -1091.586       434378.465      6477472.317     0.00      
2970.00   36.28     210.13    2581.96   -680.701        -1106.937       434369.557      6477456.971     0.00      
3000.00   36.28     210.13    2606.14   -689.612        -1122.288       434360.649      6477441.626     0.00      
3022.77   36.28     210.13    2624.50   -696.376        -1133.941       434353.887      6477429.977     0.00      
3030.00   35.79     210.13    2630.35   -698.511        -1137.618       434351.754      6477426.301     2.00      
3060.00   33.79     210.13    2654.98   -707.104        -1152.422       434343.163      6477411.502     2.00      
3090.00   31.79     210.13    2680.20   -715.261        -1166.474       434335.009      6477397.456     2.00      
3120.00   29.79     210.13    2705.97   -722.971        -1179.756       434327.302      6477384.178     2.00      
3150.00   27.79     210.13    2732.26   -730.225        -1192.252       434320.051      6477371.687     2.00      
3180.00   25.79     210.13    2759.04   -737.013        -1203.947       434313.264      6477359.996     2.00      
3210.00   23.79     210.13    2786.27   -743.329        -1214.826       434306.951      6477349.120     2.00      
3240.00   21.79     210.13    2813.93   -749.163        -1224.877       434301.119      6477339.073     2.00      
3270.00   19.79     210.13    2841.97   -754.509        -1234.087       434295.774      6477329.866     2.00      
3300.00   17.79     210.13    2870.37   -759.361        -1242.445       434290.924      6477321.510     2.00      
3330.00   15.79     210.13    2899.09   -763.712        -1249.941       434286.575      6477314.017     2.00      
3360.00   13.79     210.13    2928.09   -767.558        -1256.565       434282.731      6477307.395     2.00      
3390.00   11.79     210.13    2957.35   -770.892        -1262.310       434279.397      6477301.652     2.00      
3420.00   9.79      210.13    2986.82   -773.713        -1267.169       434276.578      6477296.796     2.00      
3450.00   7.79      210.13    3016.46   -776.015        -1271.135       434274.276      6477292.831     2.00      
3480.00   5.79      210.13    3046.25   -777.796        -1274.204       434272.495      6477289.763     2.00      
3510.00   3.79      210.13    3076.14   -779.055        -1276.372       434271.237      6477287.596     2.00      
3540.00   1.79      210.13    3106.11   -779.789        -1277.636       434270.504      6477286.332     2.00      
3566.90   0.00      210.00    3133.00   -780.000        -1278.000       434270.293      6477285.968     2.00      
