HEADER INFORMATION (all units in Statoil default) 
----------------------------------------------------------------
COMPANY: Statoil Norway
FIELD: SLEIPNER
WELL NAME: F-3
WELLBORE NAME: F-3
Drilled From: Well Ref. Point
Kick Off Depth: 145.90m
Survey Name: F-3 rev#1 STGAL 151015
Survey Date: 15.10.2015
Extraction Date: 03.04.2018
----------------------------------------------------------------
Calculation Method: Minimum Curvature
Datum Name: Rotary Table(54.90m)
----------------------------------------------------------------
Surface EW: 435048.718m
Surface NS: 6478562.780m
Surface Latitude: 58° 26' 29.7821 N
Surface Longitude: 1° 53' 14.8489 E
Bottom Hole MD: 3888.84m
Bottom Hole TVD: 3088.00m
Bottom Hole EW: 435474.997m
Bottom Hole NS: 6479446.001m
----------------------------------------------------------------
Survey Program:  
H  146 - 220 F-3 REV#1 STGAL 151015 : INCLINATION ONLY
H  220 - 550 F-3 REV#1 STGAL 151015 : KEEPER, SIGHTLINE
H  550 - 670 F-3 REV#1 STGAL 151015 : NOT_USEMWD GYRO, BAKER HUGHES(GYROTRAK)
H  670 - 1332 F-3 REV#1 STGAL 151015 : MAGN, IFR, MAG-CORR, REDUCED QC
H  1332 - 2454 F-3 REV#1 STGAL 151015 : MAGN, IFR, MAG-CORR, RED QC, MSA DUAL IN
H  2452 - 2978 F-3 REV#1 STGAL 151015 : MAGN, IFR, MAG-CORR, RED QC, MSA DUAL IN
H  2978 - 3889 F-3 REV#1 STGAL 151015 : MAGN, IFR, MAG-CORR, RED QC, MSA DUAL IN
----------------------------------------------------------------
Water Depth: 91.00m
KB-WH: 145.90m
KB-MSL: 54.90m
System Datum: Mean Sea Level
----------------------------------------------------------------
Map-Zone: Zone 31N (0 E to 6 E)
North Reference: Grid
Geo Datum: European 1950 - Mean
Vertical Section Direction: 25.76deg
----------------------------------------------------------------
SURVEY LIST
MD        Inc       Azim      TVD       X-Offset (E/W)  Y-Offset (N/S)  UTM E/W         UTM N/S         DLS
m RKB     deg       deg       m RKB     m               m               m               m               deg/30m
145.90    0.00      0.00      145.90    -1.304          -0.743          435048.718      6478562.780     0.00      
150.00    0.00      0.00      150.00    -1.304          -0.743          435048.718      6478562.780     0.00      
180.00    0.00      0.00      180.00    -1.304          -0.743          435048.718      6478562.780     0.00      
210.00    0.00      0.00      210.00    -1.304          -0.743          435048.718      6478562.780     0.00      
240.00    0.00      0.00      240.00    -1.304          -0.743          435048.718      6478562.780     0.00      
245.90    0.00      0.00      245.90    -1.304          -0.743          435048.718      6478562.780     0.00      
270.00    0.40      220.00    270.00    -1.358          -0.808          435048.663      6478562.715     0.50      
300.00    0.90      220.00    300.00    -1.577          -1.069          435048.444      6478562.454     0.50      
330.00    1.40      220.00    329.99    -1.965          -1.531          435048.057      6478561.992     0.50      
360.00    1.90      220.00    359.98    -2.521          -2.194          435047.501      6478561.330     0.50      
365.90    2.00      220.00    365.88    -2.650          -2.347          435047.372      6478561.176     0.50      
390.00    2.40      220.00    389.96    -3.245          -3.056          435046.777      6478560.468     0.50      
420.00    2.90      220.00    419.93    -4.137          -4.120          435045.885      6478559.405     0.50      
450.00    3.40      220.00    449.88    -5.197          -5.383          435044.826      6478558.142     0.50      
480.00    3.90      220.00    479.82    -6.425          -6.847          435043.598      6478556.679     0.50      
485.90    4.00      220.00    485.71    -6.687          -7.158          435043.337      6478556.367     0.50      
510.00    3.89      208.41    509.75    -7.616          -8.522          435042.407      6478555.004     1.00      
541.88    4.00      193.00    541.56    -8.381          -10.557         435041.643      6478552.970     1.00      
570.00    4.00      193.00    569.61    -8.822          -12.468         435041.202      6478551.059     0.00      
600.00    4.00      193.00    599.53    -9.293          -14.507         435040.731      6478549.021     0.00      
630.00    4.00      193.00    629.46    -9.764          -16.546         435040.261      6478546.983     0.00      
660.00    4.00      193.00    659.39    -10.235         -18.585         435039.790      6478544.944     0.00      
690.00    4.00      193.00    689.31    -10.705         -20.624         435039.319      6478542.906     0.00      
720.00    4.00      193.00    719.24    -11.176         -22.663         435038.849      6478540.868     0.00      
750.00    4.00      193.00    749.17    -11.647         -24.702         435038.378      6478538.829     0.00      
780.00    4.00      193.00    779.09    -12.118         -26.741         435037.908      6478536.791     0.00      
810.00    4.00      193.00    809.02    -12.588         -28.780         435037.437      6478534.753     0.00      
840.00    4.00      193.00    838.95    -13.059         -30.819         435036.966      6478532.714     0.00      
870.00    4.00      193.00    868.87    -13.530         -32.859         435036.496      6478530.676     0.00      
900.00    4.00      193.00    898.80    -14.001         -34.898         435036.025      6478528.638     0.00      
930.00    4.00      193.00    928.73    -14.471         -36.937         435035.555      6478526.599     0.00      
960.00    4.00      193.00    958.66    -14.942         -38.976         435035.084      6478524.561     0.00      
990.00    4.00      193.00    988.58    -15.413         -41.015         435034.613      6478522.523     0.00      
1020.00   4.00      193.00    1018.51   -15.884         -43.054         435034.143      6478520.484     0.00      
1050.00   4.00      193.00    1048.44   -16.354         -45.093         435033.672      6478518.446     0.00      
1080.00   4.00      193.00    1078.36   -16.825         -47.132         435033.202      6478516.407     0.00      
1110.00   4.00      193.00    1108.29   -17.296         -49.171         435032.731      6478514.369     0.00      
1140.00   4.00      193.00    1138.22   -17.767         -51.210         435032.260      6478512.331     0.00      
1170.00   4.00      193.00    1168.14   -18.237         -53.249         435031.790      6478510.292     0.00      
1200.00   4.00      193.00    1198.07   -18.708         -55.288         435031.319      6478508.254     0.00      
1230.00   4.00      193.00    1228.00   -19.179         -57.327         435030.849      6478506.216     0.00      
1260.00   4.00      193.00    1257.92   -19.650         -59.366         435030.378      6478504.177     0.00      
1290.00   4.00      193.00    1287.85   -20.120         -61.405         435029.908      6478502.139     0.00      
1320.00   4.00      193.00    1317.78   -20.591         -63.444         435029.437      6478500.101     0.00      
1350.00   4.00      193.00    1347.71   -21.062         -65.483         435028.966      6478498.062     0.00      
1380.00   4.00      193.00    1377.63   -21.533         -67.523         435028.496      6478496.024     0.00      
1410.00   4.00      193.00    1407.56   -22.003         -69.562         435028.025      6478493.986     0.00      
1440.00   4.00      193.00    1437.49   -22.474         -71.601         435027.555      6478491.947     0.00      
1470.00   4.00      193.00    1467.41   -22.945         -73.640         435027.084      6478489.909     0.00      
1500.00   4.00      193.00    1497.34   -23.416         -75.679         435026.613      6478487.871     0.00      
1530.00   4.00      193.00    1527.27   -23.886         -77.718         435026.143      6478485.832     0.00      
1560.00   4.00      193.00    1557.19   -24.357         -79.757         435025.672      6478483.794     0.00      
1590.00   4.00      193.00    1587.12   -24.828         -81.796         435025.202      6478481.756     0.00      
1620.00   4.00      193.00    1617.05   -25.299         -83.835         435024.731      6478479.717     0.00      
1650.00   4.00      193.00    1646.97   -25.769         -85.874         435024.260      6478477.679     0.00      
1680.00   4.00      193.00    1676.90   -26.240         -87.913         435023.790      6478475.641     0.00      
1710.00   4.00      193.00    1706.83   -26.711         -89.952         435023.319      6478473.602     0.00      
1740.00   4.00      193.00    1736.76   -27.182         -91.991         435022.849      6478471.564     0.00      
1770.00   4.00      193.00    1766.68   -27.652         -94.030         435022.378      6478469.525     0.00      
1800.00   4.00      193.00    1796.61   -28.123         -96.069         435021.908      6478467.487     0.00      
1830.00   4.00      193.00    1826.54   -28.594         -98.108         435021.437      6478465.449     0.00      
1860.00   4.00      193.00    1856.46   -29.065         -100.147        435020.966      6478463.410     0.00      
1890.00   4.00      193.00    1886.39   -29.535         -102.187        435020.496      6478461.372     0.00      
1920.00   4.00      193.00    1916.32   -30.006         -104.226        435020.025      6478459.334     0.00      
1950.00   4.00      193.00    1946.24   -30.477         -106.265        435019.555      6478457.295     0.00      
1980.00   4.00      193.00    1976.17   -30.948         -108.304        435019.084      6478455.257     0.00      
2010.00   4.00      193.00    2006.10   -31.418         -110.343        435018.613      6478453.219     0.00      
2040.00   4.00      193.00    2036.02   -31.889         -112.382        435018.143      6478451.180     0.00      
2070.00   4.00      193.00    2065.95   -32.360         -114.421        435017.672      6478449.142     0.00      
2100.00   4.00      193.00    2095.88   -32.831         -116.460        435017.202      6478447.104     0.00      
2130.00   4.00      193.00    2125.81   -33.301         -118.499        435016.731      6478445.065     0.00      
2160.00   4.00      193.00    2155.73   -33.772         -120.538        435016.260      6478443.027     0.00      
2190.00   4.00      193.00    2185.66   -34.243         -122.577        435015.790      6478440.989     0.00      
2220.00   4.00      193.00    2215.59   -34.714         -124.616        435015.319      6478438.950     0.00      
2250.00   4.00      193.00    2245.51   -35.184         -126.655        435014.849      6478436.912     0.00      
2280.00   4.00      193.00    2275.44   -35.655         -128.694        435014.378      6478434.874     0.00      
2310.00   4.00      193.00    2305.37   -36.126         -130.733        435013.907      6478432.835     0.00      
2331.88   4.00      193.00    2327.20   -36.469         -132.221        435013.564      6478431.348     0.00      
2340.00   3.34      190.79    2335.30   -36.577         -132.729        435013.456      6478430.841     2.50      
2370.00   1.07      158.57    2365.27   -36.639         -133.847        435013.395      6478429.722     2.50      
2400.00   1.91      47.44     2395.27   -36.169         -133.770        435013.865      6478429.799     2.50      
2430.00   4.32      34.07     2425.22   -35.168         -132.497        435014.865      6478431.072     2.50      
2460.00   6.79      30.34     2455.08   -33.639         -130.031        435016.393      6478433.538     2.50      
2490.00   9.28      28.60     2484.78   -31.585         -126.375        435018.447      6478437.192     2.50      
2520.00   11.77     27.60     2514.27   -29.008         -121.539        435021.023      6478442.027     2.50      
2550.00   14.27     26.94     2543.50   -25.915         -115.529        435024.115      6478448.034     2.50      
2580.00   16.77     26.47     2572.40   -22.311         -108.359        435027.717      6478455.202     2.50      
2610.00   19.26     26.12     2600.93   -18.203         -100.041        435031.824      6478463.517     2.50      
2640.00   21.76     25.85     2629.03   -13.599         -90.591         435036.427      6478472.964     2.50      
2670.00   24.26     25.63     2656.64   -8.507          -80.028         435041.517      6478483.523     2.50      
2700.00   26.76     25.45     2683.71   -2.938          -68.371         435047.084      6478495.176     2.50      
2730.00   29.26     25.30     2710.20   3.099           -55.643         435053.119      6478507.899     2.50      
2760.00   31.76     25.17     2736.04   9.591           -41.868         435059.609      6478521.670     2.50      
2790.00   34.26     25.06     2761.20   16.527          -27.072         435066.542      6478536.461     2.50      
2820.00   36.76     24.96     2785.62   23.893          -11.283         435073.906      6478552.244     2.50      
2850.00   39.26     24.87     2809.25   31.675          5.468           435081.685      6478568.989     2.50      
2880.00   41.75     24.80     2832.06   39.858          23.150          435089.865      6478586.665     2.50      
2910.00   44.25     24.72     2854.00   48.427          41.730          435098.431      6478605.238     2.50      
2940.00   46.75     24.66     2875.02   57.365          61.171          435107.366      6478624.672     2.50      
2970.00   49.25     24.60     2895.09   66.656          81.436          435116.654      6478644.931     2.50      
3000.00   51.75     24.54     2914.17   76.282          102.488         435126.276      6478665.976     2.50      
3030.00   54.25     24.49     2932.22   86.223          124.286         435136.214      6478687.766     2.50      
3060.00   56.75     24.44     2949.21   96.463          146.789         435146.450      6478710.261     2.50      
3090.00   59.25     24.40     2965.11   106.980         169.953         435156.964      6478733.417     2.50      
3120.00   61.75     24.35     2979.88   117.755         193.735         435167.735      6478757.191     2.50      
3150.00   64.25     24.31     2993.50   128.768         218.089         435178.744      6478781.537     2.50      
3180.00   66.75     24.27     3005.94   139.997         242.970         435189.969      6478806.408     2.50      
3210.00   69.25     24.23     3017.17   151.421         268.329         435201.389      6478831.758     2.50      
3240.00   71.75     24.19     3027.19   163.018         294.118         435212.983      6478857.539     2.50      
3270.00   74.25     24.16     3035.96   174.767         320.289         435224.727      6478883.701     2.50      
3300.00   76.75     24.12     3043.47   186.645         346.791         435236.601      6478910.194     2.50      
3330.00   79.25     24.09     3049.70   198.629         373.575         435248.581      6478936.968     2.50      
3360.00   81.75     24.05     3054.65   210.696         400.588         435260.644      6478963.972     2.50      
3390.00   84.25     24.02     3058.31   222.824         427.780         435272.768      6478991.154     2.50      
3416.99   86.50     23.99     3060.49   233.768         452.353         435283.707      6479015.718     2.50      
3420.00   86.50     23.99     3060.67   234.990         455.099         435284.929      6479018.463     0.00      
3450.00   86.50     23.99     3062.50   247.164         482.456         435297.099      6479045.811     0.00      
3480.00   86.50     23.99     3064.34   259.339         509.813         435309.270      6479073.158     0.00      
3510.00   86.50     23.99     3066.17   271.514         537.170         435321.440      6479100.506     0.00      
3521.23   86.50     23.99     3066.85   276.071         547.409         435325.996      6479110.742     0.00      
3523.71   86.70     23.96     3067.00   277.076         549.668         435327.000      6479113.000     2.50      
3540.00   86.70     23.96     3067.94   283.682         564.534         435333.605      6479127.861     0.00      
3570.00   86.70     23.96     3069.66   295.846         591.903         435345.764      6479155.220     0.00      
3600.00   86.70     23.96     3071.39   308.010         619.272         435357.924      6479182.580     0.00      
3630.00   86.70     23.96     3073.11   320.174         646.642         435370.083      6479209.939     0.00      
3660.00   86.70     23.96     3074.84   332.338         674.011         435382.243      6479237.299     0.00      
3690.00   86.70     23.96     3076.56   344.501         701.380         435394.402      6479264.658     0.00      
3720.00   86.70     23.96     3078.29   356.665         728.749         435406.562      6479292.018     0.00      
3750.00   86.70     23.96     3080.01   368.829         756.118         435418.721      6479319.377     0.00      
3780.00   86.70     23.96     3081.74   380.993         783.487         435430.881      6479346.737     0.00      
3810.00   86.70     23.96     3083.47   393.156         810.856         435443.040      6479374.097     0.00      
3840.00   86.70     23.96     3085.19   405.320         838.225         435455.200      6479401.456     0.00      
3870.00   86.70     23.96     3086.92   417.484         865.594         435467.359      6479428.816     0.00      
3888.84   86.70     23.96     3088.00   425.124         882.786         435474.997      6479446.001     0.00      
