HEADER INFORMATION (all units in Statoil default) 
----------------------------------------------------------------
COMPANY: Statoil Norway
FIELD: SLEIPNER
WELL NAME: F-3
WELLBORE NAME: F-3
Drilled From: Well Ref. Point
Kick Off Depth: 145.00m
Survey Name: F-3 _IOR_SE_entry(Top Hugin)  rev2 YH-(240221)
Survey Date: 24.02.2012
Extraction Date: 03.04.2018
----------------------------------------------------------------
Calculation Method: Minimum Curvature
Datum Name: Maersk Inspirer (copy)(54.00m)
----------------------------------------------------------------
Surface EW: 435048.718m
Surface NS: 6478562.780m
Surface Latitude: 58° 26' 29.7821 N
Surface Longitude: 1° 53' 14.8489 E
Bottom Hole MD: 3216.43m
Bottom Hole TVD: 2883.31m
Bottom Hole EW: 435022.940m
Bottom Hole NS: 6478314.820m
----------------------------------------------------------------
Survey Program:  
H  145 - 3216 F-3 _IOR_SE_ENTRY(TOP HUGIN)  REV2 YH-(240221) : MAGNETIC, IFR, NON-MAG
----------------------------------------------------------------
Water Depth: 91.00m
KB-WH: 145.00m
KB-MSL: 54.00m
System Datum: Mean Sea Level
----------------------------------------------------------------
Map-Zone: Zone 31N (0 E to 6 E)
North Reference: Grid
Geo Datum: European 1950 - Mean
Vertical Section Direction: 185.94deg
----------------------------------------------------------------
SURVEY LIST
MD        Inc       Azim      TVD       X-Offset (E/W)  Y-Offset (N/S)  UTM E/W         UTM N/S         DLS
m RKB     deg       deg       m RKB     m               m               m               m               deg/30m
-0.90     0.00      0.00      -0.90     -1.304          -0.743          435048.718      6478562.780     0.00      
145.00    0.00      0.00      145.00    -1.304          -0.743          435048.718      6478562.780     0.00      
150.00    0.00      0.00      150.00    -1.304          -0.743          435048.718      6478562.780     0.00      
180.00    0.00      0.00      180.00    -1.304          -0.743          435048.718      6478562.780     0.00      
210.00    0.00      0.00      210.00    -1.304          -0.743          435048.718      6478562.780     0.00      
240.00    0.00      0.00      240.00    -1.304          -0.743          435048.718      6478562.780     0.00      
270.00    0.00      0.00      270.00    -1.304          -0.743          435048.718      6478562.780     0.00      
300.00    0.00      0.00      300.00    -1.304          -0.743          435048.718      6478562.780     0.00      
330.00    0.00      0.00      330.00    -1.304          -0.743          435048.718      6478562.780     0.00      
360.00    0.00      0.00      360.00    -1.304          -0.743          435048.718      6478562.780     0.00      
390.00    0.00      0.00      390.00    -1.304          -0.743          435048.718      6478562.780     0.00      
420.00    0.00      0.00      420.00    -1.304          -0.743          435048.718      6478562.780     0.00      
450.00    0.00      0.00      450.00    -1.304          -0.743          435048.718      6478562.780     0.00      
480.00    0.00      0.00      480.00    -1.304          -0.743          435048.718      6478562.780     0.00      
500.00    0.00      0.00      500.00    -1.304          -0.743          435048.718      6478562.780     0.00      
510.00    0.21      290.00    510.00    -1.321          -0.737          435048.701      6478562.786     0.62      
540.00    0.83      290.00    540.00    -1.575          -0.644          435048.446      6478562.879     0.62      
570.00    1.45      290.00    569.99    -2.136          -0.440          435047.886      6478563.083     0.62      
600.00    2.07      290.00    599.98    -3.002          -0.125          435047.020      6478563.398     0.62      
630.00    2.69      290.00    629.95    -4.173          0.301           435045.850      6478563.824     0.62      
660.00    3.31      290.00    659.91    -5.649          0.838           435044.374      6478564.361     0.62      
690.00    3.93      290.00    689.85    -7.431          1.487           435042.593      6478565.009     0.62      
720.00    4.56      290.00    719.77    -9.518          2.246           435040.507      6478565.769     0.62      
750.00    5.18      290.00    749.66    -11.909         3.117           435038.116      6478566.639     0.62      
780.00    5.80      290.00    779.52    -14.604         4.098           435035.422      6478567.619     0.62      
810.00    6.42      290.00    809.35    -17.604         5.190           435032.423      6478568.711     0.62      
840.00    7.04      290.00    839.15    -20.907         6.392           435029.121      6478569.913     0.62      
870.00    7.66      290.00    868.90    -24.514         7.705           435025.515      6478571.225     0.62      
900.00    8.28      290.00    898.61    -28.424         9.128           435021.607      6478572.647     0.62      
930.00    8.90      290.00    928.27    -32.636         10.661          435017.396      6478574.180     0.62      
960.00    9.52      290.00    957.88    -37.150         12.304          435012.884      6478575.822     0.62      
990.00    10.15     290.00    987.44    -41.965         14.056          435008.070      6478577.574     0.62      
1020.00   10.77     290.00    1016.94   -47.082         15.919          435002.956      6478579.436     0.62      
1050.00   11.39     290.00    1046.39   -52.498         17.890          434997.541      6478581.407     0.62      
1080.00   12.01     290.00    1075.76   -58.214         19.970          434991.827      6478583.487     0.62      
1110.00   12.63     290.00    1105.07   -64.229         22.160          434985.814      6478585.675     0.62      
1140.00   13.25     290.00    1134.31   -70.543         24.458          434979.503      6478587.972     0.62      
1170.00   13.87     290.00    1163.47   -77.153         26.864          434972.894      6478590.377     0.62      
1200.00   14.49     290.00    1192.56   -84.061         29.378          434965.989      6478592.891     0.62      
1230.00   15.12     290.00    1221.56   -91.264         32.000          434958.788      6478595.512     0.62      
1260.00   15.74     290.00    1250.48   -98.763         34.729          434951.292      6478598.240     0.62      
1290.00   16.36     290.00    1279.31   -106.555        37.565          434943.503      6478601.075     0.62      
1320.00   16.98     290.00    1308.05   -114.641        40.508          434935.419      6478604.017     0.62      
1350.00   17.60     290.00    1336.70   -123.020        43.558          434927.044      6478607.066     0.62      
1380.00   16.26     295.12    1365.40   -131.086        46.892          434918.980      6478610.399     2.00      
1410.00   15.07     301.07    1394.28   -138.232        50.689          434911.837      6478614.194     2.00      
1440.00   14.06     307.94    1423.32   -144.447        54.942          434905.624      6478618.446     2.00      
1470.00   13.27     315.72    1452.47   -149.725        59.648          434900.348      6478623.150     2.00      
1500.00   12.74     324.30    1481.71   -154.059        64.799          434896.015      6478628.300     2.00      
1530.00   12.51     333.40    1510.98   -157.444        70.390          434892.631      6478633.889     2.00      
1560.00   12.59     342.61    1540.27   -159.876        76.415          434890.200      6478639.911     2.00      
1590.00   12.97     351.49    1569.53   -161.352        82.865          434888.726      6478646.359     2.00      
1620.00   13.64     359.69    1598.73   -161.869        89.733          434888.208      6478653.225     2.00      
1650.00   14.55     7.02      1627.83   -161.428        97.010          434888.650      6478660.500     2.00      
1680.00   15.66     13.41     1656.79   -160.028        104.688         434890.049      6478668.175     2.00      
1710.00   16.93     18.93     1685.59   -157.672        112.758         434892.404      6478676.242     2.00      
1724.32   17.58     21.28     1699.26   -156.211        116.745         434893.864      6478680.227     2.00      
1740.00   17.58     21.28     1714.21   -154.493        121.157         434895.582      6478684.638     0.00      
1770.00   17.58     21.28     1742.81   -151.204        129.600         434898.869      6478693.078     0.00      
1800.00   17.58     21.28     1771.41   -147.916        138.043         434902.156      6478701.518     0.00      
1830.00   17.58     21.28     1800.01   -144.628        146.485         434905.443      6478709.957     0.00      
1860.00   17.58     21.28     1828.61   -141.340        154.928         434908.730      6478718.397     0.00      
1890.00   17.58     21.28     1857.21   -138.052        163.371         434912.017      6478726.837     0.00      
1920.00   17.58     21.28     1885.81   -134.764        171.813         434915.304      6478735.276     0.00      
1950.00   17.58     21.28     1914.41   -131.476        180.256         434918.591      6478743.716     0.00      
1980.00   17.58     21.28     1943.01   -128.188        188.699         434921.878      6478752.156     0.00      
2010.00   17.58     21.28     1971.60   -124.899        197.141         434925.165      6478760.596     0.00      
2040.00   17.58     21.28     2000.20   -121.611        205.584         434928.452      6478769.035     0.00      
2070.00   17.58     21.28     2028.80   -118.323        214.027         434931.739      6478777.475     0.00      
2100.00   17.58     21.28     2057.40   -115.035        222.469         434935.026      6478785.915     0.00      
2130.00   17.58     21.28     2086.00   -111.747        230.912         434938.313      6478794.354     0.00      
2160.00   17.58     21.28     2114.60   -108.459        239.355         434941.600      6478802.794     0.00      
2190.00   17.58     21.28     2143.20   -105.171        247.797         434944.887      6478811.234     0.00      
2202.66   17.58     21.28     2155.27   -103.783        251.360         434946.274      6478814.795     0.00      
2220.00   15.98     23.60     2171.87   -101.877        255.987         434948.179      6478819.421     3.00      
2250.00   13.29     28.89     2200.90   -98.557         262.792         434951.498      6478826.223     3.00      
2280.00   10.76     36.69     2230.24   -95.217         268.058         434954.837      6478831.488     3.00      
2310.00   8.54      48.82     2259.81   -91.866         271.772         434958.187      6478835.200     3.00      
2340.00   6.93      67.81     2289.54   -88.513         273.922         434961.539      6478837.350     3.00      
2370.00   6.40      93.48     2319.35   -85.167         274.504         434964.884      6478837.932     3.00      
2400.00   7.20      118.11    2349.14   -81.837         273.516         434968.212      6478836.944     3.00      
2430.00   8.99      135.43    2378.85   -78.533         270.960         434971.515      6478834.389     3.00      
2460.00   11.29     146.42    2408.38   -75.263         266.843         434974.784      6478830.273     3.00      
2490.00   13.86     153.55    2437.66   -72.037         261.177         434978.009      6478824.610     3.00      
2520.00   16.58     158.44    2466.60   -68.864         253.978         434981.181      6478817.412     3.00      
2550.00   19.37     161.98    2495.14   -65.751         245.264         434984.293      6478808.702     3.00      
2580.00   22.22     164.64    2523.18   -62.708         235.060         434987.335      6478798.501     3.00      
2610.00   25.10     166.72    2550.66   -59.743         223.394         434990.299      6478786.839     3.00      
2640.00   28.01     168.40    2577.49   -56.864         210.298         434993.177      6478773.747     3.00      
2670.00   30.93     169.78    2603.61   -54.079         195.807         434995.961      6478759.262     3.00      
2700.00   33.86     170.95    2628.93   -51.396         179.961         434998.643      6478743.422     3.00      
2730.00   36.81     171.95    2653.40   -48.821         162.805         435001.216      6478726.271     3.00      
2760.00   39.76     172.82    2676.95   -46.363         144.384         435003.674      6478707.857     3.00      
2790.00   42.72     173.59    2699.51   -44.027         124.750         435006.009      6478688.229     3.00      
2820.00   45.68     174.28    2721.01   -41.821         103.956         435008.214      6478667.442     3.00      
2850.00   48.64     174.90    2741.41   -39.750         82.058          435010.285      6478645.553     3.00      
2880.00   51.61     175.47    2760.64   -37.819         59.118          435012.215      6478622.621     3.00      
2910.00   54.58     175.99    2778.65   -36.035         35.199          435013.998      6478598.709     3.00      
2940.00   57.55     176.48    2795.40   -34.402         10.364          435015.631      6478573.884     3.00      
2970.00   60.53     176.93    2810.83   -32.924         -15.317         435017.108      6478548.212     3.00      
3000.00   63.50     177.36    2824.91   -31.606         -41.773         435018.426      6478521.764     3.00      
3030.00   66.48     177.77    2837.59   -30.451         -68.933         435019.580      6478494.614     3.00      
3060.00   69.46     178.16    2848.84   -29.463         -96.722         435020.568      6478466.834     3.00      
3090.00   72.44     178.53    2858.63   -28.643         -125.064        435021.387      6478438.502     3.00      
3120.00   75.42     178.89    2866.93   -27.995         -153.881        435022.035      6478409.695     3.00      
3150.00   78.40     179.24    2873.73   -27.520         -183.094        435022.510      6478380.493     3.00      
3180.00   81.38     179.59    2878.99   -27.220         -212.624        435022.811      6478350.974     3.00      
3210.00   84.36     179.93    2882.71   -27.094         -242.388        435022.936      6478321.220     3.00      
3216.43   85.00     180.00    2883.31   -27.090         -248.790        435022.940      6478314.820     3.00      
