HEADER INFORMATION (all units in Statoil default) 
----------------------------------------------------------------
COMPANY: Statoil Norway
FIELD: SLEIPNER
WELL NAME: Relief well location 3
WELLBORE NAME: F-15 C Top Resevoir Intersection
Drilled From: Well Ref. Point
Kick Off Depth: 145.90m
Survey Name: F-15 C Top Reservoir Intersection revp1
Survey Date: 12.08.2013
Extraction Date: 26.03.2018
----------------------------------------------------------------
Calculation Method: Minimum Curvature
Datum Name: WELL(54.90m)
----------------------------------------------------------------
Surface EW: 434552.000m
Surface NS: 6478471.000m
Surface Latitude: 58° 26' 26.5485 N
Surface Longitude: 1° 52' 44.3204 E
Bottom Hole MD: 3105.53m
Bottom Hole TVD: 2943.00m
Bottom Hole EW: 434831.999m
Bottom Hole NS: 6477864.001m
----------------------------------------------------------------
Survey Program:  
H  146 - 3106 F-15 C TOP RESERVOIR INTERSECTION REVP1 : 
----------------------------------------------------------------
Water Depth: 91.00m
KB-WH: 145.90m
KB-MSL: 54.90m
System Datum: Mean Sea Level
----------------------------------------------------------------
Map-Zone: Zone 31N (0 E to 6 E)
North Reference: Grid
Geo Datum: European 1950 - Mean
Vertical Section Direction: 155.24deg
----------------------------------------------------------------
SURVEY LIST
MD        Inc       Azim      TVD       X-Offset (E/W)  Y-Offset (N/S)  UTM E/W         UTM N/S         DLS
m RKB     deg       deg       m RKB     m               m               m               m               deg/30m
145.90    0.00      0.00      145.90    -498.194        -92.555         434552.000      6478471.000     0.00      
150.00    0.00      0.00      150.00    -498.194        -92.555         434552.000      6478471.000     0.00      
180.00    0.00      0.00      180.00    -498.194        -92.555         434552.000      6478471.000     0.00      
210.00    0.00      0.00      210.00    -498.194        -92.555         434552.000      6478471.000     0.00      
240.00    0.00      0.00      240.00    -498.194        -92.555         434552.000      6478471.000     0.00      
270.00    0.00      0.00      270.00    -498.194        -92.555         434552.000      6478471.000     0.00      
300.00    0.00      0.00      300.00    -498.194        -92.555         434552.000      6478471.000     0.00      
330.00    0.00      0.00      330.00    -498.194        -92.555         434552.000      6478471.000     0.00      
360.00    0.00      0.00      360.00    -498.194        -92.555         434552.000      6478471.000     0.00      
390.00    0.00      0.00      390.00    -498.194        -92.555         434552.000      6478471.000     0.00      
420.00    0.00      0.00      420.00    -498.194        -92.555         434552.000      6478471.000     0.00      
450.00    0.00      0.00      450.00    -498.194        -92.555         434552.000      6478471.000     0.00      
480.00    0.00      0.00      480.00    -498.194        -92.555         434552.000      6478471.000     0.00      
510.00    0.00      0.00      510.00    -498.194        -92.555         434552.000      6478471.000     0.00      
540.00    0.00      0.00      540.00    -498.194        -92.555         434552.000      6478471.000     0.00      
570.00    0.00      0.00      570.00    -498.194        -92.555         434552.000      6478471.000     0.00      
600.00    0.00      0.00      600.00    -498.194        -92.555         434552.000      6478471.000     0.00      
630.00    0.00      0.00      630.00    -498.194        -92.555         434552.000      6478471.000     0.00      
645.90    0.00      0.00      645.90    -498.194        -92.555         434552.000      6478471.000     0.00      
660.00    0.71      141.64    660.00    -498.141        -92.623         434552.054      6478470.932     1.50      
690.00    2.21      141.64    689.99    -497.668        -93.221         434552.526      6478470.335     1.50      
720.00    3.71      141.64    719.95    -496.708        -94.433         434553.486      6478469.123     1.50      
750.00    5.21      141.64    749.86    -495.262        -96.260         434554.931      6478467.296     1.50      
780.00    6.71      141.64    779.69    -493.331        -98.701         434556.862      6478464.856     1.50      
810.00    8.21      141.64    809.44    -490.915        -101.753        434559.277      6478461.805     1.50      
840.00    9.71      141.64    839.07    -488.017        -105.415        434562.174      6478458.145     1.50      
870.00    11.21     141.64    868.57    -484.639        -109.683        434565.551      6478453.878     1.50      
900.00    12.71     141.64    897.92    -480.783        -114.556        434569.406      6478449.007     1.50      
930.00    14.21     141.64    927.10    -476.451        -120.030        434573.736      6478443.535     1.50      
960.00    15.71     141.64    956.08    -471.646        -126.100        434578.539      6478437.467     1.50      
990.00    17.21     141.64    984.85    -466.373        -132.763        434583.810      6478430.806     1.50      
1020.00   18.71     141.64    1013.39   -460.634        -140.015        434589.547      6478423.557     1.50      
1050.00   20.21     141.64    1041.68   -454.433        -147.850        434595.746      6478415.725     1.50      
1080.00   21.71     141.64    1069.69   -447.775        -156.263        434602.402      6478407.315     1.50      
1110.00   23.21     141.64    1097.42   -440.664        -165.248        434609.510      6478398.333     1.50      
1140.00   24.71     141.64    1124.83   -433.105        -174.799        434617.066      6478388.785     1.50      
1170.00   26.21     141.64    1151.92   -425.104        -184.909        434625.065      6478378.678     1.50      
1186.00   27.01     141.64    1166.23   -420.656        -190.529        434629.511      6478373.060     1.50      
1200.00   27.01     141.64    1178.70   -416.712        -195.513        434633.454      6478368.078     0.00      
1230.00   27.01     141.64    1205.43   -408.258        -206.194        434641.905      6478357.400     0.00      
1260.00   27.01     141.64    1232.16   -399.805        -216.876        434650.355      6478346.722     0.00      
1290.00   27.01     141.64    1258.88   -391.351        -227.558        434658.806      6478336.045     0.00      
1320.00   27.01     141.64    1285.61   -382.897        -238.239        434667.257      6478325.367     0.00      
1350.00   27.01     141.64    1312.34   -374.444        -248.921        434675.708      6478314.689     0.00      
1380.00   27.01     141.64    1339.07   -365.990        -259.603        434684.158      6478304.011     0.00      
1410.00   27.01     141.64    1365.80   -357.536        -270.284        434692.609      6478293.333     0.00      
1440.00   27.01     141.64    1392.53   -349.083        -280.966        434701.060      6478282.655     0.00      
1470.00   27.01     141.64    1419.26   -340.629        -291.648        434709.510      6478271.977     0.00      
1500.00   27.01     141.64    1445.99   -332.176        -302.329        434717.961      6478261.299     0.00      
1530.00   27.01     141.64    1472.72   -323.722        -313.011        434726.412      6478250.621     0.00      
1560.00   27.01     141.64    1499.45   -315.268        -323.693        434734.863      6478239.943     0.00      
1590.00   27.01     141.64    1526.17   -306.815        -334.374        434743.313      6478229.265     0.00      
1620.00   27.01     141.64    1552.90   -298.361        -345.056        434751.764      6478218.587     0.00      
1650.00   27.01     141.64    1579.63   -289.907        -355.738        434760.215      6478207.909     0.00      
1680.00   27.01     141.64    1606.36   -281.454        -366.419        434768.665      6478197.231     0.00      
1710.00   27.01     141.64    1633.09   -273.000        -377.101        434777.116      6478186.553     0.00      
1740.00   27.01     141.64    1659.82   -264.546        -387.783        434785.567      6478175.875     0.00      
1770.00   27.01     141.64    1686.55   -256.093        -398.464        434794.017      6478165.197     0.00      
1800.00   27.01     141.64    1713.28   -247.639        -409.146        434802.468      6478154.519     0.00      
1830.00   27.01     141.64    1740.01   -239.185        -419.828        434810.919      6478143.841     0.00      
1860.00   27.01     141.64    1766.73   -230.732        -430.509        434819.370      6478133.164     0.00      
1890.00   27.01     141.64    1793.46   -222.278        -441.191        434827.820      6478122.486     0.00      
1920.00   27.01     141.64    1820.19   -213.824        -451.873        434836.271      6478111.808     0.00      
1950.00   27.01     141.64    1846.92   -205.371        -462.554        434844.722      6478101.130     0.00      
1980.00   27.01     141.64    1873.65   -196.917        -473.236        434853.172      6478090.452     0.00      
2010.00   27.01     141.64    1900.38   -188.463        -483.918        434861.623      6478079.774     0.00      
2040.00   27.01     141.64    1927.11   -180.010        -494.599        434870.074      6478069.096     0.00      
2070.00   27.01     141.64    1953.84   -171.556        -505.281        434878.525      6478058.418     0.00      
2100.00   27.01     141.64    1980.57   -163.102        -515.963        434886.975      6478047.740     0.00      
2130.00   27.01     141.64    2007.30   -154.649        -526.644        434895.426      6478037.062     0.00      
2160.00   27.01     141.64    2034.02   -146.195        -537.326        434903.877      6478026.384     0.00      
2190.00   27.01     141.64    2060.75   -137.741        -548.008        434912.327      6478015.706     0.00      
2211.03   27.01     141.64    2079.49   -131.814        -555.497        434918.253      6478008.219     0.00      
2220.00   26.31     142.27    2087.51   -129.335        -558.665        434920.731      6478005.053     2.50      
2250.00   24.02     144.61    2114.66   -121.729        -568.903        434928.335      6477994.818     2.50      
2280.00   21.77     147.41    2142.29   -115.196        -578.570        434934.865      6477985.155     2.50      
2310.00   19.58     150.82    2170.36   -109.748        -587.646        434940.311      6477976.082     2.50      
2340.00   17.46     155.02    2198.81   -105.396        -596.115        434944.662      6477967.615     2.50      
2370.00   15.46     160.32    2227.58   -102.148        -603.961        434947.908      6477959.773     2.50      
2400.00   13.62     167.07    2256.62   -100.011        -611.168        434950.045      6477952.568     2.50      
2430.00   12.01     175.73    2285.87   -98.988         -617.723        434951.068      6477946.015     2.50      
2460.00   10.74     186.69    2315.29   -99.081         -623.614        434950.975      6477940.126     2.50      
2490.00   9.95      199.93    2344.80   -100.290        -628.829        434949.766      6477934.913     2.50      
2520.00   9.75      214.53    2374.37   -102.613        -633.358        434947.444      6477930.385     2.50      
2550.00   10.16     228.83    2403.92   -106.045        -637.193        434944.012      6477926.552     2.50      
2576.53   11.00     240.00    2430.00   -110.000        -640.000        434940.059      6477923.746     2.50      
2580.00   11.00     240.00    2433.41   -110.573        -640.331        434939.486      6477923.415     0.00      
2610.00   11.00     240.00    2462.85   -115.531        -643.193        434934.530      6477920.554     0.00      
2640.00   11.00     240.00    2492.30   -120.488        -646.055        434929.575      6477917.693     0.00      
2670.00   11.00     240.00    2521.75   -125.445        -648.917        434924.619      6477914.832     0.00      
2700.00   11.00     240.00    2551.20   -130.403        -651.780        434919.664      6477911.970     0.00      
2730.00   11.00     240.00    2580.65   -135.360        -654.642        434914.708      6477909.109     0.00      
2760.00   11.00     240.00    2610.10   -140.318        -657.504        434909.752      6477906.248     0.00      
2790.00   11.00     240.00    2639.55   -145.275        -660.366        434904.797      6477903.387     0.00      
2820.00   11.00     240.00    2669.00   -150.232        -663.228        434899.841      6477900.526     0.00      
2850.00   11.00     240.00    2698.45   -155.190        -666.090        434894.885      6477897.665     0.00      
2880.00   11.00     240.00    2727.89   -160.147        -668.952        434889.930      6477894.804     0.00      
2906.53   11.00     240.00    2753.94   -164.531        -671.483        434885.547      6477892.273     0.00      
2910.00   11.24     240.07    2757.34   -165.111        -671.818        434884.968      6477891.939     2.04      
2940.00   13.28     240.65    2786.66   -170.646        -674.966        434879.434      6477888.792     2.04      
2970.00   15.32     241.23    2815.73   -177.122        -678.564        434872.961      6477885.195     2.05      
3000.00   17.36     241.81    2844.51   -184.540        -682.587        434865.546      6477881.174     2.05      
3030.00   19.40     242.39    2872.98   -192.899        -687.011        434857.189      6477876.751     2.05      
3060.00   21.44     242.98    2901.09   -202.198        -691.813        434847.893      6477871.951     2.05      
3090.00   23.48     243.56    2928.82   -212.434        -696.968        434837.661      6477866.798     2.05      
3105.53   24.54     243.86    2943.00   -218.097        -699.766        434831.999      6477864.001     2.05      
