HEADER INFORMATION (all units in Statoil default) 
----------------------------------------------------------------
COMPANY: Statoil Norway
FIELD: SLEIPNER
WELL NAME: Relief well location 4
WELLBORE NAME: F-15 C Top Reservoir Intersection
Drilled From: Well Ref. Point
Kick Off Depth: 145.90m
Survey Name: F-15 C Top Reservoir Intersection revp1
Survey Date: 12.08.2013
Extraction Date: 26.03.2018
----------------------------------------------------------------
Calculation Method: Minimum Curvature
Datum Name: WELL(54.90m)
----------------------------------------------------------------
Surface EW: 435030.000m
Surface NS: 6477220.000m
Surface Latitude: 58° 25' 46.3658 N
Surface Longitude: 1° 53' 15.0647 E
Bottom Hole MD: 3102.68m
Bottom Hole TVD: 2943.00m
Bottom Hole EW: 434832.000m
Bottom Hole NS: 6477863.999m
----------------------------------------------------------------
Survey Program:  
H  146 - 3103 F-15 C TOP RESERVOIR INTERSECTION REVP1 : 
----------------------------------------------------------------
Water Depth: 91.00m
KB-WH: 145.90m
KB-MSL: 54.90m
System Datum: Mean Sea Level
----------------------------------------------------------------
Map-Zone: Zone 31N (0 E to 6 E)
North Reference: Grid
Geo Datum: European 1950 - Mean
Vertical Section Direction: 342.91deg
----------------------------------------------------------------
SURVEY LIST
MD        Inc       Azim      TVD       X-Offset (E/W)  Y-Offset (N/S)  UTM E/W         UTM N/S         DLS
m RKB     deg       deg       m RKB     m               m               m               m               deg/30m
145.90    0.00      0.00      145.90    -20.028         -1343.991       435030.000      6477220.000     0.00      
150.00    0.00      360.00    150.00    -20.028         -1343.991       435030.000      6477220.000     0.00      
180.00    0.00      360.00    180.00    -20.028         -1343.991       435030.000      6477220.000     0.00      
210.00    0.00      360.00    210.00    -20.028         -1343.991       435030.000      6477220.000     0.00      
240.00    0.00      360.00    240.00    -20.028         -1343.991       435030.000      6477220.000     0.00      
270.00    0.00      360.00    270.00    -20.028         -1343.991       435030.000      6477220.000     0.00      
300.00    0.00      360.00    300.00    -20.028         -1343.991       435030.000      6477220.000     0.00      
330.00    0.00      360.00    330.00    -20.028         -1343.991       435030.000      6477220.000     0.00      
360.00    0.00      360.00    360.00    -20.028         -1343.991       435030.000      6477220.000     0.00      
390.00    0.00      360.00    390.00    -20.028         -1343.991       435030.000      6477220.000     0.00      
420.00    0.00      360.00    420.00    -20.028         -1343.991       435030.000      6477220.000     0.00      
450.00    0.00      360.00    450.00    -20.028         -1343.991       435030.000      6477220.000     0.00      
480.00    0.00      360.00    480.00    -20.028         -1343.991       435030.000      6477220.000     0.00      
510.00    0.00      360.00    510.00    -20.028         -1343.991       435030.000      6477220.000     0.00      
540.00    0.00      360.00    540.00    -20.028         -1343.991       435030.000      6477220.000     0.00      
570.00    0.00      360.00    570.00    -20.028         -1343.991       435030.000      6477220.000     0.00      
600.00    0.00      360.00    600.00    -20.028         -1343.991       435030.000      6477220.000     0.00      
630.00    0.00      360.00    630.00    -20.028         -1343.991       435030.000      6477220.000     0.00      
645.90    0.00      360.00    645.90    -20.028         -1343.991       435030.000      6477220.000     0.00      
660.00    0.71      355.75    660.00    -20.034         -1343.905       435029.994      6477220.086     1.50      
690.00    2.21      355.75    689.99    -20.091         -1343.145       435029.937      6477220.846     1.50      
720.00    3.71      355.75    719.95    -20.205         -1341.603       435029.823      6477222.388     1.50      
750.00    5.21      355.75    749.86    -20.378         -1339.279       435029.650      6477224.711     1.50      
780.00    6.71      355.75    779.69    -20.608         -1336.175       435029.420      6477227.813     1.50      
810.00    8.21      355.75    809.44    -20.897         -1332.293       435029.132      6477231.694     1.50      
840.00    9.71      355.75    839.07    -21.242         -1327.637       435028.786      6477236.349     1.50      
870.00    11.21     355.75    868.57    -21.646         -1322.208       435028.383      6477241.776     1.50      
900.00    12.71     355.75    897.92    -22.106         -1316.011       435027.923      6477247.971     1.50      
930.00    14.21     355.75    927.10    -22.623         -1309.050       435027.406      6477254.929     1.50      
960.00    15.71     355.75    956.08    -23.196         -1301.329       435026.833      6477262.647     1.50      
990.00    17.21     355.75    984.85    -23.826         -1292.855       435026.204      6477271.118     1.50      
1020.00   18.71     355.75    1013.39   -24.511         -1283.633       435025.519      6477280.337     1.50      
1050.00   20.21     355.75    1041.68   -25.251         -1273.668       435024.779      6477290.298     1.50      
1080.00   21.71     355.75    1069.69   -26.045         -1262.969       435023.985      6477300.994     1.50      
1110.00   23.21     355.75    1097.42   -26.894         -1251.542       435023.136      6477312.417     1.50      
1140.00   24.71     355.75    1124.83   -27.796         -1239.395       435022.235      6477324.559     1.50      
1170.00   26.21     355.75    1151.92   -28.751         -1226.537       435021.280      6477337.413     1.50      
1188.11   27.11     355.75    1168.10   -29.353         -1218.435       435020.678      6477345.512     1.50      
1200.00   27.11     355.75    1178.69   -29.754         -1213.031       435020.277      6477350.915     0.00      
1230.00   27.11     355.75    1205.39   -30.767         -1199.397       435019.265      6477364.544     0.00      
1260.00   27.11     355.75    1232.09   -31.779         -1185.764       435018.253      6477378.172     0.00      
1290.00   27.11     355.75    1258.80   -32.792         -1172.130       435017.241      6477391.801     0.00      
1320.00   27.11     355.75    1285.50   -33.804         -1158.496       435016.228      6477405.430     0.00      
1350.00   27.11     355.75    1312.21   -34.817         -1144.863       435015.216      6477419.059     0.00      
1380.00   27.11     355.75    1338.91   -35.829         -1131.229       435014.204      6477432.688     0.00      
1410.00   27.11     355.75    1365.61   -36.842         -1117.595       435013.192      6477446.317     0.00      
1440.00   27.11     355.75    1392.32   -37.854         -1103.962       435012.180      6477459.946     0.00      
1470.00   27.11     355.75    1419.02   -38.867         -1090.328       435011.168      6477473.575     0.00      
1500.00   27.11     355.75    1445.73   -39.879         -1076.694       435010.155      6477487.204     0.00      
1530.00   27.11     355.75    1472.43   -40.892         -1063.061       435009.143      6477500.833     0.00      
1560.00   27.11     355.75    1499.13   -41.905         -1049.427       435008.131      6477514.462     0.00      
1590.00   27.11     355.75    1525.84   -42.917         -1035.793       435007.119      6477528.091     0.00      
1620.00   27.11     355.75    1552.54   -43.930         -1022.160       435006.107      6477541.719     0.00      
1650.00   27.11     355.75    1579.24   -44.942         -1008.526       435005.094      6477555.348     0.00      
1680.00   27.11     355.75    1605.95   -45.955         -994.892        435004.082      6477568.977     0.00      
1710.00   27.11     355.75    1632.65   -46.967         -981.259        435003.070      6477582.606     0.00      
1740.00   27.11     355.75    1659.36   -47.980         -967.625        435002.058      6477596.235     0.00      
1770.00   27.11     355.75    1686.06   -48.992         -953.991        435001.046      6477609.864     0.00      
1800.00   27.11     355.75    1712.76   -50.005         -940.358        435000.033      6477623.493     0.00      
1830.00   27.11     355.75    1739.47   -51.017         -926.724        434999.021      6477637.122     0.00      
1860.00   27.11     355.75    1766.17   -52.030         -913.090        434998.009      6477650.751     0.00      
1890.00   27.11     355.75    1792.88   -53.043         -899.457        434996.997      6477664.380     0.00      
1920.00   27.11     355.75    1819.58   -54.055         -885.823        434995.985      6477678.009     0.00      
1950.00   27.11     355.75    1846.28   -55.068         -872.189        434994.972      6477691.638     0.00      
1980.00   27.11     355.75    1872.99   -56.080         -858.556        434993.960      6477705.266     0.00      
2010.00   27.11     355.75    1899.69   -57.093         -844.922        434992.948      6477718.895     0.00      
2040.00   27.11     355.75    1926.40   -58.105         -831.288        434991.936      6477732.524     0.00      
2070.00   27.11     355.75    1953.10   -59.118         -817.655        434990.924      6477746.153     0.00      
2100.00   27.11     355.75    1979.80   -60.130         -804.021        434989.911      6477759.782     0.00      
2130.00   27.11     355.75    2006.51   -61.143         -790.387        434988.899      6477773.411     0.00      
2160.00   27.11     355.75    2033.21   -62.155         -776.754        434987.887      6477787.040     0.00      
2190.00   27.11     355.75    2059.92   -63.168         -763.120        434986.875      6477800.669     0.00      
2194.34   27.11     355.75    2063.77   -63.314         -761.149        434986.729      6477802.639     0.00      
2220.00   25.12     354.00    2086.82   -64.317         -749.900        434985.726      6477813.884     2.50      
2250.00   22.82     351.58    2114.23   -65.835         -737.812        434984.209      6477825.968     2.50      
2280.00   20.56     348.66    2142.11   -67.723         -726.891        434982.322      6477836.885     2.50      
2310.00   18.36     345.07    2170.39   -69.976         -717.158        434980.069      6477846.614     2.50      
2340.00   16.25     340.56    2199.03   -72.591         -708.632        434977.455      6477855.138     2.50      
2370.00   14.26     334.79    2227.97   -75.563         -701.328        434974.484      6477862.439     2.50      
2400.00   12.46     327.29    2257.16   -78.886         -695.260        434971.162      6477868.505     2.50      
2430.00   10.92     317.53    2286.54   -82.554         -690.441        434967.496      6477873.322     2.50      
2460.00   9.78      305.09    2316.06   -86.559         -686.879        434963.492      6477876.883     2.50      
2490.00   9.20      290.31    2345.65   -90.895         -684.581        434959.158      6477879.180     2.50      
2520.00   9.27      274.68    2375.27   -95.552         -683.551        434954.502      6477880.210     2.50      
2550.00   9.98      260.30    2404.85   -100.523        -683.792        434949.533      6477879.969     2.50      
2575.58   11.00     250.00    2430.00   -105.000        -685.000        434945.057      6477878.762     2.50      
2580.00   11.00     250.00    2434.34   -105.793        -685.289        434944.264      6477878.473     0.00      
2610.00   11.00     250.00    2463.79   -111.172        -687.247        434938.887      6477876.516     0.00      
2640.00   11.00     250.00    2493.24   -116.551        -689.204        434933.510      6477874.559     0.00      
2670.00   11.00     250.00    2522.69   -121.931        -691.162        434928.133      6477872.602     0.00      
2700.00   11.00     250.00    2552.14   -127.310        -693.120        434922.756      6477870.644     0.00      
2730.00   11.00     250.00    2581.59   -132.689        -695.078        434917.378      6477868.687     0.00      
2760.00   11.00     250.00    2611.04   -138.068        -697.036        434912.001      6477866.730     0.00      
2790.00   11.00     250.00    2640.49   -143.447        -698.993        434906.624      6477864.773     0.00      
2820.00   11.00     250.00    2669.93   -148.826        -700.951        434901.247      6477862.816     0.00      
2850.00   11.00     250.00    2699.38   -154.205        -702.909        434895.870      6477860.859     0.00      
2880.00   11.00     250.00    2728.83   -159.584        -704.867        434890.493      6477858.902     0.00      
2885.58   11.00     250.00    2734.30   -160.584        -705.231        434889.493      6477858.538     0.00      
2910.00   11.28     260.45    2758.27   -165.129        -706.424        434884.949      6477857.345     2.50      
2940.00   12.08     272.17    2787.65   -171.161        -706.792        434878.919      6477856.977     2.50      
2963.16   13.00     280.00    2810.26   -176.149        -706.248        434873.934      6477857.521     2.50      
2970.00   13.46     279.89    2816.92   -177.692        -705.978        434872.391      6477857.791     2.04      
3000.00   15.50     279.41    2845.97   -185.088        -704.721        434864.997      6477859.047     2.04      
3030.00   17.54     278.93    2874.73   -193.508        -703.363        434856.580      6477860.405     2.04      
3060.00   19.57     278.44    2903.17   -202.944        -701.923        434847.148      6477861.845     2.04      
3090.00   21.61     277.96    2931.25   -213.385        -700.418        434836.710      6477863.349     2.04      
3102.68   22.47     277.76    2943.00   -218.097        -699.768        434832.000      6477863.999     2.04      
