HEADER INFORMATION (all units in Statoil default) 
----------------------------------------------------------------
COMPANY: Statoil Norway
FIELD: SLEIPNER
WELL NAME: Relief well location 3
WELLBORE NAME: F-12
Drilled From: Well Ref. Point
Kick Off Depth: 145.90m
Survey Name: F-12 Relief Well 9 5/8" csg. shoe revp1
Survey Date: 28.11.2013
Extraction Date: 26.03.2018
----------------------------------------------------------------
Calculation Method: Minimum Curvature
Datum Name: WELL(54.90m)
----------------------------------------------------------------
Surface EW: 434552.000m
Surface NS: 6478471.000m
Surface Latitude: 58° 26' 26.5485 N
Surface Longitude: 1° 52' 44.3204 E
Bottom Hole MD: 3026.12m
Bottom Hole TVD: 2865.62m
Bottom Hole EW: 435018.800m
Bottom Hole NS: 6478278.000m
----------------------------------------------------------------
Survey Program:  
H  146 - 3026 F-12 RELIEF WELL 9 5/8" CSG. SHOE REVP1 : 
----------------------------------------------------------------
Water Depth: 91.00m
KB-WH: 145.90m
KB-MSL: 54.90m
System Datum: Mean Sea Level
----------------------------------------------------------------
Map-Zone: Zone 31N (0 E to 6 E)
North Reference: Grid
Geo Datum: European 1950 - Mean
Vertical Section Direction: 112.46deg
----------------------------------------------------------------
SURVEY LIST
MD        Inc       Azim      TVD       X-Offset (E/W)  Y-Offset (N/S)  UTM E/W         UTM N/S         DLS
m RKB     deg       deg       m RKB     m               m               m               m               deg/30m
145.90    0.00      0.00      145.90    -498.194        -92.555         434552.000      6478471.000     0.00      
150.00    0.00      0.00      150.00    -498.194        -92.555         434552.000      6478471.000     0.00      
180.00    0.00      0.00      180.00    -498.194        -92.555         434552.000      6478471.000     0.00      
210.00    0.00      0.00      210.00    -498.194        -92.555         434552.000      6478471.000     0.00      
240.00    0.00      0.00      240.00    -498.194        -92.555         434552.000      6478471.000     0.00      
270.00    0.00      0.00      270.00    -498.194        -92.555         434552.000      6478471.000     0.00      
300.00    0.00      0.00      300.00    -498.194        -92.555         434552.000      6478471.000     0.00      
330.00    0.00      0.00      330.00    -498.194        -92.555         434552.000      6478471.000     0.00      
360.00    0.00      0.00      360.00    -498.194        -92.555         434552.000      6478471.000     0.00      
390.00    0.00      0.00      390.00    -498.194        -92.555         434552.000      6478471.000     0.00      
420.00    0.00      0.00      420.00    -498.194        -92.555         434552.000      6478471.000     0.00      
450.00    0.00      0.00      450.00    -498.194        -92.555         434552.000      6478471.000     0.00      
480.00    0.00      0.00      480.00    -498.194        -92.555         434552.000      6478471.000     0.00      
510.00    0.00      0.00      510.00    -498.194        -92.555         434552.000      6478471.000     0.00      
540.00    0.00      0.00      540.00    -498.194        -92.555         434552.000      6478471.000     0.00      
570.00    0.00      0.00      570.00    -498.194        -92.555         434552.000      6478471.000     0.00      
600.00    0.00      0.00      600.00    -498.194        -92.555         434552.000      6478471.000     0.00      
630.00    0.00      0.00      630.00    -498.194        -92.555         434552.000      6478471.000     0.00      
645.90    0.00      0.00      645.90    -498.194        -92.555         434552.000      6478471.000     0.00      
660.00    0.71      165.01    660.00    -498.172        -92.639         434552.022      6478470.916     1.50      
690.00    2.21      165.01    689.99    -497.975        -93.375         434552.219      6478470.181     1.50      
720.00    3.71      165.01    719.95    -497.575        -94.869         434552.619      6478468.687     1.50      
750.00    5.21      165.01    749.86    -496.972        -97.120         434553.222      6478466.437     1.50      
754.56    5.43      165.01    754.40    -496.863        -97.528         434553.331      6478466.029     1.50      
780.00    5.43      165.01    779.72    -496.239        -99.855         434553.954      6478463.703     0.00      
810.00    5.43      165.01    809.59    -495.505        -102.598        434554.689      6478460.960     0.00      
840.00    5.43      165.01    839.45    -494.770        -105.342        434555.423      6478458.218     0.00      
870.00    5.43      165.01    869.32    -494.035        -108.086        434556.158      6478455.475     0.00      
900.00    5.43      165.01    899.18    -493.300        -110.829        434556.893      6478452.732     0.00      
930.00    5.43      165.01    929.05    -492.565        -113.573        434557.627      6478449.989     0.00      
960.00    5.43      165.01    958.91    -491.830        -116.317        434558.362      6478447.247     0.00      
990.00    5.43      165.01    988.78    -491.096        -119.061        434559.096      6478444.504     0.00      
1020.00   5.43      165.01    1018.64   -490.361        -121.804        434559.831      6478441.761     0.00      
1050.00   5.43      165.01    1048.51   -489.626        -124.548        434560.565      6478439.018     0.00      
1080.00   5.43      165.01    1078.38   -488.891        -127.292        434561.300      6478436.276     0.00      
1110.00   5.43      165.01    1108.24   -488.156        -130.035        434562.035      6478433.533     0.00      
1140.00   5.43      165.01    1138.11   -487.421        -132.779        434562.769      6478430.790     0.00      
1170.00   5.43      165.01    1167.97   -486.687        -135.523        434563.504      6478428.047     0.00      
1200.00   5.43      165.01    1197.84   -485.952        -138.266        434564.238      6478425.305     0.00      
1230.00   5.43      165.01    1227.70   -485.217        -141.010        434564.973      6478422.562     0.00      
1260.00   5.43      165.01    1257.57   -484.482        -143.754        434565.708      6478419.819     0.00      
1290.00   5.43      165.01    1287.43   -483.747        -146.498        434566.442      6478417.076     0.00      
1320.00   5.43      165.01    1317.30   -483.012        -149.241        434567.177      6478414.334     0.00      
1350.00   5.43      165.01    1347.16   -482.278        -151.985        434567.911      6478411.591     0.00      
1380.00   5.43      165.01    1377.03   -481.543        -154.729        434568.646      6478408.848     0.00      
1410.00   5.43      165.01    1406.89   -480.808        -157.472        434569.380      6478406.105     0.00      
1440.00   5.43      165.01    1436.76   -480.073        -160.216        434570.115      6478403.363     0.00      
1470.00   5.43      165.01    1466.62   -479.338        -162.960        434570.850      6478400.620     0.00      
1500.00   5.43      165.01    1496.49   -478.603        -165.704        434571.584      6478397.877     0.00      
1530.00   5.43      165.01    1526.35   -477.869        -168.447        434572.319      6478395.134     0.00      
1560.00   5.43      165.01    1556.22   -477.134        -171.191        434573.053      6478392.392     0.00      
1590.00   5.43      165.01    1586.08   -476.399        -173.935        434573.788      6478389.649     0.00      
1620.00   5.43      165.01    1615.95   -475.664        -176.678        434574.522      6478386.906     0.00      
1650.00   5.43      165.01    1645.81   -474.929        -179.422        434575.257      6478384.163     0.00      
1680.00   5.43      165.01    1675.68   -474.194        -182.166        434575.992      6478381.421     0.00      
1710.00   5.43      165.01    1705.55   -473.460        -184.909        434576.726      6478378.678     0.00      
1740.00   5.43      165.01    1735.41   -472.725        -187.653        434577.461      6478375.935     0.00      
1770.00   5.43      165.01    1765.28   -471.990        -190.397        434578.195      6478373.192     0.00      
1800.00   5.43      165.01    1795.14   -471.255        -193.141        434578.930      6478370.450     0.00      
1830.00   5.43      165.01    1825.01   -470.520        -195.884        434579.665      6478367.707     0.00      
1860.00   5.43      165.01    1854.87   -469.785        -198.628        434580.399      6478364.964     0.00      
1890.00   5.43      165.01    1884.74   -469.051        -201.372        434581.134      6478362.221     0.00      
1920.00   5.43      165.01    1914.60   -468.316        -204.115        434581.868      6478359.479     0.00      
1950.00   5.43      165.01    1944.47   -467.581        -206.859        434582.603      6478356.736     0.00      
1980.00   5.43      165.01    1974.33   -466.846        -209.603        434583.337      6478353.993     0.00      
2010.00   5.43      165.01    2004.20   -466.111        -212.347        434584.072      6478351.250     0.00      
2040.00   5.43      165.01    2034.06   -465.376        -215.090        434584.807      6478348.508     0.00      
2070.00   5.43      165.01    2063.93   -464.642        -217.834        434585.541      6478345.765     0.00      
2100.00   5.43      165.01    2093.79   -463.907        -220.578        434586.276      6478343.022     0.00      
2130.00   5.43      165.01    2123.66   -463.172        -223.321        434587.010      6478340.279     0.00      
2160.00   5.43      165.01    2153.52   -462.437        -226.065        434587.745      6478337.537     0.00      
2178.97   5.43      165.01    2172.41   -461.972        -227.800        434588.209      6478335.802     0.00      
2190.00   5.64      155.72    2183.39   -461.614        -228.799        434588.567      6478334.804     2.50      
2220.00   6.83      135.28    2213.21   -459.752        -231.412        434590.429      6478332.192     2.50      
2250.00   8.60      122.01    2242.94   -456.594        -233.869        434593.586      6478329.735     2.50      
2280.00   10.66     113.53    2272.52   -452.146        -236.167        434598.032      6478327.439     2.50      
2310.00   12.88     107.85    2301.89   -446.416        -238.300        434603.760      6478325.306     2.50      
2340.00   15.19     103.84    2330.99   -439.416        -240.265        434610.758      6478323.342     2.50      
2370.00   17.54     100.87    2359.77   -431.159        -242.058        434619.012      6478321.550     2.50      
2400.00   19.94     98.59     2388.18   -421.660        -243.675        434628.508      6478319.933     2.50      
2430.00   22.35     96.79     2416.16   -410.937        -245.113        434639.227      6478318.495     2.50      
2460.00   24.78     95.32     2443.66   -399.011        -246.371        434651.148      6478317.238     2.50      
2490.00   27.22     94.10     2470.62   -385.905        -247.444        434664.250      6478316.165     2.50      
2520.00   29.67     93.07     2496.99   -371.644        -248.332        434678.506      6478315.278     2.50      
2550.00   32.13     92.18     2522.73   -356.254        -249.032        434693.891      6478314.578     2.50      
2580.00   34.59     91.40     2547.79   -339.766        -249.544        434710.374      6478314.066     2.50      
2610.00   37.06     90.72     2572.11   -322.209        -249.865        434727.924      6478313.745     2.50      
2640.00   39.53     90.11     2595.65   -303.619        -249.997        434746.508      6478313.613     2.50      
2645.66   40.00     90.00     2600.00   -300.000        -250.000        434750.125      6478313.610     2.50      
2670.00   40.87     92.11     2618.53   -284.216        -250.293        434765.904      6478313.317     2.00      
2700.00   42.00     94.61     2641.02   -264.401        -251.461        434785.712      6478312.149     2.00      
2730.00   43.17     97.00     2663.11   -244.209        -253.519        434805.897      6478310.093     2.00      
2760.00   44.40     99.28     2684.77   -223.662        -256.463        434826.436      6478307.150     2.00      
2790.00   45.67     101.47    2705.97   -202.788        -260.290        434847.304      6478303.324     2.00      
2806.64   46.39     102.64    2717.53   -191.075        -262.792        434859.012      6478300.822     2.00      
2820.00   46.39     102.64    2726.74   -181.639        -264.909        434868.446      6478298.706     0.00      
2850.00   46.39     102.64    2747.43   -160.444        -269.663        434889.633      6478293.954     0.00      
2874.93   46.39     102.64    2764.63   -142.829        -273.613        434907.241      6478290.005     0.00      
2880.00   46.49     102.20    2768.12   -139.244        -274.403        434910.826      6478289.216     2.00      
2910.00   47.10     99.58     2788.66   -117.774        -278.531        434932.288      6478285.089     2.00      
2940.00   47.77     97.03     2808.96   -95.914         -281.719        434954.141      6478281.902     2.00      
2970.00   48.50     94.52     2828.98   -73.689         -283.964        434976.358      6478279.658     2.00      
3000.00   49.28     92.08     2848.71   -51.126         -285.263        434998.913      6478278.359     2.00      
3026.12   50.00     90.00     2865.62   -31.232         -285.622        435018.800      6478278.000     2.00      
