HEADER INFORMATION (all units in Statoil default) 
----------------------------------------------------------------
COMPANY: Statoil Norway
FIELD: SLEIPNER
WELL NAME: F-11
WELLBORE NAME: Relief well 1049m West
Drilled From: Well Ref. Point
Kick Off Depth: 145.90m
Survey Name: Relief Well F-11 N Pilot 1049m West 14" csg shoe
Survey Date: 07.11.2012
Extraction Date: 03.04.2018
----------------------------------------------------------------
Calculation Method: Minimum Curvature
Datum Name: MI(54.90m)
----------------------------------------------------------------
Surface EW: 435049.095m
Surface NS: 6478568.172m
Surface Latitude: 58° 26' 29.9566 N
Surface Longitude: 1° 53' 14.8667 E
Bottom Hole MD: 2629.49m
Bottom Hole TVD: 2442.00m
Bottom Hole EW: 434704.240m
Bottom Hole NS: 6478608.404m
----------------------------------------------------------------
Survey Program:  
H  146 - 2629 RELIEF WELL F-11 N PILOT 1049M WEST 14" CSG SHOE : 
----------------------------------------------------------------
Water Depth: 91.00m
KB-WH: 145.90m
KB-MSL: 54.90m
System Datum: Mean Sea Level
----------------------------------------------------------------
Map-Zone: Zone 31N (0 E to 6 E)
North Reference: Grid
Geo Datum: European 1950 - Mean
Vertical Section Direction: 276.65deg
----------------------------------------------------------------
SURVEY LIST
MD        Inc       Azim      TVD       X-Offset (E/W)  Y-Offset (N/S)  UTM E/W         UTM N/S         DLS
m RKB     deg       deg       m RKB     m               m               m               m               deg/30m
145.90    0.00      0.00      145.90    -990.020        356.482         434060.345      6478919.880     0.00      
150.00    0.00      360.00    150.00    -990.020        356.482         434060.345      6478919.880     0.00      
180.00    0.00      360.00    180.00    -990.020        356.482         434060.345      6478919.880     0.00      
210.00    0.00      360.00    210.00    -990.020        356.482         434060.345      6478919.880     0.00      
240.00    0.00      360.00    240.00    -990.020        356.482         434060.345      6478919.880     0.00      
270.00    0.00      360.00    270.00    -990.020        356.482         434060.345      6478919.880     0.00      
300.00    0.00      360.00    300.00    -990.020        356.482         434060.345      6478919.880     0.00      
330.00    0.00      360.00    330.00    -990.020        356.482         434060.345      6478919.880     0.00      
360.00    0.00      360.00    360.00    -990.020        356.482         434060.345      6478919.880     0.00      
390.00    0.00      360.00    390.00    -990.020        356.482         434060.345      6478919.880     0.00      
420.00    0.00      360.00    420.00    -990.020        356.482         434060.345      6478919.880     0.00      
450.00    0.00      360.00    450.00    -990.020        356.482         434060.345      6478919.880     0.00      
480.00    0.00      360.00    480.00    -990.020        356.482         434060.345      6478919.880     0.00      
510.00    0.00      360.00    510.00    -990.020        356.482         434060.345      6478919.880     0.00      
540.00    0.00      360.00    540.00    -990.020        356.482         434060.345      6478919.880     0.00      
545.90    0.00      360.00    545.90    -990.020        356.482         434060.345      6478919.880     0.00      
570.00    0.80      125.60    570.00    -989.883        356.383         434060.483      6478919.782     1.00      
600.00    1.80      125.60    599.99    -989.328        355.986         434061.037      6478919.385     1.00      
630.00    2.80      125.60    629.97    -988.348        355.284         434062.017      6478918.683     1.00      
660.00    3.80      125.60    659.92    -986.942        354.278         434063.422      6478917.678     1.00      
690.00    4.80      125.60    689.83    -985.112        352.968         434065.252      6478916.368     1.00      
720.00    5.80      125.60    719.70    -982.857        351.353         434067.506      6478914.754     1.00      
750.00    6.80      125.60    749.52    -980.179        349.436         434070.183      6478912.837     1.00      
780.00    7.80      125.60    779.28    -977.078        347.216         434073.283      6478910.618     1.00      
810.00    8.80      125.60    808.96    -973.556        344.694         434076.804      6478908.097     1.00      
840.00    9.80      125.60    838.57    -969.612        341.871         434080.746      6478905.275     1.00      
845.90    10.00     125.60    844.38    -968.787        341.280         434081.571      6478904.684     1.00      
870.00    12.00     126.40    868.04    -965.069        338.575         434085.288      6478901.980     2.50      
900.00    14.50     127.09    897.23    -959.562        334.458         434090.793      6478897.865     2.50      
930.00    16.99     127.59    926.11    -953.092        329.519         434097.261      6478892.927     2.50      
960.00    19.49     127.96    954.60    -945.670        323.766         434104.680      6478887.176     2.50      
990.00    21.99     128.24    982.65    -937.311        317.210         434113.036      6478880.622     2.50      
1020.00   24.49     128.48    1010.21   -928.031        309.863         434122.313      6478873.278     2.50      
1050.00   26.99     128.67    1037.24   -917.847        301.741         434132.493      6478865.159     2.50      
1071.62   28.79     128.79    1056.34   -909.959        295.415         434140.379      6478858.835     2.50      
1080.00   28.79     128.79    1063.69   -906.813        292.887         434143.523      6478856.308     0.00      
1110.00   28.79     128.79    1089.98   -895.552        283.837         434154.780      6478847.261     0.00      
1140.00   28.79     128.79    1116.27   -884.291        274.788         434166.038      6478838.215     0.00      
1170.00   28.79     128.79    1142.57   -873.030        265.738         434177.295      6478829.169     0.00      
1200.00   28.79     128.79    1168.86   -861.769        256.689         434188.552      6478820.122     0.00      
1230.00   28.79     128.79    1195.15   -850.508        247.639         434199.809      6478811.076     0.00      
1260.00   28.79     128.79    1221.44   -839.247        238.589         434211.066      6478802.029     0.00      
1290.00   28.79     128.79    1247.74   -827.986        229.540         434222.323      6478792.983     0.00      
1320.00   28.79     128.79    1274.03   -816.725        220.490         434233.580      6478783.937     0.00      
1350.00   28.79     128.79    1300.32   -805.464        211.441         434244.837      6478774.890     0.00      
1380.00   28.79     128.79    1326.61   -794.203        202.391         434256.095      6478765.844     0.00      
1410.00   28.79     128.79    1352.91   -782.942        193.342         434267.352      6478756.797     0.00      
1440.00   28.79     128.79    1379.20   -771.681        184.292         434278.609      6478747.751     0.00      
1470.00   28.79     128.79    1405.49   -760.420        175.242         434289.866      6478738.704     0.00      
1500.00   28.79     128.79    1431.78   -749.159        166.193         434301.123      6478729.658     0.00      
1530.00   28.79     128.79    1458.08   -737.898        157.143         434312.380      6478720.612     0.00      
1560.00   28.79     128.79    1484.37   -726.637        148.094         434323.637      6478711.565     0.00      
1590.00   28.79     128.79    1510.66   -715.376        139.044         434334.894      6478702.519     0.00      
1620.00   28.79     128.79    1536.95   -704.115        129.995         434346.151      6478693.472     0.00      
1650.00   28.79     128.79    1563.25   -692.854        120.945         434357.409      6478684.426     0.00      
1680.00   28.79     128.79    1589.54   -681.593        111.895         434368.666      6478675.379     0.00      
1710.00   28.79     128.79    1615.83   -670.332        102.846         434379.923      6478666.333     0.00      
1740.00   28.79     128.79    1642.12   -659.071        93.796          434391.180      6478657.287     0.00      
1770.00   28.79     128.79    1668.42   -647.810        84.747          434402.437      6478648.240     0.00      
1800.00   28.79     128.79    1694.71   -636.549        75.697          434413.694      6478639.194     0.00      
1830.00   28.79     128.79    1721.00   -625.288        66.648          434424.951      6478630.147     0.00      
1860.00   28.79     128.79    1747.29   -614.026        57.598          434436.208      6478621.101     0.00      
1890.00   28.79     128.79    1773.59   -602.765        48.548          434447.465      6478612.055     0.00      
1920.00   28.79     128.79    1799.88   -591.504        39.499          434458.723      6478603.008     0.00      
1950.00   28.79     128.79    1826.17   -580.243        30.449          434469.980      6478593.962     0.00      
1980.00   28.79     128.79    1852.46   -568.982        21.400          434481.237      6478584.915     0.00      
2010.00   28.79     128.79    1878.76   -557.721        12.350          434492.494      6478575.869     0.00      
2037.49   28.79     128.79    1902.85   -547.401        4.057           434502.810      6478567.579     0.00      
2040.00   28.61     128.55    1905.05   -546.461        3.305           434503.750      6478566.826     2.50      
2070.00   26.53     125.54    1931.64   -535.390        -5.069          434514.818      6478558.456     2.50      
2100.00   24.53     122.07    1958.71   -524.658        -12.272         434525.546      6478551.256     2.50      
2130.00   22.62     118.03    1986.21   -514.287        -18.291         434535.913      6478545.239     2.50      
2160.00   20.83     113.32    2014.08   -504.295        -23.115         434545.902      6478540.416     2.50      
2190.00   19.19     107.80    2042.27   -494.702        -26.734         434555.491      6478536.798     2.50      
2220.00   17.74     101.36    2070.73   -485.527        -29.142         434564.663      6478534.391     2.50      
2250.00   16.53     93.92     2099.40   -476.786        -30.334         434573.400      6478533.200     2.50      
2280.00   15.63     85.49     2128.23   -468.497        -30.308         434581.687      6478533.226     2.50      
2310.00   15.08     76.27     2157.16   -460.675        -29.063         434589.506      6478534.470     2.50      
2340.00   14.93     66.62     2186.14   -453.335        -26.603         434596.844      6478536.929     2.50      
2354.34   15.00     62.00     2200.00   -450.000        -24.998         434600.177      6478538.533     2.50      
2366.34   15.00     62.00     2211.59   -447.258        -23.540         434602.919      6478539.991     0.00      
2370.00   15.36     61.70     2215.12   -446.414        -23.088         434603.763      6478540.443     2.99      
2400.00   18.29     59.68     2243.83   -438.850        -18.828         434611.324      6478544.702     2.99      
2430.00   21.24     58.21     2272.06   -430.164        -13.586         434620.007      6478549.942     2.99      
2460.00   24.21     57.08     2299.73   -420.380        -7.378          434629.788      6478556.148     2.99      
2490.00   27.17     56.18     2326.76   -409.523        -0.220          434640.640      6478563.303     2.99      
2520.00   30.15     55.45     2353.08   -397.625        7.867           434652.535      6478571.387     2.99      
2550.00   33.12     54.84     2378.62   -384.717        16.862          434665.438      6478580.380     2.99      
2580.00   36.10     54.31     2403.31   -370.834        26.741          434679.316      6478590.255     2.99      
2610.00   39.08     53.86     2427.08   -356.014        37.476          434694.131      6478600.986     2.99      
2629.49   41.02     53.60     2442.00   -345.902        44.897          434704.240      6478608.404     2.99      
