HEADER INFORMATION (all units in Statoil default) 
----------------------------------------------------------------
COMPANY: Statoil Norway
FIELD: SLEIPNER
WELL NAME: F-11
WELLBORE NAME: Relief well 1049m West
Drilled From: Well Ref. Point
Kick Off Depth: 145.90m
Survey Name: relief well F-11 B IOR 1049 West 9 5/8" csg shoe
Survey Date: 29.10.2012
Extraction Date: 03.04.2018
----------------------------------------------------------------
Calculation Method: Minimum Curvature
Datum Name: MI(54.90m)
----------------------------------------------------------------
Surface EW: 435049.095m
Surface NS: 6478568.172m
Surface Latitude: 58° 26' 29.9566 N
Surface Longitude: 1° 53' 14.8667 E
Bottom Hole MD: 3116.82m
Bottom Hole TVD: 2722.79m
Bottom Hole EW: 435094.855m
Bottom Hole NS: 6478689.546m
----------------------------------------------------------------
Survey Program:  
H  146 - 3117 RELIEF WELL F-11 B IOR 1049 WEST 9 5/8" CSG SHOE : 
----------------------------------------------------------------
Water Depth: 91.00m
KB-WH: 145.90m
KB-MSL: 54.90m
System Datum: Mean Sea Level
----------------------------------------------------------------
Map-Zone: Zone 31N (0 E to 6 E)
North Reference: Grid
Geo Datum: European 1950 - Mean
Vertical Section Direction: 20.66deg
----------------------------------------------------------------
SURVEY LIST
MD        Inc       Azim      TVD       X-Offset (E/W)  Y-Offset (N/S)  UTM E/W         UTM N/S         DLS
m RKB     deg       deg       m RKB     m               m               m               m               deg/30m
145.90    0.00      0.00      145.90    -990.020        356.482         434060.345      6478919.880     0.00      
150.00    0.00      360.00    150.00    -990.020        356.482         434060.345      6478919.880     0.00      
180.00    0.00      360.00    180.00    -990.020        356.482         434060.345      6478919.880     0.00      
210.00    0.00      360.00    210.00    -990.020        356.482         434060.345      6478919.880     0.00      
240.00    0.00      360.00    240.00    -990.020        356.482         434060.345      6478919.880     0.00      
270.00    0.00      360.00    270.00    -990.020        356.482         434060.345      6478919.880     0.00      
300.00    0.00      360.00    300.00    -990.020        356.482         434060.345      6478919.880     0.00      
330.00    0.00      360.00    330.00    -990.020        356.482         434060.345      6478919.880     0.00      
360.00    0.00      360.00    360.00    -990.020        356.482         434060.345      6478919.880     0.00      
390.00    0.00      360.00    390.00    -990.020        356.482         434060.345      6478919.880     0.00      
420.00    0.00      360.00    420.00    -990.020        356.482         434060.345      6478919.880     0.00      
450.00    0.00      360.00    450.00    -990.020        356.482         434060.345      6478919.880     0.00      
480.00    0.00      360.00    480.00    -990.020        356.482         434060.345      6478919.880     0.00      
510.00    0.00      360.00    510.00    -990.020        356.482         434060.345      6478919.880     0.00      
540.00    0.00      360.00    540.00    -990.020        356.482         434060.345      6478919.880     0.00      
545.90    0.00      360.00    545.90    -990.020        356.482         434060.345      6478919.880     0.00      
570.00    0.80      121.60    570.00    -989.876        356.393         434060.489      6478919.792     1.00      
600.00    1.80      121.60    599.99    -989.295        356.036         434061.070      6478919.435     1.00      
630.00    2.80      121.60    629.97    -988.268        355.404         434062.097      6478918.803     1.00      
660.00    3.80      121.60    659.92    -986.796        354.498         434063.569      6478917.898     1.00      
690.00    4.80      121.60    689.83    -984.879        353.318         434065.485      6478916.718     1.00      
720.00    5.80      121.60    719.70    -982.517        351.866         434067.846      6478915.266     1.00      
750.00    6.80      121.60    749.52    -979.712        350.140         434070.650      6478913.541     1.00      
780.00    7.80      121.60    779.28    -976.463        348.141         434073.897      6478911.543     1.00      
810.00    8.80      121.60    808.96    -972.774        345.871         434077.586      6478909.274     1.00      
840.00    9.80      121.60    838.57    -968.643        343.330         434081.715      6478906.734     1.00      
845.90    10.00     121.60    844.38    -967.779        342.798         434082.579      6478906.202     1.00      
870.00    12.00     122.80    868.04    -963.891        340.345         434086.466      6478903.750     2.50      
900.00    14.48     123.84    897.24    -958.153        336.567         434092.201      6478899.972     2.50      
930.00    16.98     124.58    926.11    -951.430        331.992         434098.922      6478895.399     2.50      
960.00    19.47     125.13    954.60    -943.734        326.628         434106.616      6478890.038     2.50      
976.85    20.87     125.38    970.42    -938.990        323.274         434111.358      6478886.685     2.50      
990.00    20.87     125.38    982.71    -935.170        320.561         434115.177      6478883.973     0.00      
1020.00   20.87     125.38    1010.74   -926.456        314.372         434123.887      6478877.786     0.00      
1050.00   20.87     125.38    1038.77   -917.742        308.183         434132.598      6478871.599     0.00      
1080.00   20.87     125.38    1066.80   -909.028        301.994         434141.309      6478865.412     0.00      
1110.00   20.87     125.38    1094.83   -900.314        295.805         434150.020      6478859.225     0.00      
1140.00   20.87     125.38    1122.86   -891.600        289.616         434158.731      6478853.038     0.00      
1170.00   20.87     125.38    1150.90   -882.886        283.426         434167.442      6478846.851     0.00      
1200.00   20.87     125.38    1178.93   -874.173        277.237         434176.153      6478840.664     0.00      
1230.00   20.87     125.38    1206.96   -865.459        271.048         434184.864      6478834.477     0.00      
1260.00   20.87     125.38    1234.99   -856.745        264.859         434193.575      6478828.290     0.00      
1290.00   20.87     125.38    1263.02   -848.031        258.670         434202.285      6478822.103     0.00      
1320.00   20.87     125.38    1291.05   -839.317        252.481         434210.996      6478815.916     0.00      
1350.00   20.87     125.38    1319.08   -830.603        246.292         434219.707      6478809.729     0.00      
1380.00   20.87     125.38    1347.12   -821.889        240.103         434228.418      6478803.542     0.00      
1410.00   20.87     125.38    1375.15   -813.175        233.914         434237.129      6478797.355     0.00      
1440.00   20.87     125.38    1403.18   -804.461        227.724         434245.840      6478791.168     0.00      
1470.00   20.87     125.38    1431.21   -795.747        221.535         434254.551      6478784.981     0.00      
1500.00   20.87     125.38    1459.24   -787.033        215.346         434263.262      6478778.794     0.00      
1530.00   20.87     125.38    1487.27   -778.319        209.157         434271.973      6478772.607     0.00      
1560.00   20.87     125.38    1515.30   -769.606        202.968         434280.683      6478766.420     0.00      
1590.00   20.87     125.38    1543.34   -760.892        196.779         434289.394      6478760.233     0.00      
1620.00   20.87     125.38    1571.37   -752.178        190.590         434298.105      6478754.046     0.00      
1650.00   20.87     125.38    1599.40   -743.464        184.401         434306.816      6478747.859     0.00      
1680.00   20.87     125.38    1627.43   -734.750        178.211         434315.527      6478741.672     0.00      
1710.00   20.87     125.38    1655.46   -726.036        172.022         434324.238      6478735.485     0.00      
1740.00   20.87     125.38    1683.49   -717.322        165.833         434332.949      6478729.298     0.00      
1770.00   20.87     125.38    1711.52   -708.608        159.644         434341.660      6478723.112     0.00      
1800.00   20.87     125.38    1739.56   -699.894        153.455         434350.371      6478716.925     0.00      
1830.00   20.87     125.38    1767.59   -691.180        147.266         434359.081      6478710.738     0.00      
1860.00   20.87     125.38    1795.62   -682.466        141.077         434367.792      6478704.551     0.00      
1890.00   20.87     125.38    1823.65   -673.752        134.888         434376.503      6478698.364     0.00      
1920.00   20.87     125.38    1851.68   -665.038        128.699         434385.214      6478692.177     0.00      
1950.00   20.87     125.38    1879.71   -656.325        122.509         434393.925      6478685.990     0.00      
1980.00   20.87     125.38    1907.74   -647.611        116.320         434402.636      6478679.803     0.00      
2010.00   20.87     125.38    1935.78   -638.897        110.131         434411.347      6478673.616     0.00      
2040.00   20.87     125.38    1963.81   -630.183        103.942         434420.058      6478667.429     0.00      
2070.00   20.87     125.38    1991.84   -621.469        97.753          434428.768      6478661.242     0.00      
2100.00   20.87     125.38    2019.87   -612.755        91.564          434437.479      6478655.055     0.00      
2130.00   20.87     125.38    2047.90   -604.041        85.375          434446.190      6478648.868     0.00      
2160.00   20.87     125.38    2075.93   -595.327        79.186          434454.901      6478642.681     0.00      
2190.00   20.87     125.38    2103.96   -586.613        72.996          434463.612      6478636.494     0.00      
2218.96   20.87     125.38    2131.03   -578.200        67.021          434472.022      6478630.521     0.00      
2220.00   20.92     125.18    2132.00   -577.899        66.808          434472.324      6478630.307     2.50      
2250.00   22.30     119.51    2159.89   -568.568        60.919          434481.651      6478624.420     2.50      
2280.00   23.85     114.51    2187.49   -558.095        55.598          434492.121      6478619.102     2.50      
2310.00   25.55     110.11    2214.75   -546.500        50.857          434503.711      6478614.362     2.50      
2340.00   27.36     106.25    2241.61   -533.805        46.703          434516.402      6478610.210     2.50      
2370.00   29.27     102.83    2268.02   -520.035        43.145          434530.167      6478606.653     2.50      
2400.00   31.25     99.81     2293.93   -505.215        40.189          434544.982      6478603.698     2.50      
2430.00   33.30     97.12     2319.30   -489.373        37.842          434560.818      6478601.352     2.50      
2460.00   35.39     94.71     2344.07   -472.541        36.108          434577.644      6478599.618     2.50      
2490.00   37.54     92.54     2368.19   -454.750        34.989          434595.430      6478598.500     2.50      
2520.00   39.71     90.57     2391.63   -436.033        34.488          434614.140      6478597.999     2.50      
2550.00   41.92     88.78     2414.34   -416.427        34.607          434633.739      6478598.118     2.50      
2580.00   44.15     87.13     2436.26   -395.968        35.344          434654.190      6478598.855     2.50      
2610.00   46.41     85.61     2457.37   -374.697        36.699          434675.455      6478600.209     2.50      
2640.00   48.68     84.20     2477.62   -352.652        38.668          434697.492      6478602.178     2.50      
2670.00   50.97     82.89     2496.97   -329.876        41.249          434720.259      6478604.757     2.50      
2700.00   53.28     81.66     2515.39   -306.413        44.435          434743.714      6478607.943     2.50      
2730.00   55.59     80.50     2532.83   -282.308        48.222          434767.812      6478611.728     2.50      
2760.00   57.92     79.41     2549.28   -257.605        52.602          434792.506      6478616.106     2.50      
2790.00   60.25     78.36     2564.69   -232.352        57.566          434817.750      6478621.069     2.50      
2800.84   61.10     78.00     2570.00   -223.100        59.502          434826.998      6478623.004     2.50      
2820.00   61.10     78.00     2579.26   -206.694        62.989          434843.399      6478626.490     0.00      
2850.00   61.10     78.00     2593.76   -181.004        68.449          434869.080      6478631.949     0.00      
2880.00   61.10     78.00     2608.26   -155.314        73.910          434894.761      6478637.407     0.00      
2910.00   61.10     78.00     2622.75   -129.624        79.371          434920.442      6478642.866     0.00      
2940.00   61.10     78.00     2637.25   -103.934        84.831          434946.123      6478648.325     0.00      
2970.00   61.10     78.00     2651.75   -78.244         90.292          434971.804      6478653.783     0.00      
3000.00   61.10     78.00     2666.25   -52.554         95.752          434997.485      6478659.242     0.00      
3012.84   61.10     78.00     2672.46   -41.558         98.090          435008.478      6478661.579     0.00      
3030.00   61.04     76.04     2680.76   -26.925         101.462         435023.105      6478664.950     3.00      
3060.00   61.00     72.61     2695.29   -1.662          108.551         435048.359      6478672.036     3.00      
3090.00   61.05     69.18     2709.83   23.132          117.138         435073.145      6478680.621     3.00      
3116.82   61.17     66.12     2722.79   44.849          126.067         435094.855      6478689.546     3.00      
