HEADER INFORMATION (all units in Statoil default) 
----------------------------------------------------------------
COMPANY: Statoil Norway
FIELD: SLEIPNER
WELL NAME: Relief well location 5
WELLBORE NAME: F-1 North Upside Pilot 13 3/8" csg.shoe
Drilled From: Well Ref. Point
Kick Off Depth: 145.00m
Survey Name: F-1 North Upside Pilot 13 3/8" csg. shoe revp1
Survey Date: 11.06.2013
Extraction Date: 26.03.2018
----------------------------------------------------------------
Calculation Method: Minimum Curvature
Datum Name: WELL(54.00m)
----------------------------------------------------------------
Surface EW: 434555.000m
Surface NS: 6478831.000m
Surface Latitude: 58° 26' 38.1874 N
Surface Longitude: 1° 52' 44.1353 E
Bottom Hole MD: 2682.03m
Bottom Hole TVD: 2437.10m
Bottom Hole EW: 435223.660m
Bottom Hole NS: 6479097.000m
----------------------------------------------------------------
Survey Program:  
H  145 - 2682 F-1 NORTH UPSIDE PILOT 13 3/8" CSG. SHOE REVP1 : 
----------------------------------------------------------------
Water Depth: 91.00m
KB-WH: 145.00m
KB-MSL: 54.00m
System Datum: Mean Sea Level
----------------------------------------------------------------
Map-Zone: Zone 31N (0 E to 6 E)
North Reference: Grid
Geo Datum: European 1950 - Mean
Vertical Section Direction: 68.31deg
----------------------------------------------------------------
SURVEY LIST
MD        Inc       Azim      TVD       X-Offset (E/W)  Y-Offset (N/S)  UTM E/W         UTM N/S         DLS
m RKB     deg       deg       m RKB     m               m               m               m               deg/30m
145.00    0.00      0.00      145.00    -495.193        267.570         434555.000      6478831.000     0.00      
150.00    0.00      0.00      150.00    -495.193        267.570         434555.000      6478831.000     0.00      
180.00    0.00      0.00      180.00    -495.193        267.570         434555.000      6478831.000     0.00      
210.00    0.00      0.00      210.00    -495.193        267.570         434555.000      6478831.000     0.00      
240.00    0.00      0.00      240.00    -495.193        267.570         434555.000      6478831.000     0.00      
270.00    0.00      0.00      270.00    -495.193        267.570         434555.000      6478831.000     0.00      
300.00    0.00      0.00      300.00    -495.193        267.570         434555.000      6478831.000     0.00      
330.00    0.00      0.00      330.00    -495.193        267.570         434555.000      6478831.000     0.00      
360.00    0.00      0.00      360.00    -495.193        267.570         434555.000      6478831.000     0.00      
390.00    0.00      0.00      390.00    -495.193        267.570         434555.000      6478831.000     0.00      
420.00    0.00      0.00      420.00    -495.193        267.570         434555.000      6478831.000     0.00      
450.00    0.00      0.00      450.00    -495.193        267.570         434555.000      6478831.000     0.00      
480.00    0.00      0.00      480.00    -495.193        267.570         434555.000      6478831.000     0.00      
510.00    0.00      0.00      510.00    -495.193        267.570         434555.000      6478831.000     0.00      
540.00    0.00      0.00      540.00    -495.193        267.570         434555.000      6478831.000     0.00      
545.00    0.00      0.00      545.00    -495.193        267.570         434555.000      6478831.000     0.00      
570.00    0.83      123.37    570.00    -495.042        267.470         434555.152      6478830.900     1.00      
600.00    1.83      123.37    599.99    -494.459        267.086         434555.735      6478830.516     1.00      
630.00    2.83      123.37    629.97    -493.439        266.414         434556.754      6478829.845     1.00      
660.00    3.83      123.37    659.91    -491.982        265.455         434558.210      6478828.886     1.00      
690.00    4.83      123.37    689.83    -490.089        264.208         434560.103      6478827.639     1.00      
720.00    5.83      123.37    719.70    -487.760        262.674         434562.431      6478826.106     1.00      
750.00    6.83      123.37    749.51    -484.996        260.854         434565.194      6478824.286     1.00      
780.00    7.83      123.37    779.27    -481.798        258.748         434568.390      6478822.181     1.00      
810.00    8.83      123.37    808.95    -478.167        256.356         434572.020      6478819.790     1.00      
840.00    9.83      123.37    838.55    -474.104        253.680         434576.082      6478817.115     1.00      
845.00    10.00     123.37    843.48    -473.385        253.207         434576.801      6478816.641     1.00      
870.00    12.08     123.37    868.02    -469.387        250.573         434580.798      6478814.009     2.50      
900.00    14.58     123.37    897.20    -463.609        246.768         434586.573      6478810.205     2.50      
930.00    17.08     123.37    926.06    -456.774        242.266         434593.406      6478805.705     2.50      
960.00    19.58     123.37    954.54    -448.894        237.077         434601.284      6478800.517     2.50      
990.00    22.08     123.37    982.57    -439.984        231.209         434610.190      6478794.651     2.50      
1020.00   24.58     123.37    1010.12   -430.061        224.674         434620.110      6478788.118     2.50      
1050.00   27.08     123.37    1037.12   -419.144        217.484         434631.023      6478780.931     2.50      
1080.00   29.58     123.37    1063.52   -407.254        209.654         434642.909      6478773.104     2.50      
1110.00   32.08     123.37    1089.28   -394.413        201.197         434655.745      6478764.650     2.50      
1140.00   34.58     123.37    1114.34   -380.647        192.131         434669.507      6478755.587     2.50      
1170.00   37.08     123.37    1138.66   -365.980        182.472         434684.168      6478745.931     2.50      
1186.20   38.43     123.37    1151.47   -357.693        177.015         434692.452      6478740.476     2.50      
1200.00   38.43     123.37    1162.28   -350.531        172.298         434699.612      6478735.761     0.00      
1230.00   38.43     123.37    1185.78   -334.957        162.041         434715.180      6478725.508     0.00      
1260.55   38.43     123.37    1209.71   -319.095        151.595         434731.037      6478715.065     0.00      
1290.00   36.72     120.49    1233.05   -303.863        142.094         434746.263      6478705.568     2.50      
1320.00   35.05     117.31    1257.36   -288.477        133.590         434761.644      6478697.067     2.50      
1350.00   33.48     113.86    1282.15   -273.253        126.290         434776.863      6478689.769     2.50      
1380.00   32.00     110.13    1307.39   -258.220        120.207         434791.890      6478683.688     2.50      
1410.00   30.65     106.08    1333.02   -243.408        115.353         434806.698      6478678.836     2.50      
1440.00   29.43     101.72    1358.99   -228.843        111.736         434821.257      6478675.221     2.50      
1470.00   28.36     97.04     1385.26   -214.555        109.365         434835.541      6478672.850     2.50      
1500.00   27.46     92.06     1411.78   -200.569        108.243         434849.522      6478671.728     2.50      
1530.00   26.75     86.79     1438.49   -186.913        108.373         434863.173      6478671.858     2.50      
1560.00   26.24     81.30     1465.34   -173.613        109.753         434876.468      6478673.238     2.50      
1590.00   25.95     75.66     1492.28   -160.694        112.383         434889.383      6478675.867     2.50      
1620.00   25.89     69.94     1519.27   -148.181        116.256         434901.892      6478679.739     2.50      
1650.00   26.04     64.24     1546.25   -136.097        121.365         434913.971      6478684.846     2.50      
1680.00   26.42     58.64     1573.16   -124.465        127.701         434925.599      6478691.180     2.50      
1710.00   27.00     53.24     1599.96   -113.308        135.252         434936.752      6478698.728     2.50      
1740.00   27.79     48.07     1626.60   -102.647        144.003         434947.409      6478707.475     2.50      
1770.00   28.76     43.21     1653.03   -92.502         153.937         434957.551      6478717.406     2.50      
1800.00   29.89     38.65     1679.19   -82.893         165.035         434967.157      6478728.501     2.50      
1812.50   30.40     36.84     1690.00   -79.050         170.000         434970.998      6478733.464     2.50      
1830.00   30.40     36.84     1705.09   -73.741         177.085         434976.306      6478740.547     0.00      
1860.00   30.40     36.84     1730.97   -64.637         189.234         434985.406      6478752.691     0.00      
1890.00   30.40     36.84     1756.84   -55.534         201.383         434994.506      6478764.836     0.00      
1920.00   30.40     36.84     1782.72   -46.431         213.532         435003.606      6478776.980     0.00      
1950.00   30.40     36.84     1808.59   -37.328         225.680         435012.706      6478789.125     0.00      
1980.00   30.40     36.84     1834.47   -28.224         237.829         435021.807      6478801.269     0.00      
2010.00   30.40     36.84     1860.34   -19.121         249.978         435030.907      6478813.414     0.00      
2040.00   30.40     36.84     1886.22   -10.018         262.127         435040.007      6478825.558     0.00      
2070.00   30.40     36.84     1912.09   -0.914          274.275         435049.107      6478837.703     0.00      
2100.00   30.40     36.84     1937.97   8.189           286.424         435058.207      6478849.847     0.00      
2130.00   30.40     36.84     1963.84   17.292          298.573         435067.307      6478861.992     0.00      
2160.00   30.40     36.84     1989.72   26.396          310.722         435076.408      6478874.137     0.00      
2190.00   30.40     36.84     2015.60   35.499          322.871         435085.508      6478886.281     0.00      
2220.00   30.40     36.84     2041.47   44.602          335.019         435094.608      6478898.426     0.00      
2250.00   30.40     36.84     2067.35   53.706          347.168         435103.708      6478910.570     0.00      
2280.00   30.40     36.84     2093.22   62.809          359.317         435112.808      6478922.715     0.00      
2310.00   30.40     36.84     2119.10   71.912          371.466         435121.908      6478934.859     0.00      
2340.00   30.40     36.84     2144.97   81.016          383.614         435131.008      6478947.004     0.00      
2370.00   30.40     36.84     2170.85   90.119          395.763         435140.109      6478959.148     0.00      
2400.00   30.40     36.84     2196.72   99.222          407.912         435149.209      6478971.293     0.00      
2430.00   30.40     36.84     2222.60   108.326         420.061         435158.309      6478983.437     0.00      
2460.00   30.40     36.84     2248.47   117.429         432.209         435167.409      6478995.582     0.00      
2490.00   30.40     36.84     2274.35   126.532         444.358         435176.509      6479007.726     0.00      
2520.00   30.40     36.84     2300.23   135.636         456.507         435185.609      6479019.871     0.00      
2532.50   30.40     36.84     2311.01   139.430         461.570         435189.402      6479024.933     0.00      
2550.00   30.76     34.06     2326.07   144.591         468.820         435194.561      6479032.180     2.51      
2580.00   31.51     29.44     2351.75   152.743         482.006         435202.711      6479045.361     2.51      
2610.00   32.43     25.03     2377.21   160.001         496.124         435209.966      6479059.474     2.51      
2640.00   33.48     20.86     2402.38   166.352         511.147         435216.315      6479074.492     2.51      
2670.00   34.67     16.92     2427.23   171.782         527.047         435221.743      6479090.386     2.51      
2682.03   35.18     15.41     2437.10   173.700         533.663         435223.660      6479097.000     2.51      
