HEADER INFORMATION (all units in Statoil default) 
----------------------------------------------------------------
COMPANY: Statoil Norway
FIELD: SLEIPNER
WELL NAME: Relief well location 5
WELLBORE NAME: F-12
Drilled From: F-1 A  Northwest Injector 9 5/8" csg.shoe
Kick Off Depth: 145.00m
Survey Name: F-12 Relief Well 9 5/8" csg.shoe revp1
Survey Date: 12.12.2013
Extraction Date: 26.03.2018
----------------------------------------------------------------
Calculation Method: Minimum Curvature
Datum Name: WELL(54.00m)
----------------------------------------------------------------
Surface EW: 434555.000m
Surface NS: 6478831.000m
Surface Latitude: 58° 26' 38.1874 N
Surface Longitude: 1° 52' 44.1353 E
Bottom Hole MD: 3028.23m
Bottom Hole TVD: 2864.72m
Bottom Hole EW: 435018.800m
Bottom Hole NS: 6478278.000m
----------------------------------------------------------------
Survey Program:  
H  145 - 3028 F-12 RELIEF WELL 9 5/8" CSG.SHOE REVP1 : 
----------------------------------------------------------------
Water Depth: 91.00m
KB-WH: 145.00m
KB-MSL: 54.00m
System Datum: Mean Sea Level
----------------------------------------------------------------
Map-Zone: Zone 31N (0 E to 6 E)
North Reference: Grid
Geo Datum: European 1950 - Mean
Vertical Section Direction: 140.01deg
----------------------------------------------------------------
SURVEY LIST
MD        Inc       Azim      TVD       X-Offset (E/W)  Y-Offset (N/S)  UTM E/W         UTM N/S         DLS
m RKB     deg       deg       m RKB     m               m               m               m               deg/30m
145.00    0.00      0.00      145.00    -495.193        267.570         434555.000      6478831.000     0.00      
150.00    0.00      0.00      150.00    -495.193        267.570         434555.000      6478831.000     0.00      
180.00    0.00      0.00      180.00    -495.193        267.570         434555.000      6478831.000     0.00      
210.00    0.00      0.00      210.00    -495.193        267.570         434555.000      6478831.000     0.00      
240.00    0.00      0.00      240.00    -495.193        267.570         434555.000      6478831.000     0.00      
270.00    0.00      0.00      270.00    -495.193        267.570         434555.000      6478831.000     0.00      
300.00    0.00      0.00      300.00    -495.193        267.570         434555.000      6478831.000     0.00      
330.00    0.00      0.00      330.00    -495.193        267.570         434555.000      6478831.000     0.00      
360.00    0.00      0.00      360.00    -495.193        267.570         434555.000      6478831.000     0.00      
390.00    0.00      0.00      390.00    -495.193        267.570         434555.000      6478831.000     0.00      
420.00    0.00      0.00      420.00    -495.193        267.570         434555.000      6478831.000     0.00      
450.00    0.00      0.00      450.00    -495.193        267.570         434555.000      6478831.000     0.00      
480.00    0.00      0.00      480.00    -495.193        267.570         434555.000      6478831.000     0.00      
510.00    0.00      0.00      510.00    -495.193        267.570         434555.000      6478831.000     0.00      
540.00    0.00      0.00      540.00    -495.193        267.570         434555.000      6478831.000     0.00      
570.00    0.00      0.00      570.00    -495.193        267.570         434555.000      6478831.000     0.00      
595.90    0.00      0.00      595.90    -495.193        267.570         434555.000      6478831.000     0.00      
600.00    0.14      160.00    600.00    -495.192        267.566         434555.002      6478830.995     1.00      
630.00    1.14      160.00    630.00    -495.078        267.252         434555.116      6478830.682     1.00      
660.00    2.14      160.00    659.99    -494.785        266.447         434555.409      6478829.877     1.00      
690.00    3.14      160.00    689.95    -494.313        265.150         434555.880      6478828.581     1.00      
720.00    4.14      160.00    719.89    -493.662        263.362         434556.531      6478826.794     1.00      
750.00    5.14      160.00    749.79    -492.832        261.083         434557.360      6478824.516     1.00      
780.00    6.14      160.00    779.65    -491.825        258.315         434558.368      6478821.748     1.00      
810.00    7.14      160.00    809.45    -490.639        255.057         434559.553      6478818.491     1.00      
840.00    8.14      160.00    839.18    -489.275        251.310         434560.916      6478814.746     1.00      
870.00    9.14      160.00    868.84    -487.734        247.077         434562.456      6478810.514     1.00      
895.90    10.00     160.00    894.38    -486.262        243.031         434563.928      6478806.470     1.00      
900.00    10.20     160.00    898.42    -486.016        242.356         434564.174      6478805.794     1.50      
930.00    11.70     160.02    927.87    -484.067        236.998         434566.122      6478800.439     1.50      
960.00    13.20     160.04    957.16    -481.858        230.917         434568.331      6478794.360     1.50      
990.00    14.70     160.05    986.27    -479.389        224.117         434570.799      6478787.562     1.50      
1012.55   15.83     160.06    1008.03   -477.363        218.535         434572.824      6478781.982     1.50      
1020.00   15.83     160.06    1015.20   -476.670        216.624         434573.517      6478780.072     0.00      
1050.00   15.83     160.06    1044.06   -473.878        208.930         434576.308      6478772.380     0.00      
1080.00   15.83     160.06    1072.92   -471.086        201.236         434579.099      6478764.689     0.00      
1110.00   15.83     160.06    1101.78   -468.295        193.542         434581.889      6478756.998     0.00      
1140.00   15.83     160.06    1130.64   -465.503        185.848         434584.680      6478749.307     0.00      
1170.00   15.83     160.06    1159.51   -462.711        178.154         434587.471      6478741.615     0.00      
1200.00   15.83     160.06    1188.37   -459.920        170.460         434590.261      6478733.924     0.00      
1230.00   15.83     160.06    1217.23   -457.128        162.767         434593.052      6478726.233     0.00      
1260.00   15.83     160.06    1246.09   -454.337        155.073         434595.843      6478718.542     0.00      
1290.00   15.83     160.06    1274.95   -451.545        147.379         434598.633      6478710.850     0.00      
1320.00   15.83     160.06    1303.82   -448.753        139.685         434601.424      6478703.159     0.00      
1350.00   15.83     160.06    1332.68   -445.962        131.991         434604.215      6478695.468     0.00      
1380.00   15.83     160.06    1361.54   -443.170        124.297         434607.005      6478687.777     0.00      
1410.00   15.83     160.06    1390.40   -440.378        116.603         434609.796      6478680.085     0.00      
1440.00   15.83     160.06    1419.26   -437.587        108.909         434612.587      6478672.394     0.00      
1470.00   15.83     160.06    1448.12   -434.795        101.215         434615.377      6478664.703     0.00      
1500.00   15.83     160.06    1476.99   -432.003        93.521          434618.168      6478657.011     0.00      
1530.00   15.83     160.06    1505.85   -429.212        85.827          434620.959      6478649.320     0.00      
1560.00   15.83     160.06    1534.71   -426.420        78.133          434623.749      6478641.629     0.00      
1590.00   15.83     160.06    1563.57   -423.629        70.439          434626.540      6478633.938     0.00      
1620.00   15.83     160.06    1592.43   -420.837        62.745          434629.331      6478626.246     0.00      
1650.00   15.83     160.06    1621.30   -418.045        55.051          434632.121      6478618.555     0.00      
1680.00   15.83     160.06    1650.16   -415.254        47.357          434634.912      6478610.864     0.00      
1710.00   15.83     160.06    1679.02   -412.462        39.663          434637.703      6478603.173     0.00      
1740.00   15.83     160.06    1707.88   -409.670        31.970          434640.493      6478595.481     0.00      
1770.00   15.83     160.06    1736.74   -406.879        24.276          434643.284      6478587.790     0.00      
1800.00   15.83     160.06    1765.61   -404.087        16.582          434646.075      6478580.099     0.00      
1830.00   15.83     160.06    1794.47   -401.295        8.888           434648.865      6478572.408     0.00      
1860.00   15.83     160.06    1823.33   -398.504        1.194           434651.656      6478564.716     0.00      
1890.00   15.83     160.06    1852.19   -395.712        -6.500          434654.447      6478557.025     0.00      
1920.00   15.83     160.06    1881.05   -392.921        -14.194         434657.237      6478549.334     0.00      
1950.00   15.83     160.06    1909.92   -390.129        -21.888         434660.028      6478541.643     0.00      
1980.00   15.83     160.06    1938.78   -387.337        -29.582         434662.819      6478533.951     0.00      
2010.00   15.83     160.06    1967.64   -384.546        -37.276         434665.609      6478526.260     0.00      
2040.00   15.83     160.06    1996.50   -381.754        -44.970         434668.400      6478518.569     0.00      
2070.00   15.83     160.06    2025.36   -378.962        -52.664         434671.191      6478510.878     0.00      
2088.95   15.83     160.06    2043.60   -377.199        -57.525         434672.954      6478506.018     0.00      
2100.00   16.08     158.27    2054.22   -376.118        -60.363         434674.034      6478503.181     1.50      
2130.00   16.84     153.70    2082.99   -372.654        -68.119         434677.497      6478495.427     1.50      
2160.00   17.69     149.52    2111.64   -368.416        -75.943         434681.733      6478487.606     1.50      
2190.00   18.62     145.74    2140.15   -363.409        -83.829         434686.739      6478479.723     1.50      
2220.00   19.61     142.31    2168.49   -357.635        -91.772         434692.511      6478471.783     1.50      
2250.00   20.67     139.22    2196.66   -351.098        -99.765         434699.045      6478463.792     1.50      
2280.00   21.77     136.41    2224.63   -343.803        -107.805        434706.337      6478455.756     1.50      
2310.00   22.92     133.87    2252.37   -335.756        -115.884        434714.382      6478447.679     1.50      
2340.00   24.11     131.57    2279.88   -326.960        -123.998        434723.175      6478439.568     1.50      
2362.12   25.00     130.00    2300.00   -320.000        -130.000        434730.132      6478433.568     1.50      
2370.00   24.47     130.64    2307.16   -317.486        -132.134        434732.646      6478431.436     2.28      
2400.00   22.46     133.35    2334.68   -308.604        -140.115        434741.524      6478423.456     2.28      
2430.00   20.51     136.56    2362.59   -300.822        -147.867        434749.304      6478415.708     2.28      
2460.00   18.63     140.39    2390.86   -294.152        -155.376        434755.971      6478408.201     2.28      
2473.17   17.83     142.32    2403.37   -291.578        -158.593        434758.544      6478404.985     2.28      
2490.00   17.83     142.32    2419.39   -288.428        -162.672        434761.693      6478400.908     0.00      
2494.66   17.83     142.32    2423.82   -287.556        -163.801        434762.565      6478399.779     0.00      
2520.00   19.00     138.15    2447.87   -282.432        -169.945        434767.688      6478393.637     2.08      
2550.00   20.48     133.83    2476.11   -275.386        -177.218        434774.730      6478386.366     2.08      
2580.00   22.06     130.09    2504.06   -267.288        -184.483        434782.826      6478379.104     2.08      
2610.00   23.71     126.83    2531.70   -258.148        -191.728        434791.962      6478371.861     2.08      
2640.00   25.43     123.99    2558.98   -247.979        -198.946        434802.129      6478364.646     2.08      
2670.00   27.19     121.48    2585.88   -236.792        -206.126        434813.311      6478357.469     2.08      
2700.00   28.99     119.26    2612.34   -224.604        -213.258        434825.495      6478350.339     2.08      
2730.00   30.82     117.28    2638.35   -211.431        -220.334        434838.664      6478343.266     2.08      
2760.00   32.68     115.50    2663.86   -197.289        -227.343        434852.801      6478336.259     2.08      
2790.00   34.56     113.90    2688.84   -182.197        -234.278        434867.887      6478329.327     2.08      
2820.00   36.46     112.44    2713.26   -166.176        -241.128        434883.902      6478322.479     2.08      
2850.00   38.38     111.11    2737.08   -149.247        -247.885        434900.826      6478315.725     2.08      
2880.00   40.31     109.88    2760.28   -131.431        -254.539        434918.636      6478309.073     2.08      
2910.00   42.25     108.75    2782.83   -112.752        -261.082        434937.308      6478302.532     2.08      
2940.00   44.21     107.70    2804.68   -93.236         -267.505        434956.818      6478296.111     2.08      
2970.00   46.17     106.73    2825.83   -72.907         -273.801        434977.140      6478289.818     2.08      
3000.00   48.14     105.81    2846.23   -51.792         -279.959        434998.247      6478283.661     2.08      
3028.23   50.00     105.00    2864.72   -31.232         -285.622        435018.800      6478278.000     2.08      
